Container_size, 16777216,key_space, 74017
request bin, mean_latency, sd
0, 19.254470, 0.909521
1, 5.013770, 0.781680
2, 1.881680, 0.689155
3, 0.953260, 0.709227
4, 0.626660, 0.501991
5, 0.514480, 0.378890
6, 0.462850, 0.237219
7, 0.437740, 0.188874
8, 0.422180, 0.149062
9, 0.415040, 0.130068
10, 0.399250, 0.075028
11, 0.399950, 0.063877
12, 0.392310, 0.045339
13, 0.389790, 0.046783
14, 0.387760, 0.037711
15, 0.382390, 0.035446
16, 0.379760, 0.029535
17, 0.378600, 0.021364
18, 0.376010, 0.028148
19, 0.371620, 0.017620
20, 0.369240, 0.012886
21, 0.371010, 0.017183
22, 0.366330, 0.010288
23, 0.364900, 0.008843
24, 0.368610, 0.019545
25, 0.364720, 0.016484
26, 0.362910, 0.013565
27, 0.362130, 0.017282
28, 0.363230, 0.017097
29, 0.360040, 0.017050
30, 0.358000, 0.010781
31, 0.357300, 0.012825
32, 0.356780, 0.014269
33, 0.356790, 0.013939
34, 0.357110, 0.015189
35, 0.354780, 0.013206
36, 0.352400, 0.010661
37, 0.352770, 0.012714
38, 0.351680, 0.012101
39, 0.351080, 0.012269
40, 0.350280, 0.012275
41, 0.349140, 0.010151
42, 0.348990, 0.010204
43, 0.348490, 0.014968
44, 0.348060, 0.012266
45, 0.346280, 0.008160
46, 0.347160, 0.011973
47, 0.346380, 0.011264
48, 0.345590, 0.010865
49, 0.345030, 0.011032
50, 0.344140, 0.013469
51, 0.344460, 0.010981
52, 0.344250, 0.011320
53, 0.342610, 0.009003
54, 0.342900, 0.010303
55, 0.342240, 0.009212
56, 0.343120, 0.012344
57, 0.341750, 0.010425
58, 0.340960, 0.008551
59, 0.340570, 0.008813
60, 0.342100, 0.013080
61, 0.340160, 0.009035
62, 0.340980, 0.011267
63, 0.339530, 0.008941
64, 0.339370, 0.009101
65, 0.339820, 0.009663
66, 0.338830, 0.009037
67, 0.338970, 0.010273
68, 0.338430, 0.009052
69, 0.338080, 0.008729
70, 0.338790, 0.011976
71, 0.338840, 0.011788
72, 0.337900, 0.009952
73, 0.337630, 0.010727
74, 0.337300, 0.008721
75, 0.336520, 0.008590
76, 0.336650, 0.008931
77, 0.336420, 0.008221
78, 0.337320, 0.012098
79, 0.336130, 0.008793
80, 0.337190, 0.011352
81, 0.335950, 0.008999
82, 0.336010, 0.010049
83, 0.335410, 0.009233
84, 0.335410, 0.008494
85, 0.334880, 0.008170
86, 0.336060, 0.010905
87, 0.334620, 0.008229
88, 0.334720, 0.008578
89, 0.335550, 0.010192
90, 0.334350, 0.008027
91, 0.334360, 0.008810
92, 0.334680, 0.009594
93, 0.334080, 0.008743
94, 0.334170, 0.008764
95, 0.333730, 0.008136
96, 0.335080, 0.012314
97, 0.334250, 0.009359
98, 0.334180, 0.010713
99, 0.334070, 0.008350
100, 0.333310, 0.007830
101, 0.333690, 0.008763
102, 0.333740, 0.009892
103, 0.333940, 0.010357
104, 0.333080, 0.008465
105, 0.333020, 0.008096
106, 0.333240, 0.008785
107, 0.332800, 0.008042
108, 0.333500, 0.010106
109, 0.333340, 0.010479
110, 0.332820, 0.007938
111, 0.332910, 0.008710
112, 0.332380, 0.007721
113, 0.332620, 0.008368
114, 0.332560, 0.008801
115, 0.332220, 0.008143
116, 0.332380, 0.009060
117, 0.332610, 0.007995
118, 0.332000, 0.008658
119, 0.332260, 0.008478
120, 0.332080, 0.007752
121, 0.332130, 0.008517
122, 0.332250, 0.007789
123, 0.331920, 0.008363
124, 0.332560, 0.010254
125, 0.332130, 0.007638
126, 0.331970, 0.008988
127, 0.331870, 0.007665
128, 0.331980, 0.008167
129, 0.332410, 0.008537
130, 0.331960, 0.007664
131, 0.331760, 0.008767
132, 0.331880, 0.007616
133, 0.331600, 0.008486
134, 0.331900, 0.008173
135, 0.331730, 0.007975
136, 0.332130, 0.010715
137, 0.331850, 0.007649
138, 0.331520, 0.008500
139, 0.331750, 0.008131
140, 0.331600, 0.007777
141, 0.331650, 0.008037
142, 0.332030, 0.009830
143, 0.331250, 0.008414
144, 0.332340, 0.010319
145, 0.330990, 0.007536
146, 0.331570, 0.008784
147, 0.331360, 0.007704
148, 0.331290, 0.008211
149, 0.331580, 0.008480
150, 0.331290, 0.007492
151, 0.331140, 0.008424
152, 0.331530, 0.007433
153, 0.331310, 0.008448
154, 0.331130, 0.008594
155, 0.331260, 0.007577
156, 0.331260, 0.008480
157, 0.331010, 0.007296
158, 0.331370, 0.008433
159, 0.331110, 0.008183
160, 0.331440, 0.007657
161, 0.331130, 0.008133
162, 0.330980, 0.007675
163, 0.331050, 0.008235
164, 0.331170, 0.008374
165, 0.331080, 0.007760
166, 0.330980, 0.008217
167, 0.331030, 0.007710
168, 0.331050, 0.008340
169, 0.330950, 0.008057
170, 0.331070, 0.007316
171, 0.330800, 0.008269
172, 0.330840, 0.007351
173, 0.331270, 0.008120
174, 0.331070, 0.008536
175, 0.331100, 0.007590
176, 0.330840, 0.008583
177, 0.330980, 0.007395
178, 0.330930, 0.008161
179, 0.330750, 0.007745
180, 0.330840, 0.007444
181, 0.331060, 0.008275
182, 0.330780, 0.007421
183, 0.330980, 0.008083
184, 0.330890, 0.008316
185, 0.331040, 0.007543
186, 0.331050, 0.008404
187, 0.330730, 0.007130
188, 0.331150, 0.007883
189, 0.330780, 0.007833
190, 0.330880, 0.007631
191, 0.330850, 0.008121
192, 0.330590, 0.007584
193, 0.331010, 0.008148
194, 0.330720, 0.008251
195, 0.330960, 0.007365
196, 0.331050, 0.008055
197, 0.330970, 0.007581
198, 0.330980, 0.008427
199, 0.330660, 0.008146
200, 0.330850, 0.007173
201, 0.331040, 0.007979
202, 0.331020, 0.008120
203, 0.330690, 0.007110
204, 0.330770, 0.008128
205, 0.330780, 0.007456
206, 0.330870, 0.008162
207, 0.330870, 0.008315
208, 0.330680, 0.007466
209, 0.330980, 0.008395
210, 0.330770, 0.007371
211, 0.330850, 0.008081
212, 0.330850, 0.008000
213, 0.330580, 0.007393
214, 0.330720, 0.008138
215, 0.330680, 0.007442
216, 0.330690, 0.008062
217, 0.330640, 0.008107
218, 0.330670, 0.007282
219, 0.330750, 0.007862
220, 0.330880, 0.007476
221, 0.331220, 0.008271
222, 0.330670, 0.007763
223, 0.331030, 0.007106
224, 0.330860, 0.007999
225, 0.330670, 0.007127
226, 0.330890, 0.008197
227, 0.330670, 0.008071
228, 0.331040, 0.007322
229, 0.330720, 0.008331
230, 0.330320, 0.007348
231, 0.330860, 0.008070
232, 0.330790, 0.008160
233, 0.330710, 0.007270
234, 0.330710, 0.008012
235, 0.330500, 0.007357
236, 0.331090, 0.007975
237, 0.330850, 0.008404
238, 0.330760, 0.007290
239, 0.330700, 0.008099
240, 0.330700, 0.007557
241, 0.330760, 0.007999
242, 0.330650, 0.008042
243, 0.330630, 0.007202
244, 0.330930, 0.007887
245, 0.330850, 0.007383
246, 0.330750, 0.007983
247, 0.330580, 0.008306
248, 0.330600, 0.007254
249, 0.330850, 0.008147
250, 0.330810, 0.007270
251, 0.330680, 0.007990
252, 0.330480, 0.007910
253, 0.330440, 0.007097
254, 0.330820, 0.008079
255, 0.330650, 0.007073
256, 0.330700, 0.007793
257, 0.331010, 0.008362
258, 0.330620, 0.007276
259, 0.331110, 0.008208
260, 0.330700, 0.007316
261, 0.330820, 0.007962
262, 0.330740, 0.007918
263, 0.330490, 0.007295
264, 0.330790, 0.007854
265, 0.330760, 0.007349
266, 0.330630, 0.008020
267, 0.330660, 0.007858
268, 0.330610, 0.007643
269, 0.330760, 0.007932
270, 0.330530, 0.007264
271, 0.330710, 0.008019
272, 0.330960, 0.008694
273, 0.330640, 0.007058
274, 0.330970, 0.007952
275, 0.330460, 0.007127
276, 0.330650, 0.007708
277, 0.330700, 0.007877
278, 0.330710, 0.007493
279, 0.330680, 0.007816
280, 0.330750, 0.007509
281, 0.330800, 0.007879
282, 0.330800, 0.007835
283, 0.330890, 0.007285
284, 0.330830, 0.007888
285, 0.330650, 0.007125
286, 0.330780, 0.008053
287, 0.330710, 0.008051
288, 0.330700, 0.007441
289, 0.330980, 0.008211
290, 0.330290, 0.007196
291, 0.330720, 0.007957
292, 0.331000, 0.007857
293, 0.330600, 0.007314
294, 0.330760, 0.007762
295, 0.330550, 0.006953
296, 0.330480, 0.007998
297, 0.331040, 0.007659
298, 0.330630, 0.007721
299, 0.330820, 0.008346
300, 0.330740, 0.007176
301, 0.330550, 0.007890
302, 0.330580, 0.008028
303, 0.330490, 0.007384
304, 0.330790, 0.008003
305, 0.330750, 0.007518
306, 0.330880, 0.007812
307, 0.330580, 0.007976
308, 0.330390, 0.007339
309, 0.330850, 0.007624
310, 0.330710, 0.007373
311, 0.330770, 0.007754
312, 0.330600, 0.007760
313, 0.330370, 0.007245
314, 0.330790, 0.007890
315, 0.330580, 0.007326
316, 0.330650, 0.008045
317, 0.330890, 0.008265
318, 0.330780, 0.007022
319, 0.330740, 0.008187
320, 0.330590, 0.006940
321, 0.330670, 0.007828
322, 0.330940, 0.008017
323, 0.330640, 0.007270
324, 0.330420, 0.007696
325, 0.330760, 0.007051
326, 0.330580, 0.008051
327, 0.330740, 0.008125
328, 0.330580, 0.007439
329, 0.331000, 0.008367
330, 0.330550, 0.007173
331, 0.330650, 0.008045
332, 0.330740, 0.008078
333, 0.330830, 0.007261
334, 0.330690, 0.008120
335, 0.330660, 0.007551
336, 0.330720, 0.007892
337, 0.330800, 0.007686
338, 0.330580, 0.007199
339, 0.330680, 0.008267
340, 0.330750, 0.007246
341, 0.330780, 0.007651
342, 0.331220, 0.008534
343, 0.330480, 0.006995
344, 0.330520, 0.008158
345, 0.331010, 0.007274
346, 0.330570, 0.008044
347, 0.330860, 0.008022
348, 0.330520, 0.007367
349, 0.330810, 0.008206
350, 0.330520, 0.007127
351, 0.330750, 0.008116
352, 0.330550, 0.007969
353, 0.330680, 0.007091
354, 0.330640, 0.008146
355, 0.330680, 0.007296
356, 0.330670, 0.007836
357, 0.330570, 0.008107
358, 0.330690, 0.007347
359, 0.330680, 0.008233
360, 0.330640, 0.007619
361, 0.330700, 0.007813
362, 0.330390, 0.007874
363, 0.330620, 0.007105
364, 0.330660, 0.007985
365, 0.330560, 0.007238
366, 0.330670, 0.007432
367, 0.330510, 0.008415
368, 0.330650, 0.006911
369, 0.330750, 0.008080
370, 0.330980, 0.007846
371, 0.330670, 0.007654
372, 0.330460, 0.007942
373, 0.330860, 0.007017
374, 0.330480, 0.008112
375, 0.330570, 0.007346
376, 0.330660, 0.007948
377, 0.330700, 0.007794
378, 0.330800, 0.007253
379, 0.330670, 0.007922
380, 0.330550, 0.007641
381, 0.330890, 0.008152
382, 0.330680, 0.007966
383, 0.330670, 0.007176
384, 0.330580, 0.007697
385, 0.330420, 0.007983
386, 0.330750, 0.008774
387, 0.330540, 0.008300
388, 0.330740, 0.007881
389, 0.330910, 0.008045
390, 0.330720, 0.007778
391, 0.330860, 0.008410
392, 0.330600, 0.008603
393, 0.330780, 0.007603
394, 0.330880, 0.008528
395, 0.330560, 0.007831
396, 0.330960, 0.008657
397, 0.330930, 0.009018
398, 0.330670, 0.007466
399, 0.330580, 0.008437
400, 0.330610, 0.008827
401, 0.330980, 0.007846
402, 0.330620, 0.008150
403, 0.330880, 0.007563
404, 0.330620, 0.008299
405, 0.330820, 0.008540
406, 0.330830, 0.007684
407, 0.330940, 0.008484
408, 0.330850, 0.007693
409, 0.330750, 0.008464
410, 0.330830, 0.008399
411, 0.330450, 0.007405
412, 0.330620, 0.008632
413, 0.330790, 0.007697
414, 0.330740, 0.008500
415, 0.330840, 0.008828
416, 0.330730, 0.007602
417, 0.330700, 0.008398
418, 0.330760, 0.007810
419, 0.330720, 0.008261
420, 0.330570, 0.008378
421, 0.330940, 0.007459
422, 0.330390, 0.008207
423, 0.330470, 0.007169
424, 0.331000, 0.008443
425, 0.330740, 0.008181
426, 0.331060, 0.007633
427, 0.330600, 0.008119
428, 0.330370, 0.007649
429, 0.330900, 0.008541
430, 0.330750, 0.008430
431, 0.330900, 0.007569
432, 0.330630, 0.008378
433, 0.330440, 0.007607
434, 0.330950, 0.008175
435, 0.330650, 0.008299
436, 0.330900, 0.007401
437, 0.330470, 0.008177
438, 0.330680, 0.007707
439, 0.330830, 0.008199
440, 0.330780, 0.008792
441, 0.330620, 0.007610
442, 0.330570, 0.008384
443, 0.330800, 0.007266
444, 0.330820, 0.008571
445, 0.330740, 0.008347
446, 0.330650, 0.007426
447, 0.330710, 0.008326
448, 0.330650, 0.007286
449, 0.330780, 0.008142
450, 0.330670, 0.008810
451, 0.330500, 0.007384
452, 0.330690, 0.008324
453, 0.330560, 0.007163
454, 0.330830, 0.008319
455, 0.330760, 0.008122
456, 0.330540, 0.007344
457, 0.330690, 0.008187
458, 0.330700, 0.007311
459, 0.330650, 0.008123
460, 0.330720, 0.008811
461, 0.330610, 0.007513
462, 0.330900, 0.007979
463, 0.330720, 0.007587
464, 0.330810, 0.007929
465, 0.330680, 0.008486
466, 0.330580, 0.007549
467, 0.330930, 0.008119
468, 0.330580, 0.007522
469, 0.330730, 0.008305
470, 0.330660, 0.008374
471, 0.330290, 0.007414
472, 0.330730, 0.008086
473, 0.330570, 0.007418
474, 0.330810, 0.008165
475, 0.330540, 0.008001
476, 0.330630, 0.007524
477, 0.330590, 0.008243
478, 0.330680, 0.007326
479, 0.330750, 0.008154
480, 0.330680, 0.008015
481, 0.330750, 0.007826
482, 0.330870, 0.008430
483, 0.330530, 0.007593
484, 0.330690, 0.008142
485, 0.330760, 0.008194
486, 0.330740, 0.007441
487, 0.330860, 0.008076
488, 0.330270, 0.007377
489, 0.330730, 0.008126
490, 0.330750, 0.008118
491, 0.330900, 0.007584
492, 0.330860, 0.007977
493, 0.330410, 0.007342
494, 0.331020, 0.008440
495, 0.330740, 0.008082
496, 0.330550, 0.007341
497, 0.330750, 0.008235
498, 0.330500, 0.007539
499, 0.330590, 0.008159
500, 0.330810, 0.008013
501, 0.330590, 0.007401
502, 0.330870, 0.007985
503, 0.330870, 0.007333
504, 0.330700, 0.007954
505, 0.330600, 0.008022
506, 0.330770, 0.007796
507, 0.330730, 0.008271
508, 0.330630, 0.007258
509, 0.330610, 0.008027
510, 0.330720, 0.007908
511, 0.330520, 0.007426
512, 0.330910, 0.008010
513, 0.330750, 0.007177
514, 0.330890, 0.008328
515, 0.330930, 0.008495
516, 0.330560, 0.007582
517, 0.330670, 0.008006
518, 0.330720, 0.007393
519, 0.330610, 0.008113
520, 0.330480, 0.008373
521, 0.330580, 0.007429
522, 0.330700, 0.008104
523, 0.330630, 0.007652
524, 0.330580, 0.007931
525, 0.330770, 0.008010
526, 0.330630, 0.007216
527, 0.330710, 0.007781
528, 0.330650, 0.007285
529, 0.330470, 0.008048
530, 0.330690, 0.008336
531, 0.330480, 0.007503
532, 0.330540, 0.007845
533, 0.330740, 0.007135
534, 0.330600, 0.008093
535, 0.330810, 0.008027
536, 0.330880, 0.007209
537, 0.330540, 0.008094
538, 0.330750, 0.007275
539, 0.330540, 0.008227
540, 0.331020, 0.008218
541, 0.330490, 0.007463
542, 0.330570, 0.008008
543, 0.330880, 0.007057
544, 0.330320, 0.007856
545, 0.330670, 0.007991
546, 0.330460, 0.007368
547, 0.330680, 0.007997
548, 0.330890, 0.007412
549, 0.330650, 0.007726
550, 0.330670, 0.008011
551, 0.330610, 0.007140
552, 0.330740, 0.008423
553, 0.330680, 0.007117
554, 0.330610, 0.007881
555, 0.330670, 0.008080
556, 0.330500, 0.007012
557, 0.330620, 0.008107
558, 0.330630, 0.007348
559, 0.330890, 0.007834
560, 0.330560, 0.008329
561, 0.330730, 0.007474
562, 0.330590, 0.008239
563, 0.330770, 0.007021
564, 0.330820, 0.007740
565, 0.330490, 0.007988
566, 0.330650, 0.006949
567, 0.330950, 0.007798
568, 0.330460, 0.006877
569, 0.330750, 0.007992
570, 0.330520, 0.007866
571, 0.330860, 0.007088
572, 0.330750, 0.008299
573, 0.330730, 0.007380
574, 0.330520, 0.008089
575, 0.330670, 0.007927
576, 0.330850, 0.007039
577, 0.330500, 0.007867
578, 0.330520, 0.007311
579, 0.330780, 0.007973
580, 0.330610, 0.007940
581, 0.330840, 0.007355
582, 0.330760, 0.008338
583, 0.330680, 0.007299
584, 0.330830, 0.007962
585, 0.330660, 0.008074
586, 0.330830, 0.007696
587, 0.330750, 0.008254
588, 0.330460, 0.007205
589, 0.330910, 0.008337
590, 0.330580, 0.008337
591, 0.330620, 0.007295
592, 0.330820, 0.008261
593, 0.330360, 0.007318
594, 0.330830, 0.007983
595, 0.330740, 0.007860
596, 0.330680, 0.007388
597, 0.330740, 0.008061
598, 0.330430, 0.007322
599, 0.330910, 0.008109
600, 0.330540, 0.008068
601, 0.330570, 0.007083
602, 0.330890, 0.008492
603, 0.330530, 0.007422
604, 0.330720, 0.007837
605, 0.330470, 0.007982
606, 0.330870, 0.007259
607, 0.330760, 0.007814
608, 0.330650, 0.008165
609, 0.330680, 0.007075
610, 0.330430, 0.007920
611, 0.330850, 0.007162
612, 0.330690, 0.007787
613, 0.330780, 0.008168
614, 0.330450, 0.007134
615, 0.330800, 0.007990
616, 0.330700, 0.007174
617, 0.330460, 0.008081
618, 0.330740, 0.007993
619, 0.330710, 0.007285
620, 0.330790, 0.008194
621, 0.330740, 0.007517
622, 0.330740, 0.007917
623, 0.330760, 0.008165
624, 0.330940, 0.007340
625, 0.330860, 0.008393
626, 0.330770, 0.007343
627, 0.330880, 0.007807
628, 0.330560, 0.008116
629, 0.330870, 0.006878
630, 0.330620, 0.008179
631, 0.330380, 0.007158
632, 0.330900, 0.007856
633, 0.330460, 0.008411
634, 0.330940, 0.007421
635, 0.330680, 0.008046
636, 0.330320, 0.007413
637, 0.331050, 0.008023
638, 0.330300, 0.007801
639, 0.330870, 0.007511
640, 0.330630, 0.007825
641, 0.330330, 0.007328
642, 0.331310, 0.008425
643, 0.330660, 0.008112
644, 0.330760, 0.007260
645, 0.330650, 0.008215
646, 0.330350, 0.006985
647, 0.330800, 0.007939
648, 0.330790, 0.007814
649, 0.330670, 0.007576
650, 0.330450, 0.007943
651, 0.330440, 0.007209
652, 0.330700, 0.007969
653, 0.330620, 0.007972
654, 0.330370, 0.007176
655, 0.330940, 0.007894
656, 0.330710, 0.007080
657, 0.330670, 0.007894
658, 0.330690, 0.008057
659, 0.330490, 0.007340
660, 0.330780, 0.008038
661, 0.330720, 0.007334
662, 0.330710, 0.007970
663, 0.330550, 0.007878
664, 0.330590, 0.007347
665, 0.330730, 0.007726
666, 0.330690, 0.007262
667, 0.330700, 0.007778
668, 0.330630, 0.007900
669, 0.330570, 0.007139
670, 0.330740, 0.007805
671, 0.330510, 0.007271
672, 0.330740, 0.008073
673, 0.330620, 0.007746
674, 0.330470, 0.007272
675, 0.330930, 0.007898
676, 0.330510, 0.007414
677, 0.330800, 0.007799
678, 0.330680, 0.008072
679, 0.330710, 0.007275
680, 0.330750, 0.007973
681, 0.330490, 0.007591
682, 0.330870, 0.008212
683, 0.330700, 0.007953
684, 0.330920, 0.007488
685, 0.330690, 0.008169
686, 0.330660, 0.007454
687, 0.330680, 0.008136
688, 0.330840, 0.008214
689, 0.330500, 0.007124
690, 0.331000, 0.008425
691, 0.330660, 0.007681
692, 0.330980, 0.007974
693, 0.330770, 0.008236
694, 0.330670, 0.007551
695, 0.330720, 0.008194
696, 0.330680, 0.007082
697, 0.331090, 0.008425
698, 0.330890, 0.008148
699, 0.330590, 0.007091
700, 0.330920, 0.008236
701, 0.330300, 0.007255
702, 0.330770, 0.008250
703, 0.330890, 0.008035
704, 0.330670, 0.007408
705, 0.330840, 0.008184
706, 0.330560, 0.007174
707, 0.330510, 0.008086
708, 0.330830, 0.007870
709, 0.330520, 0.007191
710, 0.330930, 0.007949
711, 0.330600, 0.007432
712, 0.330710, 0.007820
713, 0.330910, 0.008366
714, 0.330560, 0.007695
715, 0.330990, 0.008218
716, 0.330710, 0.007395
717, 0.330900, 0.007910
718, 0.330700, 0.007861
719, 0.330260, 0.007226
720, 0.331130, 0.008193
721, 0.330830, 0.007427
722, 0.330690, 0.008246
723, 0.330650, 0.007980
724, 0.330730, 0.007661
725, 0.330780, 0.008841
726, 0.330740, 0.007199
727, 0.330470, 0.007930
728, 0.330860, 0.008064
729, 0.330560, 0.007209
730, 0.330810, 0.007867
731, 0.330590, 0.006775
732, 0.330850, 0.008709
733, 0.330800, 0.007930
734, 0.330640, 0.007215
735, 0.330560, 0.008296
736, 0.330790, 0.007289
737, 0.330490, 0.008170
738, 0.331040, 0.008446
739, 0.330680, 0.007112
740, 0.330630, 0.007894
741, 0.330790, 0.007452
742, 0.330470, 0.007841
743, 0.330780, 0.008024
744, 0.330650, 0.007252
745, 0.330660, 0.008140
746, 0.330840, 0.007088
747, 0.330500, 0.008026
748, 0.330800, 0.007908
749, 0.330500, 0.007548
750, 0.330520, 0.008050
751, 0.330870, 0.007219
752, 0.330400, 0.007759
753, 0.330780, 0.008028
754, 0.330400, 0.007279
755, 0.330690, 0.008318
756, 0.330760, 0.007247
757, 0.330730, 0.007950
758, 0.330640, 0.008166
759, 0.330430, 0.007327
760, 0.330720, 0.007883
761, 0.330660, 0.007228
762, 0.330830, 0.008190
763, 0.330530, 0.007801
764, 0.330800, 0.007366
765, 0.330740, 0.008167
766, 0.330520, 0.007434
767, 0.330920, 0.007985
768, 0.330630, 0.008012
769, 0.330690, 0.007000
770, 0.330650, 0.008191
771, 0.330420, 0.007067
772, 0.330740, 0.007918
773, 0.330540, 0.007979
774, 0.330830, 0.007108
775, 0.330680, 0.008311
776, 0.330540, 0.007373
777, 0.330730, 0.007793
778, 0.330420, 0.008079
779, 0.330710, 0.006947
780, 0.330770, 0.008241
781, 0.330730, 0.007321
782, 0.330800, 0.008019
783, 0.330560, 0.008073
784, 0.330680, 0.007373
785, 0.330460, 0.007907
786, 0.330630, 0.007467
787, 0.330680, 0.007851
788, 0.330460, 0.008088
789, 0.330730, 0.007496
790, 0.330790, 0.007831
791, 0.330380, 0.007277
792, 0.330690, 0.008011
793, 0.330820, 0.008068
794, 0.330490, 0.007515
795, 0.330730, 0.007907
796, 0.330670, 0.007538
797, 0.330770, 0.007572
798, 0.330580, 0.008028
799, 0.330610, 0.007155
800, 0.330680, 0.007937
801, 0.330440, 0.007454
802, 0.330790, 0.007627
803, 0.330670, 0.007904
804, 0.330830, 0.007295
805, 0.330770, 0.007795
806, 0.330650, 0.007885
807, 0.331260, 0.008407
808, 0.330440, 0.008084
809, 0.330710, 0.007505
810, 0.330640, 0.008311
811, 0.330410, 0.007966
812, 0.330670, 0.007426
813, 0.330670, 0.007861
814, 0.330750, 0.007219
815, 0.330470, 0.007836
816, 0.330740, 0.008056
817, 0.330600, 0.007217
818, 0.330650, 0.008047
819, 0.330750, 0.007062
820, 0.330620, 0.007978
821, 0.330690, 0.007820
822, 0.330590, 0.007431
823, 0.330610, 0.008167
824, 0.330770, 0.007435
825, 0.330710, 0.007928
826, 0.330800, 0.008136
827, 0.330650, 0.007156
828, 0.330480, 0.008269
829, 0.330540, 0.007127
830, 0.330820, 0.007777
831, 0.330760, 0.007949
832, 0.330710, 0.007193
833, 0.330690, 0.007784
834, 0.330270, 0.007158
835, 0.330740, 0.007992
836, 0.330400, 0.008036
837, 0.330780, 0.007531
838, 0.330730, 0.008089
839, 0.330340, 0.007154
840, 0.330830, 0.008020
841, 0.330590, 0.008313
842, 0.330960, 0.007318
843, 0.330580, 0.008001
844, 0.330400, 0.007376
845, 0.330940, 0.008042
846, 0.330340, 0.008110
847, 0.330800, 0.007489
848, 0.330620, 0.008052
849, 0.330690, 0.007222
850, 0.330940, 0.007829
851, 0.330760, 0.008184
852, 0.330510, 0.007434
853, 0.330900, 0.008052
854, 0.330650, 0.007120
855, 0.330790, 0.008059
856, 0.330610, 0.008112
857, 0.330680, 0.007669
858, 0.330820, 0.008123
859, 0.330630, 0.007341
860, 0.330760, 0.008095
861, 0.330640, 0.007866
862, 0.330680, 0.007168
863, 0.330820, 0.007928
864, 0.330580, 0.007077
865, 0.330890, 0.008104
866, 0.330660, 0.007798
867, 0.330580, 0.007144
868, 0.330810, 0.008116
869, 0.330670, 0.007395
870, 0.330510, 0.008038
871, 0.330690, 0.007884
872, 0.330600, 0.007506
873, 0.330790, 0.007767
874, 0.330520, 0.007294
875, 0.330650, 0.007797
876, 0.330630, 0.007943
877, 0.330570, 0.007627
878, 0.331090, 0.007979
879, 0.330390, 0.007327
880, 0.330600, 0.007855
881, 0.330900, 0.008212
882, 0.330620, 0.007010
883, 0.330610, 0.008119
884, 0.330650, 0.007301
885, 0.330540, 0.007719
886, 0.330700, 0.008106
887, 0.330650, 0.007616
888, 0.330690, 0.008090
889, 0.330600, 0.007235
890, 0.330800, 0.007607
891, 0.330820, 0.007806
892, 0.330680, 0.006978
893, 0.330830, 0.008185
894, 0.330430, 0.007125
895, 0.330810, 0.008165
896, 0.330680, 0.008014
897, 0.330730, 0.007244
898, 0.330870, 0.008391
899, 0.330480, 0.007134
900, 0.330530, 0.008057
901, 0.330870, 0.008121
902, 0.330710, 0.007322
903, 0.330920, 0.008066
904, 0.330390, 0.007438
905, 0.330790, 0.008060
906, 0.330710, 0.008155
907, 0.330490, 0.007484
908, 0.330710, 0.008277
909, 0.330520, 0.007352
910, 0.330470, 0.007667
911, 0.330950, 0.008104
912, 0.330330, 0.007154
913, 0.330870, 0.007758
914, 0.330570, 0.007142
915, 0.330800, 0.007999
916, 0.330750, 0.008044
917, 0.330430, 0.007189
918, 0.331050, 0.008091
919, 0.330360, 0.007376
920, 0.330730, 0.008032
921, 0.330900, 0.008074
922, 0.330450, 0.007150
923, 0.330840, 0.007955
924, 0.330520, 0.007413
925, 0.330620, 0.007929
926, 0.330840, 0.007975
927, 0.330670, 0.007442
928, 0.330960, 0.008082
929, 0.330570, 0.007150
930, 0.330580, 0.007914
931, 0.330760, 0.008088
932, 0.330560, 0.007188
933, 0.330690, 0.007990
934, 0.330810, 0.007413
935, 0.330460, 0.007894
936, 0.330610, 0.007857
937, 0.330700, 0.007045
938, 0.330750, 0.008243
939, 0.330810, 0.007266
940, 0.330510, 0.007779
941, 0.330600, 0.008250
942, 0.330810, 0.007173
943, 0.330340, 0.007919
944, 0.330700, 0.007230
945, 0.330510, 0.007977
946, 0.330600, 0.008072
947, 0.330710, 0.007052
948, 0.330620, 0.008111
949, 0.331040, 0.007384
950, 0.330730, 0.007732
951, 0.330830, 0.008062
952, 0.330540, 0.007253
953, 0.330630, 0.007844
954, 0.330810, 0.007068
955, 0.330650, 0.008172
956, 0.330750, 0.007802
957, 0.330610, 0.007013
958, 0.330600, 0.007944
959, 0.330860, 0.007944
960, 0.330630, 0.008190
961, 0.330600, 0.007761
962, 0.330570, 0.007250
963, 0.330810, 0.007849
964, 0.330570, 0.007246
965, 0.330670, 0.007731
966, 0.330770, 0.008024
967, 0.330440, 0.006920
968, 0.330510, 0.007895
969, 0.330540, 0.007279
970, 0.330720, 0.007818
971, 0.330370, 0.007894
972, 0.330800, 0.007290
973, 0.330590, 0.008140
974, 0.330780, 0.007160
975, 0.330840, 0.007746
976, 0.330620, 0.007898
977, 0.330710, 0.007282
978, 0.330630, 0.007853
979, 0.330350, 0.007386
980, 0.330700, 0.008152
981, 0.330630, 0.007584
982, 0.330960, 0.007185
983, 0.330500, 0.007731
984, 0.330560, 0.007453
985, 0.330920, 0.008153
986, 0.330760, 0.007916
987, 0.330660, 0.007272
988, 0.330540, 0.007735
989, 0.330640, 0.007475
990, 0.330850, 0.007921
991, 0.330520, 0.007790
992, 0.330510, 0.006955
993, 0.330830, 0.008021
994, 0.330470, 0.007361
995, 0.330690, 0.007947
996, 0.330620, 0.007682
997, 0.330590, 0.007327
998, 0.330880, 0.007865
999, 0.330500, 0.007330
1000, 0.330790, 0.008326
1001, 0.330610, 0.007876
1002, 0.330530, 0.007155
1003, 0.330690, 0.007966
1004, 0.330440, 0.006907
1005, 0.330880, 0.007915
1006, 0.330750, 0.007839
1007, 0.330460, 0.007055
1008, 0.330840, 0.007699
1009, 0.330390, 0.007412
1010, 0.330820, 0.008384
1011, 0.330420, 0.008217
1012, 0.330760, 0.007469
1013, 0.330500, 0.007954
1014, 0.330520, 0.007991
1015, 0.330840, 0.007219
1016, 0.330450, 0.007959
1017, 0.330700, 0.007305
1018, 0.330700, 0.007783
1019, 0.330760, 0.007863
1020, 0.330760, 0.007267
1021, 0.330680, 0.008010
1022, 0.330750, 0.007030
1023, 0.330700, 0.007954
1024, 0.330830, 0.008019
1025, 0.331120, 0.007114
1026, 0.330720, 0.007950
1027, 0.330590, 0.007060
1028, 0.330740, 0.007901
1029, 0.330620, 0.007819
1030, 0.330780, 0.007503
1031, 0.330720, 0.008077
1032, 0.330410, 0.007122
1033, 0.330740, 0.008240
1034, 0.330740, 0.008052
1035, 0.330980, 0.007182
1036, 0.330680, 0.007924
1037, 0.330410, 0.007558
1038, 0.330810, 0.007626
1039, 0.330380, 0.007958
1040, 0.331020, 0.007485
1041, 0.330560, 0.008020
1042, 0.330280, 0.007361
1043, 0.330990, 0.007831
1044, 0.330730, 0.008076
1045, 0.330620, 0.007423
1046, 0.330700, 0.008022
1047, 0.330600, 0.007338
1048, 0.330700, 0.008179
1049, 0.330620, 0.008011
1050, 0.330750, 0.007314
1051, 0.330690, 0.007971
1052, 0.330560, 0.007268
1053, 0.330800, 0.007823
1054, 0.330610, 0.008102
1055, 0.330690, 0.007256
1056, 0.330660, 0.007945
1057, 0.330600, 0.006948
1058, 0.330680, 0.007889
1059, 0.330690, 0.007819
1060, 0.330680, 0.007299
1061, 0.330700, 0.008310
1062, 0.330630, 0.007252
1063, 0.330690, 0.008076
1064, 0.330720, 0.007792
1065, 0.330480, 0.007053
1066, 0.330720, 0.007894
1067, 0.330620, 0.007147
1068, 0.330750, 0.008102
1069, 0.330610, 0.008150
1070, 0.330630, 0.007127
1071, 0.330850, 0.008275
1072, 0.330640, 0.007039
1073, 0.330820, 0.007872
1074, 0.330550, 0.007901
1075, 0.330520, 0.007025
1076, 0.330720, 0.007831
1077, 0.330450, 0.007338
1078, 0.330620, 0.007893
1079, 0.330780, 0.008174
1080, 0.330530, 0.007271
1081, 0.331040, 0.008184
1082, 0.330430, 0.007025
1083, 0.330730, 0.007907
1084, 0.330810, 0.007912
1085, 0.330600, 0.006956
1086, 0.330530, 0.007962
1087, 0.330490, 0.007310
1088, 0.330530, 0.007688
1089, 0.330620, 0.007756
1090, 0.330830, 0.007266
1091, 0.330560, 0.008202
1092, 0.330530, 0.007261
1093, 0.330570, 0.008203
1094, 0.330600, 0.008386
1095, 0.330750, 0.007230
1096, 0.330870, 0.008074
1097, 0.330780, 0.008012
1098, 0.330550, 0.008828
1099, 0.330920, 0.008626
1100, 0.330590, 0.008103
1101, 0.330740, 0.009480
1102, 0.330690, 0.008678
1103, 0.330740, 0.008797
1104, 0.330890, 0.009137
1105, 0.330620, 0.008421
1106, 0.331010, 0.009194
1107, 0.330760, 0.008742
1108, 0.330960, 0.009241
1109, 0.330880, 0.008920
1110, 0.330780, 0.008290
1111, 0.330930, 0.009091
1112, 0.330680, 0.008050
1113, 0.330540, 0.009131
1114, 0.331060, 0.008880
1115, 0.330670, 0.008485
1116, 0.331020, 0.009167
1117, 0.330570, 0.008165
1118, 0.330650, 0.008836
1119, 0.330940, 0.008580
1120, 0.330650, 0.007958
1121, 0.331090, 0.009201
1122, 0.330480, 0.007967
1123, 0.330820, 0.008819
1124, 0.330690, 0.008819
1125, 0.330700, 0.008220
1126, 0.330850, 0.008673
1127, 0.330730, 0.008316
1128, 0.330710, 0.008703
1129, 0.330830, 0.008743
1130, 0.330680, 0.007860
1131, 0.330800, 0.008879
1132, 0.330840, 0.008093
1133, 0.330720, 0.008721
1134, 0.330790, 0.008758
1135, 0.330740, 0.007817
1136, 0.330830, 0.009097
1137, 0.330910, 0.008349
1138, 0.330830, 0.008696
1139, 0.330730, 0.008861
1140, 0.330800, 0.007981
1141, 0.330650, 0.009066
1142, 0.330700, 0.007956
1143, 0.330520, 0.008513
1144, 0.331070, 0.008875
1145, 0.331060, 0.007987
1146, 0.330610, 0.009074
1147, 0.330850, 0.007887
1148, 0.330450, 0.008959
1149, 0.330610, 0.008479
1150, 0.330690, 0.007942
1151, 0.330780, 0.008582
1152, 0.331020, 0.007903
1153, 0.330610, 0.008713
1154, 0.330640, 0.008644
1155, 0.330640, 0.007589
1156, 0.330700, 0.008819
1157, 0.330910, 0.007637
1158, 0.330620, 0.008268
1159, 0.330780, 0.008417
1160, 0.330640, 0.007687
1161, 0.330780, 0.008843
1162, 0.330910, 0.007747
1163, 0.330690, 0.008206
1164, 0.330730, 0.008720
1165, 0.330720, 0.007673
1166, 0.330820, 0.008733
1167, 0.330760, 0.007819
1168, 0.330800, 0.008701
1169, 0.330700, 0.008695
1170, 0.330870, 0.007606
1171, 0.330690, 0.008808
1172, 0.330500, 0.007569
1173, 0.330820, 0.008609
1174, 0.330470, 0.008282
1175, 0.330600, 0.007438
1176, 0.330820, 0.008568
1177, 0.330670, 0.007637
1178, 0.330740, 0.008458
1179, 0.330780, 0.008541
1180, 0.330810, 0.007460
1181, 0.330740, 0.008992
1182, 0.330770, 0.007779
1183, 0.330750, 0.008328
1184, 0.330600, 0.008376
1185, 0.330830, 0.007694
1186, 0.330530, 0.008423
1187, 0.330700, 0.007316
1188, 0.330980, 0.008384
1189, 0.330550, 0.008273
1190, 0.330740, 0.007740
1191, 0.330670, 0.008572
1192, 0.330710, 0.007552
1193, 0.330710, 0.008266
1194, 0.330750, 0.008427
1195, 0.330670, 0.007466
1196, 0.330730, 0.008081
1197, 0.330300, 0.007781
1198, 0.330730, 0.008697
1199, 0.330770, 0.008153
1200, 0.330790, 0.007545
1201, 0.330850, 0.008576
1202, 0.330550, 0.007582
1203, 0.330780, 0.008323
1204, 0.330580, 0.008400
1205, 0.330690, 0.007545
1206, 0.330780, 0.008217
1207, 0.330460, 0.007449
1208, 0.330770, 0.007873
1209, 0.330530, 0.008426
1210, 0.330610, 0.007306
1211, 0.330730, 0.008560
1212, 0.330320, 0.007698
1213, 0.330970, 0.008225
1214, 0.330340, 0.008401
1215, 0.330760, 0.007310
1216, 0.330580, 0.008177
1217, 0.330450, 0.007521
1218, 0.331080, 0.007981
1219, 0.330280, 0.008028
1220, 0.331010, 0.007445
1221, 0.330700, 0.008557
1222, 0.330650, 0.008270
1223, 0.330660, 0.007504
1224, 0.330650, 0.008208
1225, 0.330550, 0.007316
1226, 0.330620, 0.008300
1227, 0.330850, 0.008010
1228, 0.330850, 0.007346
1229, 0.330670, 0.008239
1230, 0.330540, 0.007232
1231, 0.330510, 0.008282
1232, 0.330920, 0.007970
1233, 0.330630, 0.007412
1234, 0.330650, 0.008131
1235, 0.330400, 0.007297
1236, 0.330800, 0.007990
1237, 0.330710, 0.008227
1238, 0.330730, 0.007050
1239, 0.330770, 0.008217
1240, 0.330520, 0.007293
1241, 0.330930, 0.008148
1242, 0.330560, 0.008510
1243, 0.330730, 0.007061
1244, 0.330830, 0.008106
1245, 0.330250, 0.007494
1246, 0.331050, 0.008108
1247, 0.330500, 0.007821
1248, 0.330820, 0.007342
1249, 0.330790, 0.007964
1250, 0.330280, 0.007443
1251, 0.330860, 0.008268
1252, 0.330730, 0.008496
1253, 0.330800, 0.007403
1254, 0.330630, 0.008149
1255, 0.330550, 0.007335
1256, 0.330940, 0.008123
1257, 0.330540, 0.008232
1258, 0.330610, 0.007475
1259, 0.330670, 0.007809
1260, 0.330700, 0.007570
1261, 0.330900, 0.008003
1262, 0.330710, 0.008850
1263, 0.330580, 0.007502
1264, 0.330630, 0.008101
1265, 0.330680, 0.007412
1266, 0.330770, 0.007770
1267, 0.330490, 0.008204
1268, 0.330600, 0.007366
1269, 0.330770, 0.008241
1270, 0.330640, 0.007290
1271, 0.330810, 0.007877
1272, 0.330760, 0.008404
1273, 0.330510, 0.007444
1274, 0.330730, 0.007996
1275, 0.330530, 0.007124
1276, 0.330830, 0.007742
1277, 0.330800, 0.008230
1278, 0.330590, 0.007368
1279, 0.330730, 0.007989
1280, 0.330710, 0.007610
1281, 0.330680, 0.007912
1282, 0.330690, 0.008142
1283, 0.330560, 0.007400
1284, 0.330720, 0.007912
1285, 0.330680, 0.007596
1286, 0.330720, 0.007917
1287, 0.330700, 0.008008
1288, 0.330790, 0.007206
1289, 0.330840, 0.007807
1290, 0.330520, 0.007355
1291, 0.330870, 0.008011
1292, 0.330500, 0.008125
1293, 0.330560, 0.007064
1294, 0.330640, 0.007956
1295, 0.330430, 0.007330
1296, 0.330800, 0.007822
1297, 0.330880, 0.008061
1298, 0.330460, 0.007098
1299, 0.330740, 0.008127
1300, 0.330650, 0.007344
1301, 0.330560, 0.008085
1302, 0.330650, 0.008008
1303, 0.330550, 0.007322
1304, 0.330570, 0.008068
1305, 0.330500, 0.007386
1306, 0.330670, 0.008140
1307, 0.330690, 0.007771
1308, 0.330650, 0.007285
1309, 0.330790, 0.007883
1310, 0.330630, 0.007456
1311, 0.330620, 0.007870
1312, 0.330820, 0.007873
1313, 0.330690, 0.007530
1314, 0.330810, 0.008309
1315, 0.330530, 0.007075
1316, 0.330730, 0.007805
1317, 0.330840, 0.008333
1318, 0.330470, 0.007341
1319, 0.330940, 0.008306
1320, 0.330480, 0.007380
1321, 0.330700, 0.008045
1322, 0.330860, 0.008425
1323, 0.330750, 0.007807
1324, 0.330910, 0.008146
1325, 0.330460, 0.007359
1326, 0.330750, 0.008289
1327, 0.330820, 0.007926
1328, 0.330630, 0.007226
1329, 0.330570, 0.007954
1330, 0.330530, 0.007499
1331, 0.330880, 0.008259
1332, 0.330840, 0.008000
1333, 0.330720, 0.007893
1334, 0.330610, 0.007888
1335, 0.330550, 0.007342
1336, 0.330850, 0.008199
1337, 0.330650, 0.008105
1338, 0.331020, 0.007523
1339, 0.330780, 0.008244
1340, 0.330430, 0.007577
1341, 0.330710, 0.007973
1342, 0.330540, 0.008101
1343, 0.330730, 0.007600
1344, 0.330620, 0.008251
1345, 0.330570, 0.007403
1346, 0.330700, 0.008114
1347, 0.330640, 0.008426
1348, 0.330530, 0.006925
1349, 0.330680, 0.008137
1350, 0.331000, 0.007317
1351, 0.330820, 0.008117
1352, 0.330570, 0.008182
1353, 0.330910, 0.007796
1354, 0.330470, 0.008099
1355, 0.330750, 0.007423
1356, 0.330640, 0.008017
1357, 0.330730, 0.008052
1358, 0.330720, 0.007196
1359, 0.330690, 0.007888
1360, 0.330820, 0.006945
1361, 0.330810, 0.008143
1362, 0.330690, 0.007748
1363, 0.330750, 0.007568
1364, 0.330780, 0.008011
1365, 0.330880, 0.007488
1366, 0.330590, 0.008228
1367, 0.330600, 0.007927
1368, 0.330650, 0.007143
1369, 0.330780, 0.008204
1370, 0.330460, 0.007242
1371, 0.330880, 0.007931
1372, 0.330450, 0.008227
1373, 0.330870, 0.007295
1374, 0.330700, 0.008343
1375, 0.330680, 0.007506
1376, 0.330780, 0.008087
1377, 0.330590, 0.008162
1378, 0.330610, 0.007321
1379, 0.330560, 0.008015
1380, 0.330720, 0.007041
1381, 0.330900, 0.008026
1382, 0.330630, 0.008131
1383, 0.330790, 0.007107
1384, 0.330500, 0.008310
1385, 0.330620, 0.007281
1386, 0.330710, 0.008184
1387, 0.330770, 0.007989
1388, 0.330580, 0.007118
1389, 0.330810, 0.008073
1390, 0.330520, 0.007303
1391, 0.330640, 0.008073
1392, 0.330700, 0.008182
1393, 0.330650, 0.007268
1394, 0.330540, 0.008366
1395, 0.330580, 0.007260
1396, 0.330920, 0.008140
1397, 0.330610, 0.008169
1398, 0.330700, 0.007178
1399, 0.330760, 0.008075
1400, 0.330690, 0.007625
1401, 0.330810, 0.008051
1402, 0.330740, 0.007992
1403, 0.330840, 0.007479
1404, 0.330860, 0.008280
1405, 0.330460, 0.007292
1406, 0.330840, 0.007929
1407, 0.330600, 0.007902
1408, 0.330700, 0.007541
1409, 0.330660, 0.008058
1410, 0.330540, 0.007180
1411, 0.330800, 0.008141
1412, 0.330430, 0.007998
1413, 0.330670, 0.007378
1414, 0.330760, 0.008044
1415, 0.330370, 0.006830
1416, 0.330940, 0.008140
1417, 0.330360, 0.008132
1418, 0.330650, 0.007231
1419, 0.330600, 0.008061
1420, 0.330260, 0.007275
1421, 0.330980, 0.007972
1422, 0.330850, 0.008466
1423, 0.330940, 0.007247
1424, 0.330690, 0.008419
1425, 0.330630, 0.008113
1426, 0.330780, 0.007322
1427, 0.330650, 0.007883
1428, 0.330510, 0.007019
1429, 0.330660, 0.007844
1430, 0.330680, 0.007900
1431, 0.330700, 0.007353
1432, 0.330610, 0.008042
1433, 0.330730, 0.007444
1434, 0.330710, 0.008116
1435, 0.330810, 0.008022
1436, 0.330630, 0.007227
1437, 0.330580, 0.008201
1438, 0.330550, 0.007339
1439, 0.330600, 0.007971
1440, 0.330530, 0.007933
1441, 0.330710, 0.007209
1442, 0.330620, 0.007941
1443, 0.330470, 0.007301
1444, 0.330740, 0.007758
1445, 0.330670, 0.008296
1446, 0.330860, 0.007036
1447, 0.330670, 0.008003
1448, 0.330390, 0.007354
1449, 0.330920, 0.007956
1450, 0.330490, 0.007884
1451, 0.330810, 0.007390
1452, 0.330580, 0.008159
1453, 0.330340, 0.006966
1454, 0.331060, 0.007809
1455, 0.330530, 0.008300
1456, 0.330630, 0.006985
1457, 0.330820, 0.007948
1458, 0.330620, 0.007409
1459, 0.330810, 0.008072
1460, 0.330640, 0.008021
1461, 0.330550, 0.007104
1462, 0.330670, 0.007776
1463, 0.330430, 0.007131
1464, 0.330990, 0.007973
1465, 0.330690, 0.008297
1466, 0.330730, 0.007352
1467, 0.330680, 0.008076
1468, 0.330460, 0.007115
1469, 0.330790, 0.007921
1470, 0.330730, 0.008200
1471, 0.330630, 0.007360
1472, 0.330840, 0.007880
1473, 0.330480, 0.007562
1474, 0.330820, 0.007993
1475, 0.330550, 0.008107
1476, 0.330440, 0.007175
1477, 0.330770, 0.008050
1478, 0.330690, 0.007137
1479, 0.330790, 0.007775
1480, 0.330440, 0.008189
1481, 0.330630, 0.007452
1482, 0.330920, 0.008201
1483, 0.330470, 0.007134
1484, 0.330760, 0.007998
1485, 0.330640, 0.008250
1486, 0.330440, 0.007461
1487, 0.330770, 0.008400
1488, 0.330620, 0.007163
1489, 0.330810, 0.007883
1490, 0.330840, 0.008118
1491, 0.330670, 0.007550
1492, 0.330640, 0.007929
1493, 0.330610, 0.007651
1494, 0.330920, 0.008226
1495, 0.330710, 0.008091
1496, 0.330810, 0.007495
1497, 0.330680, 0.007966
1498, 0.330470, 0.007352
1499, 0.330680, 0.008011
1500, 0.330730, 0.007965
1501, 0.330520, 0.007374
1502, 0.330650, 0.007878
1503, 0.330730, 0.007154
1504, 0.330600, 0.007682
1505, 0.330890, 0.008046
1506, 0.330780, 0.007244
1507, 0.330850, 0.007963
1508, 0.330710, 0.007241
1509, 0.330760, 0.008036
1510, 0.330960, 0.008022
1511, 0.330490, 0.007357
1512, 0.330690, 0.007933
1513, 0.330270, 0.007347
1514, 0.330740, 0.007811
1515, 0.330830, 0.007870
1516, 0.330600, 0.007340
1517, 0.330690, 0.008201
1518, 0.330570, 0.007118
1519, 0.330800, 0.007913
1520, 0.330890, 0.008107
1521, 0.330580, 0.007520
1522, 0.330720, 0.007898
1523, 0.330640, 0.007208
1524, 0.330740, 0.007868
1525, 0.330710, 0.007802
1526, 0.330690, 0.007460
1527, 0.330850, 0.007808
1528, 0.330480, 0.007330
1529, 0.330650, 0.007844
1530, 0.330820, 0.007808
1531, 0.330610, 0.007420
1532, 0.330710, 0.008094
1533, 0.330510, 0.007345
1534, 0.330610, 0.007964
1535, 0.330610, 0.008110
1536, 0.330720, 0.007325
1537, 0.330650, 0.008095
1538, 0.330700, 0.007669
1539, 0.330690, 0.008152
1540, 0.330500, 0.007784
1541, 0.330610, 0.007154
1542, 0.330730, 0.007888
1543, 0.330840, 0.007364
1544, 0.330570, 0.007723
1545, 0.330760, 0.007961
1546, 0.330670, 0.007190
1547, 0.330770, 0.008190
1548, 0.330740, 0.007124
1549, 0.330360, 0.007852
1550, 0.330690, 0.007753
1551, 0.330600, 0.007436
1552, 0.330570, 0.007685
1553, 0.330830, 0.007603
1554, 0.330640, 0.008002
1555, 0.330800, 0.007984
1556, 0.330760, 0.007328
1557, 0.330340, 0.008217
1558, 0.330630, 0.006974
1559, 0.330480, 0.008022
1560, 0.330820, 0.007780
1561, 0.330510, 0.007201
1562, 0.330540, 0.008058
1563, 0.330890, 0.007378
1564, 0.330510, 0.008026
1565, 0.330740, 0.008054
1566, 0.330520, 0.007253
1567, 0.330730, 0.008370
1568, 0.330610, 0.007236
1569, 0.330700, 0.007520
1570, 0.330640, 0.008294
1571, 0.330550, 0.007223
1572, 0.330450, 0.007874
1573, 0.330630, 0.007158
1574, 0.330720, 0.007643
1575, 0.330630, 0.008044
1576, 0.330690, 0.007348
1577, 0.330580, 0.008385
1578, 0.330650, 0.007090
1579, 0.330900, 0.008112
1580, 0.330530, 0.008191
1581, 0.330690, 0.007037
1582, 0.330670, 0.007994
1583, 0.330620, 0.007112
1584, 0.330580, 0.007974
1585, 0.330430, 0.007753
1586, 0.330830, 0.006999
1587, 0.330520, 0.008282
1588, 0.330640, 0.007319
1589, 0.330620, 0.007638
1590, 0.330660, 0.007924
1591, 0.330680, 0.007072
1592, 0.330520, 0.007817
1593, 0.330620, 0.007280
1594, 0.330700, 0.008032
1595, 0.330770, 0.007779
1596, 0.330470, 0.007145
1597, 0.330630, 0.008181
1598, 0.330720, 0.007505
1599, 0.330860, 0.008059
1600, 0.330640, 0.008138
1601, 0.330540, 0.007203
1602, 0.330700, 0.008137
1603, 0.330660, 0.007139
1604, 0.330880, 0.008167
1605, 0.330730, 0.007922
1606, 0.330520, 0.007209
1607, 0.330910, 0.007996
1608, 0.330400, 0.007389
1609, 0.330970, 0.008205
1610, 0.330720, 0.008056
1611, 0.330510, 0.007087
1612, 0.330650, 0.007850
1613, 0.330320, 0.007356
1614, 0.330820, 0.008007
1615, 0.330710, 0.008005
1616, 0.330830, 0.007355
1617, 0.330700, 0.007986
1618, 0.330550, 0.007728
1619, 0.331380, 0.009655
1620, 0.330290, 0.008090
1621, 0.330810, 0.007254
1622, 0.330600, 0.007894
1623, 0.330570, 0.007129
1624, 0.330890, 0.007961
1625, 0.330280, 0.008128
1626, 0.330890, 0.007217
1627, 0.330670, 0.008304
1628, 0.330500, 0.008237
1629, 0.330840, 0.007086
1630, 0.330540, 0.007913
1631, 0.330660, 0.007052
1632, 0.330490, 0.007959
1633, 0.330660, 0.008043
1634, 0.330590, 0.007208
1635, 0.330660, 0.007874
1636, 0.330630, 0.007274
1637, 0.330610, 0.008206
1638, 0.330690, 0.008272
1639, 0.330690, 0.007410
1640, 0.330520, 0.007645
1641, 0.330650, 0.007243
1642, 0.330870, 0.007973
1643, 0.330690, 0.008016
1644, 0.330610, 0.007380
1645, 0.330710, 0.007936
1646, 0.330530, 0.007220
1647, 0.330830, 0.008006
1648, 0.330410, 0.008350
1649, 0.330780, 0.007155
1650, 0.330590, 0.008120
1651, 0.330270, 0.007270
1652, 0.331020, 0.007970
1653, 0.330650, 0.008138
1654, 0.330630, 0.007265
1655, 0.330670, 0.007804
1656, 0.330360, 0.007059
1657, 0.330990, 0.007886
1658, 0.330460, 0.007888
1659, 0.330810, 0.007299
1660, 0.330700, 0.007910
1661, 0.330470, 0.007171
1662, 0.330630, 0.007809
1663, 0.330640, 0.008021
1664, 0.330600, 0.007253
1665, 0.330540, 0.008232
1666, 0.330410, 0.007139
1667, 0.330790, 0.007959
1668, 0.330590, 0.007925
1669, 0.330690, 0.007240
1670, 0.330630, 0.008020
1671, 0.330600, 0.007108
1672, 0.330710, 0.007676
1673, 0.330530, 0.007861
1674, 0.330550, 0.007461
1675, 0.330720, 0.007768
1676, 0.330610, 0.007305
1677, 0.330930, 0.007940
1678, 0.330560, 0.008250
1679, 0.330530, 0.007391
1680, 0.330540, 0.007767
1681, 0.330680, 0.006994
1682, 0.330830, 0.007874
1683, 0.330530, 0.007983
1684, 0.330520, 0.007188
1685, 0.330860, 0.007774
1686, 0.330260, 0.006922
1687, 0.330790, 0.007816
1688, 0.330760, 0.007916
1689, 0.330580, 0.007392
1690, 0.330860, 0.007975
1691, 0.330560, 0.007139
1692, 0.330730, 0.007800
1693, 0.330690, 0.008020
1694, 0.330690, 0.007015
1695, 0.330650, 0.007974
1696, 0.330430, 0.007357
1697, 0.330780, 0.007849
1698, 0.330510, 0.008077
1699, 0.330810, 0.007319
1700, 0.330600, 0.007785
1701, 0.330570, 0.007360
1702, 0.330860, 0.007702
1703, 0.330600, 0.007883
1704, 0.330570, 0.007207
1705, 0.330370, 0.007828
1706, 0.330610, 0.007151
1707, 0.330570, 0.007591
1708, 0.330820, 0.007770
1709, 0.330500, 0.006979
1710, 0.330510, 0.008062
1711, 0.330740, 0.007037
1712, 0.330750, 0.008100
1713, 0.330860, 0.007698
1714, 0.330450, 0.007003
1715, 0.330470, 0.007774
1716, 0.330920, 0.007539
1717, 0.330590, 0.007740
1718, 0.330800, 0.008106
1719, 0.330770, 0.007328
1720, 0.331020, 0.008526
1721, 0.330590, 0.007510
1722, 0.331440, 0.011140
1723, 0.331010, 0.007899
1724, 0.330670, 0.007522
1725, 0.330980, 0.008595
1726, 0.330660, 0.007494
1727, 0.330630, 0.008184
1728, 0.330710, 0.007895
1729, 0.330420, 0.007302
1730, 0.330710, 0.008314
1731, 0.330600, 0.007401
1732, 0.330540, 0.007959
1733, 0.330750, 0.007897
1734, 0.330490, 0.007036
1735, 0.330940, 0.007798
1736, 0.330520, 0.007086
1737, 0.330720, 0.008051
1738, 0.330880, 0.008151
1739, 0.330540, 0.007177
1740, 0.330520, 0.008202
1741, 0.330380, 0.007252
1742, 0.330750, 0.008254
1743, 0.330760, 0.007964
1744, 0.330810, 0.007266
1745, 0.330720, 0.007786
1746, 0.330630, 0.007174
1747, 0.330670, 0.008003
1748, 0.330800, 0.007826
1749, 0.330860, 0.007169
1750, 0.330690, 0.008385
1751, 0.330460, 0.007252
1752, 0.330640, 0.007918
1753, 0.330530, 0.007714
1754, 0.330760, 0.007317
1755, 0.330510, 0.007833
1756, 0.330770, 0.007300
1757, 0.330540, 0.007765
1758, 0.330530, 0.008017
1759, 0.330570, 0.007381
1760, 0.330600, 0.007840
1761, 0.330750, 0.007122
1762, 0.330560, 0.007745
1763, 0.330640, 0.007916
1764, 0.330630, 0.007439
1765, 0.330630, 0.007954
1766, 0.330790, 0.007276
1767, 0.330510, 0.007789
1768, 0.330650, 0.008058
1769, 0.330510, 0.007029
1770, 0.330730, 0.007744
1771, 0.330710, 0.007425
1772, 0.330510, 0.007978
1773, 0.330720, 0.007837
1774, 0.330670, 0.006951
1775, 0.330730, 0.008084
1776, 0.330580, 0.007140
1777, 0.330530, 0.008115
1778, 0.330590, 0.007993
1779, 0.330690, 0.007012
1780, 0.330580, 0.008153
1781, 0.330770, 0.007356
1782, 0.330740, 0.007578
1783, 0.330470, 0.007666
1784, 0.330620, 0.007205
1785, 0.330880, 0.007803
1786, 0.330760, 0.007181
1787, 0.330730, 0.007775
1788, 0.330590, 0.007908
1789, 0.330650, 0.007050
1790, 0.330490, 0.007719
1791, 0.330810, 0.007730
1792, 0.330750, 0.007857
1793, 0.330670, 0.008170
1794, 0.330800, 0.007228
1795, 0.330350, 0.007881
1796, 0.330830, 0.007490
1797, 0.330760, 0.007978
1798, 0.330830, 0.007887
1799, 0.330490, 0.007142
1800, 0.330420, 0.007754
1801, 0.330510, 0.007104
1802, 0.330710, 0.008245
1803, 0.330710, 0.008225
1804, 0.330700, 0.007299
1805, 0.330360, 0.007787
1806, 0.330590, 0.006993
1807, 0.330780, 0.007627
1808, 0.330760, 0.007959
1809, 0.330750, 0.007097
1810, 0.330730, 0.007836
1811, 0.330660, 0.007301
1812, 0.330620, 0.008042
1813, 0.330560, 0.007841
1814, 0.330550, 0.007264
1815, 0.330820, 0.007767
1816, 0.330390, 0.006932
1817, 0.330730, 0.007930
1818, 0.330610, 0.007822
1819, 0.330700, 0.007076
1820, 0.330770, 0.007966
1821, 0.330420, 0.007024
1822, 0.331050, 0.007866
1823, 0.330440, 0.008020
1824, 0.330800, 0.007174
1825, 0.330570, 0.007855
1826, 0.330410, 0.007193
1827, 0.331060, 0.007903
1828, 0.330440, 0.007984
1829, 0.330810, 0.007038
1830, 0.330670, 0.007947
1831, 0.330320, 0.007325
1832, 0.330960, 0.008119
1833, 0.330580, 0.008206
1834, 0.330690, 0.007289
1835, 0.330700, 0.007868
1836, 0.330350, 0.007871
1837, 0.331090, 0.007140
1838, 0.330580, 0.008097
1839, 0.330620, 0.007446
1840, 0.330750, 0.008156
1841, 0.330740, 0.007982
1842, 0.330720, 0.007397
1843, 0.330360, 0.008150
1844, 0.330790, 0.007216
1845, 0.330870, 0.007920
1846, 0.330520, 0.008102
1847, 0.330710, 0.007015
1848, 0.330440, 0.008068
1849, 0.330440, 0.007060
1850, 0.330590, 0.007844
1851, 0.330310, 0.008008
1852, 0.330840, 0.007544
1853, 0.330620, 0.008010
1854, 0.330150, 0.007386
1855, 0.330880, 0.007931
1856, 0.330590, 0.008004
1857, 0.330960, 0.007440
1858, 0.330590, 0.007924
1859, 0.330380, 0.007144
1860, 0.330910, 0.007702
1861, 0.330560, 0.007965
1862, 0.330560, 0.007268
1863, 0.330770, 0.008664
1864, 0.330400, 0.007233
1865, 0.330820, 0.007722
1866, 0.330530, 0.007988
1867, 0.330510, 0.007019
1868, 0.330710, 0.008238
1869, 0.330460, 0.007129
1870, 0.330940, 0.008082
1871, 0.330650, 0.007938
1872, 0.330700, 0.007531
1873, 0.330740, 0.008195
1874, 0.330400, 0.007218
1875, 0.331020, 0.008370
1876, 0.330650, 0.008136
1877, 0.330650, 0.007242
1878, 0.330760, 0.008185
1879, 0.330540, 0.007465
1880, 0.330830, 0.008205
1881, 0.330580, 0.008103
1882, 0.330740, 0.007615
1883, 0.330840, 0.008435
1884, 0.330640, 0.007106
1885, 0.330870, 0.008159
1886, 0.330520, 0.008085
1887, 0.330660, 0.007026
1888, 0.330850, 0.008124
1889, 0.330340, 0.007285
1890, 0.330740, 0.007634
1891, 0.330580, 0.008239
1892, 0.330600, 0.007589
1893, 0.330940, 0.008279
1894, 0.330770, 0.007300
1895, 0.330840, 0.007997
1896, 0.330650, 0.008266
1897, 0.330480, 0.007500
1898, 0.330730, 0.007866
1899, 0.330300, 0.007117
1900, 0.330740, 0.007887
1901, 0.330890, 0.008134
1902, 0.330600, 0.006994
1903, 0.330790, 0.008091
1904, 0.330500, 0.006900
1905, 0.330900, 0.008166
1906, 0.330920, 0.007946
1907, 0.330470, 0.007015
1908, 0.330690, 0.008115
1909, 0.330620, 0.007144
1910, 0.330570, 0.008301
1911, 0.330860, 0.007814
1912, 0.330830, 0.007221
1913, 0.330660, 0.008092
1914, 0.330710, 0.007444
1915, 0.330560, 0.007979
1916, 0.330810, 0.007760
1917, 0.330410, 0.007345
1918, 0.330700, 0.008292
1919, 0.330640, 0.007353
1920, 0.330780, 0.007815
1921, 0.330680, 0.007865
1922, 0.330390, 0.007098
1923, 0.330780, 0.008248
1924, 0.330510, 0.007643
1925, 0.330800, 0.008135
1926, 0.330920, 0.007923
1927, 0.330390, 0.006951
1928, 0.330620, 0.007985
1929, 0.330580, 0.007231
1930, 0.330620, 0.007990
1931, 0.330790, 0.008004
1932, 0.330530, 0.007066
1933, 0.330870, 0.007806
1934, 0.330380, 0.007396
1935, 0.330600, 0.008123
1936, 0.330740, 0.007865
1937, 0.330660, 0.007073
1938, 0.330910, 0.008026
1939, 0.330450, 0.007283
1940, 0.330630, 0.008157
1941, 0.330880, 0.007863
1942, 0.330660, 0.007254
1943, 0.330750, 0.008019
1944, 0.330790, 0.007841
1945, 0.330580, 0.007988
1946, 0.330850, 0.008025
1947, 0.330560, 0.007341
1948, 0.330630, 0.008255
1949, 0.330660, 0.007301
1950, 0.330600, 0.008187
1951, 0.330650, 0.007824
1952, 0.330650, 0.007394
1953, 0.330520, 0.008094
1954, 0.330800, 0.007386
1955, 0.330520, 0.008209
1956, 0.330950, 0.007980
1957, 0.330390, 0.007456
1958, 0.330740, 0.008191
1959, 0.330740, 0.007410
1960, 0.330580, 0.007914
1961, 0.330570, 0.008148
1962, 0.330560, 0.007422
1963, 0.330420, 0.007839
1964, 0.330840, 0.007753
1965, 0.330510, 0.008257
1966, 0.330800, 0.008052
1967, 0.330590, 0.007220
1968, 0.330920, 0.008167
1969, 0.330650, 0.007337
1970, 0.330570, 0.007995
1971, 0.330680, 0.008104
1972, 0.330650, 0.007162
1973, 0.330490, 0.007982
1974, 0.330730, 0.007382
1975, 0.330740, 0.008448
1976, 0.330710, 0.007958
1977, 0.330520, 0.007128
1978, 0.330800, 0.008002
1979, 0.330620, 0.007427
1980, 0.330750, 0.007715
1981, 0.330540, 0.008237
1982, 0.330670, 0.007240
1983, 0.330530, 0.008246
1984, 0.330690, 0.007127
1985, 0.330890, 0.008217
1986, 0.330530, 0.008055
1987, 0.330840, 0.007263
1988, 0.330490, 0.008045
1989, 0.330860, 0.007320
1990, 0.330760, 0.007921
1991, 0.330570, 0.008108
1992, 0.330840, 0.007202
1993, 0.330550, 0.008138
1994, 0.330670, 0.007557
1995, 0.330650, 0.008061
1996, 0.330640, 0.008016
1997, 0.330720, 0.007276
1998, 0.330590, 0.008318
1999, 0.330810, 0.007314
2000, 0.330680, 0.007906
2001, 0.330750, 0.007944
