Container_size, 536870912,key_space, 2368548
request bin, mean_latency, sd
0, 46.515230, 2.309587
1, 38.131900, 2.058611
2, 34.147440, 1.892193
3, 30.791430, 1.729368
4, 28.179180, 1.547190
5, 25.818350, 1.454539
6, 23.757940, 1.490653
7, 21.934470, 1.371852
8, 20.408850, 1.242372
9, 19.098040, 1.130453
10, 17.953540, 1.158154
11, 16.867930, 1.105672
12, 15.873690, 1.113990
13, 15.012970, 1.071846
14, 14.338920, 1.071344
15, 13.563250, 0.987505
16, 12.886840, 1.020377
17, 12.337870, 1.066612
18, 11.667520, 1.012659
19, 11.167790, 1.076282
20, 10.613230, 1.068850
21, 10.280290, 1.035791
22, 9.763480, 0.988443
23, 9.356180, 1.037593
24, 8.961130, 1.025351
25, 8.632320, 1.081184
26, 8.284820, 1.067471
27, 7.933440, 1.058593
28, 7.620080, 1.080591
29, 7.344010, 1.041201
30, 6.987940, 1.128091
31, 6.779840, 1.060557
32, 6.488300, 1.072050
33, 6.249050, 1.029378
34, 6.087550, 1.163689
35, 5.835400, 1.074035
36, 5.683950, 1.055991
37, 5.452510, 1.066190
38, 5.245100, 1.008121
39, 5.023960, 1.070486
40, 4.923740, 1.009440
41, 4.694830, 1.016476
42, 4.523540, 1.088404
43, 4.378050, 1.046885
44, 4.232210, 1.115422
45, 4.101760, 1.114519
46, 3.948280, 1.048634
47, 3.897090, 1.071186
48, 3.733460, 1.047946
49, 3.598930, 1.061889
50, 3.554590, 1.022621
51, 3.427000, 1.098498
52, 3.271630, 1.063304
53, 3.239640, 1.067704
54, 3.108210, 1.019600
55, 3.009330, 1.054408
56, 2.959320, 1.000549
57, 2.881290, 1.054289
58, 2.802720, 1.000150
59, 2.686230, 1.027506
60, 2.609710, 0.975304
61, 2.573450, 0.989663
62, 2.461860, 0.976193
63, 2.452170, 1.029695
64, 2.368380, 0.990456
65, 2.312750, 1.063187
66, 2.263500, 0.977015
67, 2.207250, 0.936473
68, 2.170790, 1.037693
69, 2.126550, 0.937329
70, 2.054020, 0.953166
71, 2.015690, 0.908644
72, 1.965680, 0.962330
73, 1.925150, 0.902782
74, 1.897050, 0.950848
75, 1.852920, 0.920705
76, 1.815200, 0.959772
77, 1.773960, 0.896137
78, 1.744140, 0.887150
79, 1.710940, 0.860782
80, 1.688220, 0.884736
81, 1.646670, 0.889364
82, 1.629210, 0.898173
83, 1.576880, 0.861562
84, 1.574900, 0.865113
85, 1.511050, 0.851721
86, 1.511060, 0.843142
87, 1.494710, 0.885923
88, 1.448120, 0.794653
89, 1.438670, 0.839876
90, 1.429340, 0.870097
91, 1.413520, 0.837719
92, 1.376340, 0.739737
93, 1.373640, 0.848300
94, 1.354790, 0.827047
95, 1.347290, 0.864984
96, 1.306760, 0.734109
97, 1.304620, 0.808542
98, 1.280350, 0.765636
99, 1.280780, 0.763177
100, 1.252880, 0.809607
101, 1.236000, 0.776503
102, 1.229010, 0.790621
103, 1.199200, 0.733293
104, 1.191270, 0.728264
105, 1.183110, 0.762311
106, 1.179720, 0.757590
107, 1.167010, 0.741352
108, 1.153850, 0.717143
109, 1.138960, 0.732747
110, 1.131900, 0.731568
111, 1.126230, 0.665039
112, 1.115750, 0.647838
113, 1.108610, 0.687831
114, 1.113270, 0.679326
115, 1.100320, 0.700545
116, 1.081780, 0.710161
117, 1.080260, 0.660680
118, 1.066630, 0.662546
119, 1.053540, 0.687020
120, 1.048770, 0.604694
121, 1.041950, 0.588187
122, 1.047720, 0.710755
123, 1.020850, 0.633784
124, 1.026590, 0.577433
125, 1.004880, 0.572141
126, 1.016160, 0.599882
127, 1.001050, 0.578486
128, 0.992710, 0.610695
129, 1.010960, 0.687467
130, 0.977930, 0.548753
131, 0.980790, 0.577161
132, 0.985450, 0.579468
133, 0.976290, 0.598442
134, 0.960850, 0.540721
135, 0.970740, 0.600400
136, 0.947620, 0.513414
137, 0.954680, 0.517208
138, 0.947370, 0.524959
139, 0.942460, 0.531945
140, 0.945750, 0.517370
141, 0.941560, 0.545750
142, 0.940520, 0.526834
143, 0.935640, 0.507208
144, 0.921920, 0.458663
145, 0.929130, 0.499129
146, 0.926430, 0.512885
147, 0.919960, 0.456318
148, 0.913320, 0.487445
149, 0.911800, 0.451397
150, 0.909420, 0.454407
151, 0.901620, 0.424632
152, 0.904140, 0.475416
153, 0.907020, 0.509899
154, 0.903300, 0.468188
155, 0.897840, 0.429025
156, 0.905010, 0.450637
157, 0.889410, 0.428712
158, 0.883770, 0.432413
159, 0.882020, 0.394839
160, 0.888440, 0.417185
161, 0.889000, 0.437132
162, 0.885630, 0.441846
163, 0.888040, 0.463854
164, 0.880050, 0.414391
165, 0.879690, 0.408329
166, 0.870240, 0.403701
167, 0.873910, 0.409845
168, 0.866050, 0.386490
169, 0.870120, 0.400501
170, 0.870480, 0.398682
171, 0.872890, 0.470529
172, 0.865050, 0.417859
173, 0.866930, 0.423359
174, 0.861940, 0.399672
175, 0.857570, 0.373557
176, 0.853680, 0.402425
177, 0.853510, 0.359480
178, 0.855370, 0.366741
179, 0.852140, 0.336673
180, 0.854620, 0.354443
181, 0.857360, 0.360421
182, 0.851070, 0.378981
183, 0.851780, 0.377349
184, 0.847600, 0.340634
185, 0.849860, 0.346270
186, 0.852330, 0.351310
187, 0.839940, 0.318891
188, 0.846230, 0.362829
189, 0.844150, 0.335978
190, 0.853560, 0.384972
191, 0.845090, 0.317915
192, 0.843000, 0.343040
193, 0.841250, 0.323911
194, 0.835820, 0.303143
195, 0.835540, 0.265203
196, 0.833880, 0.281833
197, 0.838510, 0.343327
198, 0.841110, 0.318903
199, 0.831740, 0.296088
200, 0.836040, 0.319378
201, 0.831950, 0.298996
202, 0.831340, 0.292135
203, 0.833700, 0.319468
204, 0.834630, 0.304415
205, 0.827210, 0.262062
206, 0.825940, 0.243961
207, 0.833440, 0.305388
208, 0.827640, 0.264534
209, 0.822540, 0.229384
210, 0.826080, 0.261456
211, 0.825170, 0.272076
212, 0.826360, 0.285233
213, 0.828500, 0.283688
214, 0.821480, 0.225941
215, 0.822490, 0.282433
216, 0.822290, 0.272670
217, 0.822920, 0.234477
218, 0.818750, 0.255581
219, 0.825890, 0.291393
220, 0.817580, 0.199547
221, 0.816360, 0.243138
222, 0.817090, 0.231440
223, 0.816850, 0.241705
224, 0.816440, 0.230702
225, 0.817850, 0.216048
226, 0.817970, 0.237569
227, 0.812710, 0.207617
228, 0.816900, 0.219638
229, 0.813070, 0.206828
230, 0.812630, 0.191964
231, 0.814400, 0.216416
232, 0.811910, 0.225754
233, 0.814280, 0.237276
234, 0.810320, 0.189799
235, 0.813360, 0.206744
236, 0.813230, 0.226769
237, 0.816260, 0.217270
238, 0.817510, 0.191861
239, 0.823830, 0.226337
240, 0.826340, 0.190851
241, 0.822450, 0.207303
242, 0.819630, 0.232947
243, 0.811880, 0.175948
244, 0.807000, 0.183364
245, 0.809560, 0.221618
246, 0.807560, 0.208736
247, 0.802410, 0.161646
248, 0.806180, 0.183958
249, 0.806050, 0.194929
250, 0.807870, 0.187551
251, 0.799060, 0.144713
252, 0.808260, 0.195761
253, 0.799460, 0.157093
254, 0.802700, 0.161903
255, 0.801970, 0.167284
256, 0.802440, 0.164956
257, 0.802340, 0.151389
258, 0.801430, 0.168746
259, 0.804790, 0.199736
260, 0.800440, 0.149080
261, 0.800480, 0.168276
262, 0.799060, 0.131172
263, 0.795470, 0.151010
264, 0.799470, 0.137851
265, 0.804330, 0.174024
266, 0.797540, 0.142019
267, 0.798780, 0.161317
268, 0.798190, 0.151084
269, 0.798980, 0.156824
270, 0.798780, 0.164084
271, 0.794490, 0.139051
272, 0.801830, 0.144549
273, 0.795300, 0.135216
274, 0.794890, 0.122119
275, 0.798880, 0.154647
276, 0.793540, 0.139778
277, 0.795070, 0.153551
278, 0.795340, 0.130640
279, 0.794180, 0.128320
280, 0.791710, 0.125271
281, 0.796390, 0.151389
282, 0.795350, 0.120109
283, 0.791970, 0.132558
284, 0.792620, 0.128314
285, 0.793730, 0.119295
286, 0.790580, 0.102505
287, 0.793140, 0.111551
288, 0.796110, 0.119983
289, 0.792890, 0.118409
290, 0.793150, 0.114472
291, 0.790400, 0.117311
292, 0.790960, 0.110199
293, 0.792100, 0.123352
294, 0.791490, 0.096627
295, 0.790250, 0.101642
296, 0.785740, 0.081192
297, 0.788480, 0.100869
298, 0.785230, 0.094151
299, 0.793900, 0.127784
300, 0.789080, 0.100400
301, 0.787540, 0.104374
302, 0.787680, 0.105197
303, 0.788960, 0.099445
304, 0.787290, 0.092160
305, 0.787890, 0.105413
306, 0.788120, 0.100944
307, 0.783760, 0.089403
308, 0.787800, 0.105592
309, 0.787330, 0.089124
310, 0.788240, 0.110759
311, 0.788150, 0.116347
312, 0.787850, 0.090645
313, 0.788430, 0.101125
314, 0.784700, 0.086252
315, 0.783840, 0.083331
316, 0.781720, 0.067319
317, 0.785590, 0.094350
318, 0.785680, 0.090934
319, 0.787720, 0.092882
320, 0.786350, 0.102607
321, 0.785680, 0.096002
322, 0.783750, 0.082159
323, 0.783460, 0.095056
324, 0.785020, 0.085217
325, 0.785890, 0.075549
326, 0.785100, 0.079693
327, 0.787520, 0.108066
328, 0.783540, 0.089606
329, 0.782300, 0.074245
330, 0.782830, 0.096649
331, 0.785660, 0.097954
332, 0.781040, 0.071187
333, 0.780320, 0.076113
334, 0.782770, 0.063358
335, 0.783520, 0.089884
336, 0.783480, 0.075386
337, 0.778140, 0.063672
338, 0.781180, 0.081310
339, 0.781790, 0.050906
340, 0.779820, 0.065415
341, 0.779940, 0.071436
342, 0.780200, 0.081956
343, 0.775420, 0.056354
344, 0.776540, 0.054762
345, 0.777980, 0.041307
346, 0.782570, 0.077086
347, 0.781060, 0.076902
348, 0.781470, 0.072824
349, 0.778430, 0.053468
350, 0.779300, 0.075014
351, 0.776980, 0.063460
352, 0.779280, 0.066284
353, 0.778910, 0.065825
354, 0.778390, 0.053464
355, 0.779960, 0.054849
356, 0.780070, 0.055241
357, 0.774570, 0.045631
358, 0.776970, 0.059573
359, 0.776680, 0.062302
360, 0.773550, 0.052364
361, 0.776110, 0.046688
362, 0.779610, 0.062129
363, 0.777690, 0.035470
364, 0.776980, 0.052267
365, 0.779010, 0.079250
366, 0.775140, 0.037876
367, 0.778560, 0.053742
368, 0.777710, 0.042667
369, 0.774600, 0.029897
370, 0.782140, 0.060321
371, 0.790150, 0.060645
372, 0.788070, 0.044398
373, 0.787840, 0.048888
374, 0.786630, 0.058060
375, 0.780530, 0.052556
376, 0.777450, 0.039433
377, 0.775820, 0.044859
378, 0.773790, 0.045363
379, 0.776160, 0.052359
380, 0.778510, 0.072535
381, 0.777210, 0.062790
382, 0.774270, 0.050178
383, 0.773470, 0.049615
384, 0.773850, 0.043333
385, 0.774010, 0.039533
386, 0.772150, 0.033211
387, 0.771110, 0.032123
388, 0.771020, 0.044786
389, 0.774280, 0.039604
390, 0.772620, 0.056441
391, 0.774850, 0.057024
392, 0.772670, 0.031883
393, 0.774500, 0.061124
394, 0.769140, 0.048574
395, 0.772020, 0.047765
396, 0.770020, 0.034990
397, 0.770170, 0.039465
398, 0.772650, 0.057213
399, 0.772210, 0.035221
400, 0.767150, 0.035707
401, 0.770910, 0.034244
402, 0.769180, 0.034934
403, 0.770320, 0.029575
404, 0.771040, 0.029993
405, 0.773460, 0.048943
406, 0.767500, 0.038119
407, 0.773330, 0.040924
408, 0.770960, 0.032367
409, 0.770450, 0.039922
410, 0.769100, 0.033550
411, 0.770600, 0.041586
412, 0.769270, 0.027910
413, 0.770660, 0.042659
414, 0.772560, 0.030137
415, 0.765470, 0.019844
416, 0.768630, 0.033950
417, 0.771580, 0.045713
418, 0.769000, 0.030420
419, 0.769260, 0.032865
420, 0.766610, 0.031218
421, 0.770810, 0.033012
422, 0.767970, 0.023665
423, 0.768020, 0.028655
424, 0.767100, 0.020565
425, 0.768290, 0.034199
426, 0.768350, 0.044345
427, 0.769150, 0.022976
428, 0.768290, 0.030698
429, 0.767310, 0.033085
430, 0.767090, 0.024550
431, 0.766490, 0.027427
432, 0.767920, 0.037580
433, 0.766890, 0.036995
434, 0.766210, 0.020033
435, 0.766730, 0.034156
436, 0.762080, 0.018244
437, 0.762440, 0.018239
438, 0.767950, 0.022085
439, 0.767760, 0.040710
440, 0.765060, 0.021323
441, 0.763740, 0.019672
442, 0.766680, 0.032709
443, 0.763620, 0.023758
444, 0.768390, 0.033199
445, 0.765450, 0.026464
446, 0.763200, 0.034037
447, 0.765900, 0.024655
448, 0.762390, 0.020617
449, 0.768840, 0.026657
450, 0.760830, 0.023672
451, 0.765240, 0.020945
452, 0.764860, 0.025642
453, 0.764310, 0.025360
454, 0.763480, 0.024950
455, 0.764000, 0.029650
456, 0.764550, 0.027378
457, 0.762430, 0.022844
458, 0.762490, 0.023704
459, 0.767900, 0.027266
460, 0.763450, 0.017940
461, 0.762990, 0.018601
462, 0.762590, 0.032188
463, 0.762810, 0.026469
464, 0.764010, 0.018426
465, 0.764460, 0.021649
466, 0.761870, 0.017662
467, 0.762480, 0.020542
468, 0.764820, 0.023888
469, 0.763060, 0.021694
470, 0.763060, 0.021931
471, 0.761460, 0.018900
472, 0.759370, 0.018901
473, 0.761880, 0.021150
474, 0.756690, 0.018858
475, 0.766240, 0.019013
476, 0.760500, 0.022395
477, 0.761190, 0.021010
478, 0.764710, 0.018870
479, 0.762170, 0.030586
480, 0.765370, 0.025532
481, 0.759430, 0.017092
482, 0.760940, 0.020668
483, 0.764500, 0.018496
484, 0.761880, 0.020117
485, 0.760290, 0.020035
486, 0.762870, 0.019610
487, 0.759360, 0.022900
488, 0.759250, 0.020008
489, 0.760810, 0.018201
490, 0.756920, 0.018142
491, 0.760650, 0.016120
492, 0.760300, 0.022001
493, 0.756890, 0.019844
494, 0.760770, 0.017956
495, 0.761390, 0.023995
496, 0.759890, 0.020000
497, 0.757910, 0.017326
498, 0.760830, 0.019268
499, 0.758250, 0.016272
500, 0.760920, 0.025061
501, 0.757860, 0.016970
502, 0.759500, 0.019516
503, 0.761140, 0.017554
504, 0.758990, 0.018017
505, 0.758760, 0.021094
506, 0.758580, 0.016503
507, 0.760980, 0.024540
508, 0.761400, 0.018445
509, 0.765170, 0.027286
510, 0.762630, 0.030574
511, 0.773270, 0.033638
512, 0.766930, 0.032552
513, 0.777920, 0.037068
514, 0.769720, 0.031715
515, 0.770810, 0.029328
516, 0.761070, 0.025352
517, 0.759970, 0.019126
518, 0.758730, 0.016613
519, 0.760450, 0.016311
520, 0.757270, 0.019750
521, 0.756600, 0.018505
522, 0.759340, 0.018044
523, 0.756700, 0.015316
524, 0.758930, 0.019122
525, 0.756230, 0.019569
526, 0.757590, 0.019328
527, 0.755410, 0.019324
528, 0.759770, 0.017612
529, 0.753890, 0.020254
530, 0.758960, 0.019928
531, 0.756830, 0.020773
532, 0.756780, 0.016910
533, 0.754480, 0.019506
534, 0.756630, 0.020165
535, 0.754380, 0.015831
536, 0.756180, 0.015431
537, 0.756440, 0.017578
538, 0.755820, 0.017651
539, 0.759770, 0.021891
540, 0.756350, 0.020325
541, 0.754810, 0.016517
542, 0.756110, 0.020727
543, 0.760050, 0.018623
544, 0.756820, 0.017503
545, 0.756710, 0.019358
546, 0.754300, 0.020721
547, 0.757550, 0.018544
548, 0.758710, 0.018438
549, 0.757450, 0.019300
550, 0.753040, 0.017509
551, 0.757480, 0.017294
552, 0.756620, 0.021176
553, 0.757140, 0.019477
554, 0.754460, 0.019307
555, 0.754570, 0.017482
556, 0.753900, 0.018243
557, 0.758300, 0.017556
558, 0.754410, 0.018545
559, 0.757040, 0.019039
560, 0.752990, 0.016081
561, 0.757330, 0.017891
562, 0.754460, 0.020365
563, 0.755390, 0.017065
564, 0.758440, 0.025804
565, 0.755790, 0.019820
566, 0.757170, 0.019481
567, 0.753670, 0.018976
568, 0.755160, 0.018085
569, 0.754200, 0.019084
570, 0.757220, 0.019986
571, 0.753790, 0.017335
572, 0.753350, 0.018831
573, 0.752530, 0.018631
574, 0.754810, 0.017833
575, 0.753710, 0.016459
576, 0.755920, 0.017217
577, 0.755730, 0.020900
578, 0.754840, 0.019932
579, 0.755870, 0.021337
580, 0.751970, 0.018743
581, 0.754530, 0.018905
582, 0.754650, 0.019892
583, 0.752070, 0.016661
584, 0.751580, 0.017983
585, 0.753570, 0.017966
586, 0.755090, 0.020044
587, 0.752840, 0.017132
588, 0.751030, 0.018639
589, 0.756200, 0.018683
590, 0.752110, 0.017552
591, 0.754440, 0.017952
592, 0.755520, 0.019334
593, 0.751190, 0.020332
594, 0.755230, 0.017863
595, 0.752220, 0.020566
596, 0.751020, 0.018874
597, 0.753460, 0.019087
598, 0.751240, 0.018575
599, 0.752610, 0.017992
600, 0.752020, 0.019144
601, 0.751840, 0.021511
602, 0.753850, 0.017648
603, 0.751840, 0.019019
604, 0.752570, 0.019144
605, 0.750730, 0.017740
606, 0.750100, 0.016922
607, 0.752790, 0.017921
608, 0.749040, 0.017008
609, 0.753690, 0.021305
610, 0.752380, 0.024014
611, 0.750260, 0.019550
612, 0.752370, 0.020744
613, 0.750670, 0.017389
614, 0.751920, 0.017570
615, 0.753690, 0.018749
616, 0.749000, 0.017125
617, 0.751440, 0.024362
618, 0.751950, 0.019761
619, 0.752880, 0.019437
620, 0.750740, 0.019022
621, 0.752980, 0.024344
622, 0.750940, 0.020412
623, 0.749050, 0.016727
624, 0.751530, 0.018603
625, 0.753020, 0.021082
626, 0.749290, 0.017945
627, 0.751600, 0.017777
628, 0.755130, 0.021553
629, 0.749110, 0.016767
630, 0.749400, 0.018642
631, 0.749890, 0.018734
632, 0.750210, 0.020859
633, 0.753040, 0.018989
634, 0.750240, 0.017193
635, 0.747750, 0.016409
636, 0.752350, 0.020048
637, 0.747840, 0.017373
638, 0.753140, 0.017553
639, 0.752460, 0.019692
640, 0.750560, 0.018718
641, 0.751880, 0.019692
642, 0.751870, 0.024100
643, 0.748770, 0.019740
644, 0.750590, 0.017539
645, 0.752200, 0.021614
646, 0.750990, 0.018977
647, 0.750770, 0.016494
648, 0.745420, 0.018980
649, 0.747430, 0.018412
650, 0.748890, 0.015806
651, 0.749330, 0.019647
652, 0.753300, 0.018626
653, 0.747130, 0.017271
654, 0.749980, 0.018930
655, 0.752390, 0.023367
656, 0.750440, 0.019537
657, 0.750500, 0.022795
658, 0.752490, 0.022205
659, 0.754640, 0.027874
660, 0.760530, 0.032522
661, 0.762350, 0.032964
662, 0.759840, 0.032728
663, 0.759510, 0.028800
664, 0.759280, 0.030818
665, 0.757680, 0.028653
666, 0.747980, 0.020694
667, 0.746580, 0.018954
668, 0.750280, 0.021922
669, 0.751940, 0.022986
670, 0.747440, 0.019304
671, 0.747200, 0.017694
672, 0.747730, 0.023508
673, 0.747290, 0.022429
674, 0.749400, 0.020446
675, 0.745930, 0.021387
676, 0.750660, 0.016933
677, 0.746080, 0.016884
678, 0.749310, 0.019875
679, 0.750130, 0.017726
680, 0.747400, 0.021079
681, 0.749550, 0.022114
682, 0.743500, 0.019771
683, 0.750010, 0.019763
684, 0.746710, 0.022935
685, 0.750120, 0.020120
686, 0.748550, 0.019017
687, 0.748820, 0.023401
688, 0.748850, 0.022824
689, 0.747560, 0.017748
690, 0.748470, 0.018025
691, 0.749040, 0.016989
692, 0.747030, 0.023620
693, 0.748900, 0.022340
694, 0.747870, 0.020096
695, 0.748310, 0.019723
696, 0.749730, 0.019769
697, 0.751010, 0.023798
698, 0.749330, 0.019933
699, 0.746140, 0.021131
700, 0.749960, 0.021780
701, 0.745940, 0.023300
702, 0.750820, 0.019885
703, 0.747570, 0.019838
704, 0.749360, 0.021863
705, 0.747810, 0.023068
706, 0.746780, 0.019121
707, 0.745510, 0.020185
708, 0.749480, 0.023471
709, 0.747810, 0.019711
710, 0.748440, 0.020308
711, 0.746190, 0.021440
712, 0.747750, 0.018846
713, 0.746640, 0.018962
714, 0.745760, 0.021235
715, 0.749520, 0.021616
716, 0.747370, 0.022418
717, 0.745990, 0.021156
718, 0.745910, 0.020756
719, 0.747750, 0.018197
720, 0.750600, 0.021084
721, 0.747600, 0.019728
722, 0.746580, 0.020286
723, 0.744160, 0.016985
724, 0.749450, 0.021925
725, 0.743120, 0.017428
726, 0.745840, 0.017917
727, 0.744860, 0.023129
728, 0.745050, 0.019587
729, 0.746420, 0.021778
730, 0.746830, 0.019433
731, 0.746240, 0.021224
732, 0.748210, 0.020020
733, 0.748020, 0.019416
734, 0.747350, 0.019888
735, 0.747030, 0.019167
736, 0.746010, 0.017865
737, 0.746070, 0.021419
738, 0.745940, 0.020926
739, 0.749980, 0.020937
740, 0.748490, 0.017894
741, 0.744400, 0.018129
742, 0.746170, 0.022385
743, 0.748570, 0.018682
744, 0.744050, 0.017814
745, 0.746650, 0.021655
746, 0.747190, 0.021482
747, 0.743730, 0.019662
748, 0.744840, 0.018655
749, 0.744570, 0.021426
750, 0.744360, 0.020242
751, 0.744700, 0.022910
752, 0.745350, 0.022191
753, 0.746100, 0.019552
754, 0.743200, 0.022168
755, 0.743620, 0.020485
756, 0.745120, 0.022972
757, 0.748130, 0.023584
758, 0.745610, 0.019365
759, 0.748890, 0.021295
760, 0.741900, 0.020966
761, 0.746140, 0.023075
762, 0.745380, 0.022863
763, 0.746580, 0.022614
764, 0.744130, 0.022749
765, 0.744480, 0.023560
766, 0.747760, 0.020182
767, 0.749030, 0.021406
768, 0.744780, 0.020382
769, 0.744840, 0.020005
770, 0.747060, 0.020657
771, 0.743330, 0.020900
772, 0.744720, 0.019145
773, 0.746150, 0.018775
774, 0.746580, 0.022415
775, 0.744930, 0.019492
776, 0.745620, 0.020169
777, 0.744170, 0.024309
778, 0.746380, 0.019849
779, 0.746230, 0.021708
780, 0.748810, 0.022363
781, 0.744370, 0.019738
782, 0.745430, 0.022512
783, 0.747020, 0.022256
784, 0.746130, 0.021935
785, 0.743850, 0.023046
786, 0.744600, 0.021370
787, 0.745250, 0.017295
788, 0.745690, 0.018020
789, 0.745040, 0.023904
790, 0.746000, 0.021192
791, 0.744570, 0.021053
792, 0.740130, 0.020537
793, 0.747570, 0.021502
794, 0.744680, 0.022294
795, 0.747050, 0.023273
796, 0.746750, 0.020302
797, 0.744960, 0.024506
798, 0.744260, 0.018203
799, 0.742310, 0.022017
800, 0.743610, 0.023674
801, 0.746690, 0.022349
802, 0.744390, 0.019489
803, 0.744740, 0.022318
804, 0.745950, 0.019990
805, 0.743790, 0.021179
806, 0.741910, 0.023203
807, 0.747210, 0.023915
808, 0.746280, 0.020658
809, 0.748960, 0.020090
810, 0.741490, 0.020656
811, 0.747880, 0.022402
812, 0.742700, 0.022439
813, 0.746540, 0.020296
814, 0.741210, 0.020674
815, 0.745260, 0.025510
816, 0.744650, 0.021029
817, 0.749140, 0.023772
818, 0.752370, 0.033904
819, 0.753200, 0.030934
820, 0.761650, 0.032516
821, 0.758340, 0.035818
822, 0.754440, 0.031359
823, 0.756650, 0.030957
824, 0.750830, 0.026564
825, 0.744040, 0.022612
826, 0.744110, 0.022250
827, 0.743760, 0.019443
828, 0.745600, 0.022365
829, 0.741770, 0.019492
830, 0.741760, 0.022158
831, 0.744300, 0.023112
832, 0.743550, 0.019041
833, 0.743660, 0.020234
834, 0.744760, 0.023809
835, 0.748200, 0.026902
836, 0.744240, 0.022936
837, 0.744310, 0.023295
838, 0.745320, 0.022445
839, 0.740320, 0.022104
840, 0.745620, 0.022879
841, 0.743210, 0.021463
842, 0.748450, 0.024358
843, 0.746640, 0.022313
844, 0.745490, 0.020264
845, 0.744290, 0.021950
846, 0.744900, 0.023705
847, 0.743080, 0.023095
848, 0.746700, 0.021782
849, 0.744270, 0.020838
850, 0.744130, 0.019026
851, 0.747730, 0.026514
852, 0.743170, 0.019453
853, 0.744360, 0.021956
854, 0.747040, 0.023017
855, 0.744930, 0.023960
856, 0.746310, 0.022633
857, 0.743510, 0.022076
858, 0.747780, 0.019193
859, 0.742760, 0.019762
860, 0.741840, 0.022246
861, 0.745100, 0.022041
862, 0.744590, 0.023030
863, 0.747310, 0.023845
864, 0.744110, 0.021658
865, 0.745290, 0.023154
866, 0.748060, 0.019734
867, 0.740610, 0.021982
868, 0.745880, 0.023138
869, 0.741810, 0.021374
870, 0.744710, 0.022084
871, 0.747040, 0.023165
872, 0.741050, 0.020332
873, 0.743790, 0.024250
874, 0.745080, 0.020333
875, 0.742980, 0.023790
876, 0.742350, 0.023755
877, 0.745920, 0.022341
878, 0.748750, 0.020686
879, 0.742700, 0.021282
880, 0.743240, 0.021128
881, 0.746100, 0.021292
882, 0.740720, 0.022467
883, 0.745970, 0.021750
884, 0.743660, 0.021966
885, 0.742500, 0.021368
886, 0.746390, 0.022511
887, 0.744410, 0.020952
888, 0.744460, 0.021967
889, 0.744590, 0.023117
890, 0.744640, 0.022465
891, 0.748430, 0.026583
892, 0.742680, 0.022679
893, 0.744440, 0.021767
894, 0.741780, 0.023225
895, 0.741160, 0.023282
896, 0.743570, 0.019681
897, 0.745530, 0.023457
898, 0.741850, 0.020115
899, 0.742950, 0.023278
900, 0.742760, 0.022818
901, 0.743860, 0.021562
902, 0.749130, 0.024244
903, 0.743970, 0.024170
904, 0.743810, 0.024969
905, 0.743600, 0.022387
906, 0.745190, 0.023043
907, 0.741060, 0.022900
908, 0.745270, 0.024699
909, 0.745290, 0.023634
910, 0.746100, 0.022107
911, 0.741000, 0.023886
912, 0.745600, 0.020403
913, 0.743420, 0.022710
914, 0.744680, 0.022675
915, 0.745350, 0.020755
916, 0.745870, 0.025249
917, 0.741890, 0.024634
918, 0.745370, 0.023242
919, 0.750270, 0.022100
920, 0.743690, 0.020650
921, 0.740500, 0.023785
922, 0.742460, 0.022535
923, 0.746460, 0.023193
924, 0.746820, 0.024502
925, 0.744560, 0.023199
926, 0.742550, 0.022835
927, 0.742430, 0.020791
928, 0.746110, 0.023665
929, 0.739190, 0.022869
930, 0.746700, 0.023528
931, 0.745480, 0.025360
932, 0.746990, 0.024333
933, 0.746940, 0.023256
934, 0.743870, 0.021830
935, 0.745720, 0.025599
936, 0.748580, 0.022950
937, 0.746590, 0.025627
938, 0.745390, 0.024283
939, 0.748150, 0.024265
940, 0.742690, 0.025015
941, 0.747810, 0.023622
942, 0.742800, 0.022174
943, 0.745700, 0.019890
944, 0.744140, 0.024535
945, 0.747230, 0.023836
946, 0.742890, 0.022963
947, 0.750190, 0.026115
948, 0.742370, 0.023065
949, 0.744730, 0.021420
950, 0.745270, 0.021264
951, 0.743360, 0.023198
952, 0.747130, 0.023447
953, 0.744200, 0.023103
954, 0.744040, 0.023068
955, 0.745860, 0.025084
956, 0.743840, 0.023645
957, 0.743840, 0.024164
958, 0.742180, 0.024510
959, 0.745210, 0.024355
960, 0.745110, 0.022129
961, 0.744690, 0.024385
962, 0.742920, 0.023294
963, 0.741460, 0.020948
964, 0.746520, 0.024607
965, 0.740530, 0.020582
966, 0.740520, 0.025354
967, 0.750240, 0.025097
968, 0.743890, 0.024626
969, 0.748030, 0.021489
970, 0.741780, 0.023499
971, 0.743680, 0.022464
972, 0.745870, 0.022752
973, 0.741980, 0.025570
974, 0.746850, 0.025697
975, 0.745950, 0.024374
976, 0.743800, 0.023408
977, 0.744890, 0.022634
978, 0.749130, 0.025240
979, 0.742900, 0.021611
980, 0.744860, 0.024513
981, 0.745110, 0.022020
982, 0.746750, 0.023620
983, 0.743610, 0.023343
984, 0.744960, 0.023965
985, 0.749510, 0.024834
986, 0.745080, 0.024139
987, 0.745270, 0.027157
988, 0.752750, 0.032117
989, 0.753270, 0.030083
990, 0.754870, 0.034968
991, 0.763740, 0.038346
992, 0.756880, 0.031355
993, 0.748550, 0.030690
994, 0.752610, 0.031615
995, 0.748640, 0.030559
996, 0.748880, 0.028014
997, 0.746280, 0.026569
998, 0.751740, 0.024157
999, 0.743100, 0.023190
1000, 0.744680, 0.026693
1001, 0.745330, 0.021841
1002, 0.748220, 0.025939
1003, 0.747590, 0.024625
1004, 0.744030, 0.021773
1005, 0.747320, 0.023892
1006, 0.744680, 0.027972
1007, 0.746160, 0.025902
1008, 0.744630, 0.023953
1009, 0.748350, 0.025030
1010, 0.744870, 0.024788
1011, 0.747580, 0.025558
1012, 0.742850, 0.026782
1013, 0.751190, 0.024107
1014, 0.746740, 0.025130
1015, 0.742390, 0.025453
1016, 0.745420, 0.024374
1017, 0.743620, 0.025746
1018, 0.743730, 0.026030
1019, 0.743680, 0.025863
1020, 0.747860, 0.025204
1021, 0.745970, 0.025465
1022, 0.744800, 0.023290
1023, 0.749620, 0.024377
1024, 0.739320, 0.022694
1025, 0.748660, 0.024755
1026, 0.746660, 0.026842
1027, 0.743770, 0.024543
1028, 0.745440, 0.026217
1029, 0.747560, 0.024184
1030, 0.744510, 0.026101
1031, 0.749270, 0.024414
1032, 0.742490, 0.026147
1033, 0.744420, 0.024183
1034, 0.744740, 0.022924
1035, 0.748860, 0.025490
1036, 0.743430, 0.027374
1037, 0.742700, 0.024893
1038, 0.745820, 0.024479
1039, 0.746940, 0.026936
1040, 0.745720, 0.025203
1041, 0.744460, 0.028404
1042, 0.746150, 0.026671
1043, 0.743830, 0.023165
1044, 0.749890, 0.025064
1045, 0.744050, 0.024600
1046, 0.743340, 0.026579
1047, 0.750260, 0.025132
1048, 0.742450, 0.025836
1049, 0.747970, 0.030082
1050, 0.746940, 0.027331
1051, 0.749530, 0.028817
1052, 0.742170, 0.018858
1053, 0.746710, 0.024174
1054, 0.749340, 0.027345
1055, 0.744540, 0.025815
1056, 0.745570, 0.027445
1057, 0.745100, 0.026918
1058, 0.746640, 0.025913
1059, 0.744800, 0.026679
1060, 0.744870, 0.026930
1061, 0.746370, 0.025015
1062, 0.745880, 0.024388
1063, 0.747830, 0.022960
1064, 0.746830, 0.025257
1065, 0.746620, 0.025492
1066, 0.746790, 0.026683
1067, 0.749230, 0.025306
1068, 0.747570, 0.025499
1069, 0.746190, 0.028831
1070, 0.744080, 0.023886
1071, 0.748890, 0.025155
1072, 0.746020, 0.025688
1073, 0.747620, 0.024601
1074, 0.748820, 0.025713
1075, 0.744100, 0.024781
1076, 0.745240, 0.026085
1077, 0.746920, 0.025992
1078, 0.746910, 0.028550
1079, 0.748310, 0.026297
1080, 0.746340, 0.026458
1081, 0.746310, 0.024444
1082, 0.743180, 0.022111
1083, 0.750690, 0.027252
1084, 0.745360, 0.025429
1085, 0.749270, 0.029215
1086, 0.745910, 0.025169
1087, 0.744280, 0.026961
1088, 0.746540, 0.026039
1089, 0.743200, 0.025164
1090, 0.745310, 0.025897
1091, 0.745400, 0.026260
1092, 0.745950, 0.026334
1093, 0.743710, 0.027334
1094, 0.747800, 0.024391
1095, 0.750190, 0.027484
1096, 0.741690, 0.019055
1097, 0.747410, 0.026741
1098, 0.746570, 0.027526
1099, 0.746790, 0.026147
1100, 0.744240, 0.024263
1101, 0.745110, 0.023926
1102, 0.742720, 0.024384
1103, 0.747890, 0.027189
1104, 0.748420, 0.027043
1105, 0.744310, 0.025272
1106, 0.746540, 0.029591
1107, 0.746350, 0.026388
1108, 0.745490, 0.025444
1109, 0.747850, 0.025984
1110, 0.747700, 0.027271
1111, 0.746820, 0.024794
1112, 0.744560, 0.026031
1113, 0.747490, 0.026097
1114, 0.746330, 0.027144
1115, 0.749210, 0.026573
1116, 0.738250, 0.024251
1117, 0.751700, 0.026879
1118, 0.747880, 0.022812
1119, 0.745920, 0.026487
1120, 0.745560, 0.027497
1121, 0.747460, 0.025886
1122, 0.747420, 0.027671
1123, 0.748630, 0.028518
1124, 0.747180, 0.022343
1125, 0.748770, 0.026188
1126, 0.746370, 0.025916
1127, 0.749070, 0.030784
1128, 0.745710, 0.027490
1129, 0.746580, 0.025648
1130, 0.743460, 0.026609
1131, 0.749690, 0.026327
1132, 0.743810, 0.025355
1133, 0.744270, 0.028187
1134, 0.743440, 0.026206
1135, 0.746930, 0.023162
1136, 0.745620, 0.027762
1137, 0.744670, 0.024719
1138, 0.747810, 0.028274
1139, 0.744190, 0.027225
1140, 0.742750, 0.025928
1141, 0.749630, 0.026658
1142, 0.746860, 0.026353
1143, 0.743670, 0.029183
1144, 0.748640, 0.026085
1145, 0.741900, 0.025971
1146, 0.747850, 0.027992
1147, 0.739900, 0.027796
1148, 0.748480, 0.027284
1149, 0.749580, 0.028255
1150, 0.745550, 0.026339
1151, 0.741730, 0.026825
1152, 0.743970, 0.026421
1153, 0.746160, 0.027197
1154, 0.746130, 0.025934
1155, 0.747620, 0.024748
1156, 0.746420, 0.027096
1157, 0.742850, 0.025396
1158, 0.746170, 0.028318
1159, 0.748640, 0.029433
1160, 0.747010, 0.028157
1161, 0.743780, 0.025397
1162, 0.748380, 0.025134
1163, 0.742060, 0.024444
1164, 0.746050, 0.023179
1165, 0.744500, 0.024407
1166, 0.743790, 0.027106
1167, 0.751110, 0.027528
1168, 0.741440, 0.025215
1169, 0.743670, 0.026995
1170, 0.750790, 0.026841
1171, 0.746460, 0.029114
1172, 0.750370, 0.032524
1173, 0.751070, 0.032249
1174, 0.751620, 0.037770
1175, 0.755910, 0.039130
1176, 0.757920, 0.035311
1177, 0.755880, 0.035481
1178, 0.747170, 0.029534
1179, 0.749320, 0.029969
1180, 0.752900, 0.030336
1181, 0.747490, 0.026252
1182, 0.742920, 0.027953
1183, 0.746730, 0.026585
1184, 0.746360, 0.024933
1185, 0.746620, 0.029679
1186, 0.748650, 0.030398
1187, 0.747170, 0.025126
1188, 0.746060, 0.025983
1189, 0.744790, 0.025766
1190, 0.751630, 0.027269
1191, 0.746710, 0.024923
1192, 0.743420, 0.028248
1193, 0.748330, 0.027367
1194, 0.740980, 0.026808
1195, 0.750290, 0.029727
1196, 0.744110, 0.027591
1197, 0.749370, 0.025094
1198, 0.746200, 0.027520
1199, 0.747760, 0.027190
1200, 0.745470, 0.027308
1201, 0.747690, 0.029834
1202, 0.747250, 0.024854
1203, 0.744610, 0.027230
1204, 0.745350, 0.029478
1205, 0.744020, 0.027904
1206, 0.745420, 0.026378
1207, 0.744280, 0.027845
1208, 0.748900, 0.025456
1209, 0.741140, 0.026252
1210, 0.748330, 0.028725
1211, 0.745760, 0.029620
1212, 0.747120, 0.027804
1213, 0.748970, 0.029378
1214, 0.745370, 0.027348
1215, 0.746200, 0.029853
1216, 0.744210, 0.028213
1217, 0.746160, 0.028409
1218, 0.747150, 0.028267
1219, 0.746700, 0.028006
1220, 0.746650, 0.030064
1221, 0.744230, 0.026830
1222, 0.743210, 0.024470
1223, 0.745200, 0.028176
1224, 0.746810, 0.027174
1225, 0.742210, 0.027283
1226, 0.747800, 0.031610
1227, 0.744590, 0.026618
1228, 0.748540, 0.030494
1229, 0.742350, 0.027188
1230, 0.748620, 0.026562
1231, 0.747890, 0.027828
1232, 0.747480, 0.026052
1233, 0.743830, 0.028563
1234, 0.747020, 0.027728
1235, 0.744750, 0.028295
1236, 0.744750, 0.029665
1237, 0.745350, 0.027703
1238, 0.747340, 0.029212
1239, 0.743100, 0.025654
1240, 0.743130, 0.027547
1241, 0.749240, 0.026871
1242, 0.746250, 0.029410
1243, 0.738220, 0.026487
1244, 0.748750, 0.025656
1245, 0.744090, 0.025694
1246, 0.746490, 0.028187
1247, 0.746550, 0.026187
1248, 0.744520, 0.027506
1249, 0.752870, 0.027125
1250, 0.742370, 0.026208
1251, 0.743180, 0.028169
1252, 0.742270, 0.028211
1253, 0.748370, 0.028874
1254, 0.749230, 0.028408
1255, 0.745940, 0.028921
1256, 0.743300, 0.029188
1257, 0.746420, 0.028571
1258, 0.746240, 0.028724
1259, 0.746430, 0.028068
1260, 0.744860, 0.027256
1261, 0.744520, 0.029522
1262, 0.743880, 0.027674
1263, 0.746120, 0.026635
1264, 0.742700, 0.025256
1265, 0.746460, 0.028609
1266, 0.745500, 0.025539
1267, 0.742920, 0.024984
1268, 0.745130, 0.027905
1269, 0.740410, 0.026858
1270, 0.744450, 0.028850
1271, 0.744900, 0.026320
1272, 0.748000, 0.027415
1273, 0.740720, 0.026821
1274, 0.749110, 0.030300
1275, 0.746990, 0.026779
1276, 0.745870, 0.027503
1277, 0.748610, 0.025468
1278, 0.743460, 0.026274
1279, 0.746580, 0.027152
1280, 0.743720, 0.027685
1281, 0.746320, 0.029174
1282, 0.746670, 0.027284
1283, 0.741990, 0.025574
1284, 0.743670, 0.030846
1285, 0.743860, 0.027331
1286, 0.745940, 0.027842
1287, 0.740710, 0.027118
1288, 0.743500, 0.026866
1289, 0.746980, 0.029656
1290, 0.744500, 0.026050
1291, 0.745310, 0.027698
1292, 0.743650, 0.027906
1293, 0.741900, 0.031027
1294, 0.745990, 0.027304
1295, 0.745300, 0.025902
1296, 0.745070, 0.028100
1297, 0.744650, 0.025832
1298, 0.743410, 0.027954
1299, 0.745840, 0.028441
1300, 0.740950, 0.026440
1301, 0.746710, 0.028402
1302, 0.745490, 0.027208
1303, 0.744520, 0.026555
1304, 0.743350, 0.028434
1305, 0.746390, 0.025191
1306, 0.749820, 0.030499
1307, 0.742370, 0.026373
1308, 0.743140, 0.025939
1309, 0.742590, 0.026231
1310, 0.751170, 0.029581
1311, 0.739270, 0.026885
1312, 0.743140, 0.027332
1313, 0.748650, 0.028590
1314, 0.743160, 0.029974
1315, 0.742910, 0.027642
1316, 0.742340, 0.026700
1317, 0.746580, 0.026499
1318, 0.742100, 0.027442
1319, 0.744020, 0.030498
1320, 0.744190, 0.027650
1321, 0.744330, 0.027222
1322, 0.745010, 0.028393
1323, 0.741380, 0.029401
1324, 0.744050, 0.030376
1325, 0.746690, 0.027404
1326, 0.740610, 0.029163
1327, 0.743380, 0.029707
1328, 0.744630, 0.027803
1329, 0.741250, 0.029763
1330, 0.743400, 0.029394
1331, 0.741220, 0.027879
1332, 0.748130, 0.028143
1333, 0.744720, 0.028926
1334, 0.745280, 0.026675
1335, 0.743630, 0.025767
1336, 0.739830, 0.029649
1337, 0.744610, 0.026210
1338, 0.743460, 0.027793
1339, 0.742280, 0.029853
1340, 0.743260, 0.027673
1341, 0.746800, 0.027916
1342, 0.741760, 0.030998
1343, 0.746960, 0.030548
1344, 0.743330, 0.027716
1345, 0.743980, 0.027757
1346, 0.748850, 0.026706
1347, 0.736280, 0.026033
1348, 0.745230, 0.027154
1349, 0.742480, 0.028492
1350, 0.746400, 0.029084
1351, 0.741530, 0.030411
1352, 0.744590, 0.029247
1353, 0.740980, 0.027430
1354, 0.740430, 0.027050
1355, 0.745630, 0.029242
1356, 0.744400, 0.028596
1357, 0.740070, 0.026975
1358, 0.745250, 0.027325
1359, 0.738840, 0.027298
1360, 0.746770, 0.027675
1361, 0.740720, 0.026865
1362, 0.738290, 0.025652
1363, 0.743950, 0.027881
1364, 0.741260, 0.031747
1365, 0.744050, 0.032086
1366, 0.744080, 0.027909
1367, 0.743680, 0.031478
1368, 0.743840, 0.028801
1369, 0.742500, 0.028876
1370, 0.743830, 0.031094
1371, 0.750080, 0.032197
1372, 0.748920, 0.034426
1373, 0.749850, 0.033876
1374, 0.750850, 0.037447
1375, 0.754640, 0.037531
1376, 0.748720, 0.033686
1377, 0.750590, 0.031208
1378, 0.740460, 0.032695
1379, 0.744830, 0.029075
1380, 0.746020, 0.029351
1381, 0.741010, 0.028171
1382, 0.738400, 0.027838
1383, 0.740330, 0.027531
1384, 0.739590, 0.029027
1385, 0.742450, 0.027571
1386, 0.743020, 0.027853
1387, 0.741120, 0.027805
1388, 0.739720, 0.027492
1389, 0.744090, 0.028382
1390, 0.740460, 0.025080
1391, 0.741110, 0.029945
1392, 0.744920, 0.029388
1393, 0.739630, 0.029929
1394, 0.741250, 0.026351
1395, 0.739440, 0.030193
1396, 0.736660, 0.026805
1397, 0.739670, 0.027827
1398, 0.740270, 0.028945
1399, 0.745180, 0.028505
1400, 0.737540, 0.028300
1401, 0.742520, 0.028877
1402, 0.742090, 0.026765
1403, 0.738420, 0.026725
1404, 0.740140, 0.028186
1405, 0.744350, 0.027827
1406, 0.737180, 0.029801
1407, 0.739500, 0.026889
1408, 0.737910, 0.023938
1409, 0.738860, 0.026978
1410, 0.745520, 0.030994
1411, 0.734910, 0.028170
1412, 0.739250, 0.026526
1413, 0.741410, 0.030683
1414, 0.738360, 0.027171
1415, 0.743790, 0.028674
1416, 0.737280, 0.028903
1417, 0.743550, 0.027663
1418, 0.739270, 0.026738
1419, 0.738900, 0.026855
1420, 0.740090, 0.025817
1421, 0.739180, 0.026284
1422, 0.740920, 0.027099
1423, 0.736910, 0.025168
1424, 0.744460, 0.030445
1425, 0.733920, 0.027446
1426, 0.740220, 0.027982
1427, 0.742840, 0.028039
1428, 0.738610, 0.025669
1429, 0.736820, 0.028451
1430, 0.739120, 0.025897
1431, 0.741260, 0.026957
1432, 0.738060, 0.026669
1433, 0.739310, 0.028121
1434, 0.739100, 0.026843
1435, 0.737100, 0.025084
1436, 0.742810, 0.027729
1437, 0.738850, 0.028122
1438, 0.738490, 0.025821
1439, 0.738230, 0.029629
1440, 0.738230, 0.026247
1441, 0.735420, 0.027720
1442, 0.738700, 0.027847
1443, 0.742260, 0.029289
1444, 0.736810, 0.027510
1445, 0.739730, 0.026972
1446, 0.737910, 0.025769
1447, 0.739320, 0.028559
1448, 0.736390, 0.025760
1449, 0.737640, 0.025818
1450, 0.738340, 0.025892
1451, 0.740700, 0.028814
1452, 0.737160, 0.026151
1453, 0.742180, 0.029857
1454, 0.736600, 0.025891
1455, 0.738860, 0.028042
1456, 0.736870, 0.025575
1457, 0.740790, 0.028863
1458, 0.733490, 0.026968
1459, 0.738590, 0.028571
1460, 0.737370, 0.027340
1461, 0.735550, 0.025070
1462, 0.740810, 0.027300
1463, 0.740150, 0.028170
1464, 0.734850, 0.026566
1465, 0.737720, 0.027169
1466, 0.737980, 0.026797
1467, 0.739770, 0.027590
1468, 0.737840, 0.031176
1469, 0.741670, 0.030026
1470, 0.739500, 0.026566
1471, 0.736590, 0.026379
1472, 0.733230, 0.025988
1473, 0.742460, 0.028226
1474, 0.737810, 0.024961
1475, 0.734670, 0.025170
1476, 0.739730, 0.029226
1477, 0.736940, 0.026016
1478, 0.736660, 0.027277
1479, 0.739730, 0.030772
1480, 0.738430, 0.026969
1481, 0.737270, 0.026591
1482, 0.736340, 0.027974
1483, 0.737320, 0.026833
1484, 0.736590, 0.025985
1485, 0.735140, 0.027139
1486, 0.740740, 0.026543
1487, 0.736980, 0.028211
1488, 0.735890, 0.027439
1489, 0.737750, 0.027329
1490, 0.732620, 0.026194
1491, 0.734490, 0.025017
1492, 0.734900, 0.025603
1493, 0.732320, 0.026149
1494, 0.739150, 0.027669
1495, 0.736890, 0.026632
1496, 0.732720, 0.025781
1497, 0.734770, 0.026817
1498, 0.734740, 0.026105
1499, 0.736560, 0.026289
1500, 0.735580, 0.024594
1501, 0.737900, 0.028513
1502, 0.738850, 0.028069
1503, 0.732980, 0.025679
1504, 0.734950, 0.025486
1505, 0.734950, 0.026617
1506, 0.735310, 0.025142
1507, 0.734950, 0.028607
1508, 0.737160, 0.027406
1509, 0.735580, 0.022716
1510, 0.732860, 0.027251
1511, 0.741640, 0.026510
1512, 0.732350, 0.025905
1513, 0.731840, 0.027238
1514, 0.740770, 0.027354
1515, 0.735930, 0.027797
1516, 0.735130, 0.025607
1517, 0.735340, 0.025932
1518, 0.733730, 0.026314
1519, 0.735670, 0.027167
1520, 0.732410, 0.026867
1521, 0.735940, 0.026891
1522, 0.736720, 0.027923
1523, 0.733040, 0.024388
1524, 0.730960, 0.024528
1525, 0.735680, 0.027258
1526, 0.731070, 0.023079
1527, 0.734860, 0.025994
1528, 0.737220, 0.029118
1529, 0.735040, 0.025419
1530, 0.734000, 0.024591
1531, 0.736780, 0.026657
1532, 0.730170, 0.026395
1533, 0.735850, 0.026060
1534, 0.731790, 0.025583
1535, 0.739310, 0.026089
1536, 0.727680, 0.020581
1537, 0.737550, 0.027465
1538, 0.733900, 0.026991
1539, 0.735410, 0.026062
1540, 0.731330, 0.024252
1541, 0.736380, 0.028833
1542, 0.731390, 0.025363
1543, 0.737220, 0.027927
1544, 0.732650, 0.025777
1545, 0.736480, 0.026746
1546, 0.734750, 0.026671
1547, 0.732590, 0.025793
1548, 0.730130, 0.024324
1549, 0.737110, 0.028139
1550, 0.734540, 0.027528
1551, 0.733030, 0.028883
1552, 0.738390, 0.028226
1553, 0.732290, 0.027536
1554, 0.734640, 0.027618
1555, 0.735380, 0.027949
1556, 0.733700, 0.024595
1557, 0.732050, 0.024706
1558, 0.736590, 0.026741
1559, 0.732890, 0.024252
1560, 0.731920, 0.025071
1561, 0.733720, 0.025451
1562, 0.732630, 0.024624
1563, 0.731340, 0.025500
1564, 0.731040, 0.025606
1565, 0.741660, 0.027442
1566, 0.728020, 0.024833
1567, 0.728480, 0.023965
1568, 0.736970, 0.029051
1569, 0.730380, 0.027284
1570, 0.736110, 0.026856
1571, 0.730140, 0.027119
1572, 0.727000, 0.024528
1573, 0.728730, 0.024108
1574, 0.733510, 0.027135
1575, 0.735000, 0.025864
1576, 0.731340, 0.027161
1577, 0.729080, 0.025488
1578, 0.728990, 0.025291
1579, 0.734800, 0.029466
1580, 0.737290, 0.026710
1581, 0.724700, 0.024580
1582, 0.730890, 0.026747
1583, 0.729060, 0.026457
1584, 0.730520, 0.026372
1585, 0.730880, 0.025009
1586, 0.729870, 0.024621
1587, 0.733440, 0.028618
1588, 0.732480, 0.027222
1589, 0.732890, 0.029331
1590, 0.739790, 0.036403
1591, 0.739280, 0.033103
1592, 0.743210, 0.037370
1593, 0.736930, 0.033187
1594, 0.738060, 0.033135
1595, 0.734850, 0.031539
1596, 0.731730, 0.027815
1597, 0.737460, 0.029871
1598, 0.727870, 0.022406
1599, 0.732280, 0.027112
1600, 0.729270, 0.025322
1601, 0.724610, 0.020302
1602, 0.730740, 0.024473
1603, 0.732600, 0.025503
1604, 0.730280, 0.026177
1605, 0.729270, 0.026543
1606, 0.726510, 0.024593
1607, 0.727590, 0.025997
1608, 0.730820, 0.025437
1609, 0.732260, 0.025506
1610, 0.727770, 0.023744
1611, 0.734100, 0.025985
1612, 0.728660, 0.024883
1613, 0.727150, 0.024867
1614, 0.729300, 0.024423
1615, 0.728370, 0.026134
1616, 0.731660, 0.026061
1617, 0.726930, 0.026737
1618, 0.728070, 0.024601
1619, 0.730600, 0.024082
1620, 0.726340, 0.020466
1621, 0.727130, 0.024912
1622, 0.730770, 0.024988
1623, 0.727510, 0.024685
1624, 0.729530, 0.023559
1625, 0.728070, 0.026581
1626, 0.724940, 0.021977
1627, 0.727970, 0.027382
1628, 0.724770, 0.023157
1629, 0.729460, 0.023599
1630, 0.729430, 0.024411
1631, 0.725460, 0.025751
1632, 0.726850, 0.025556
1633, 0.731310, 0.028613
1634, 0.726920, 0.025952
1635, 0.727220, 0.026223
1636, 0.727670, 0.026386
1637, 0.726660, 0.022852
1638, 0.729990, 0.025592
1639, 0.730470, 0.025956
1640, 0.725320, 0.022881
1641, 0.728050, 0.026345
1642, 0.730270, 0.025361
1643, 0.724340, 0.022476
1644, 0.725120, 0.022999
1645, 0.727780, 0.023367
1646, 0.730090, 0.022696
1647, 0.727330, 0.022311
1648, 0.731270, 0.024367
1649, 0.723080, 0.026088
1650, 0.727820, 0.023239
1651, 0.726920, 0.023165
1652, 0.724670, 0.021015
1653, 0.726260, 0.025598
1654, 0.724490, 0.024428
1655, 0.726170, 0.026104
1656, 0.725860, 0.025503
1657, 0.725610, 0.027516
1658, 0.728730, 0.026367
1659, 0.724290, 0.022470
1660, 0.726040, 0.024347
1661, 0.724160, 0.022268
1662, 0.725290, 0.026400
1663, 0.726210, 0.024572
1664, 0.723060, 0.023157
1665, 0.724460, 0.027557
1666, 0.725200, 0.025835
1667, 0.725430, 0.023562
1668, 0.727370, 0.023700
1669, 0.729520, 0.022657
1670, 0.725320, 0.024251
1671, 0.721900, 0.024949
1672, 0.724270, 0.026227
1673, 0.725930, 0.027467
1674, 0.727360, 0.024528
1675, 0.722930, 0.023156
1676, 0.725600, 0.026328
1677, 0.722240, 0.025943
1678, 0.722990, 0.022137
1679, 0.724750, 0.025937
1680, 0.728560, 0.025510
1681, 0.724000, 0.024082
1682, 0.725190, 0.024713
1683, 0.721740, 0.022275
1684, 0.724950, 0.025686
1685, 0.723710, 0.023301
1686, 0.720470, 0.020940
1687, 0.725150, 0.024719
1688, 0.727760, 0.027362
1689, 0.720930, 0.018727
1690, 0.724170, 0.022909
1691, 0.722730, 0.021748
1692, 0.725470, 0.022764
1693, 0.721460, 0.021911
1694, 0.725900, 0.024182
1695, 0.725720, 0.024016
1696, 0.725140, 0.024539
1697, 0.722150, 0.023414
1698, 0.728050, 0.023383
1699, 0.723580, 0.022982
1700, 0.723130, 0.020071
1701, 0.724530, 0.024728
1702, 0.725410, 0.025613
1703, 0.725090, 0.026884
1704, 0.722020, 0.022580
1705, 0.720530, 0.023245
1706, 0.723730, 0.025381
1707, 0.721780, 0.024761
1708, 0.723190, 0.023105
1709, 0.721090, 0.020349
1710, 0.722840, 0.025129
1711, 0.723940, 0.025679
1712, 0.721220, 0.021324
1713, 0.722290, 0.022544
1714, 0.721110, 0.021859
1715, 0.725030, 0.023096
1716, 0.722260, 0.022108
1717, 0.722880, 0.023531
1718, 0.718100, 0.024267
1719, 0.721870, 0.024172
1720, 0.719010, 0.021283
1721, 0.722010, 0.020822
1722, 0.722600, 0.024821
1723, 0.722460, 0.022454
1724, 0.723820, 0.023590
1725, 0.719450, 0.022346
1726, 0.718490, 0.017849
1727, 0.721100, 0.024312
1728, 0.727670, 0.025942
1729, 0.719920, 0.021743
1730, 0.721610, 0.021157
1731, 0.725240, 0.024777
1732, 0.719770, 0.024722
1733, 0.719770, 0.019278
1734, 0.718230, 0.021943
1735, 0.722000, 0.026147
1736, 0.719970, 0.023562
1737, 0.716780, 0.023100
1738, 0.723510, 0.022239
1739, 0.719630, 0.022042
1740, 0.724950, 0.023683
1741, 0.719730, 0.024377
1742, 0.721540, 0.023266
1743, 0.721840, 0.022168
1744, 0.721490, 0.021730
1745, 0.718940, 0.025872
1746, 0.722440, 0.023419
1747, 0.721790, 0.025589
1748, 0.721460, 0.023138
1749, 0.717930, 0.022713
1750, 0.720250, 0.022024
1751, 0.721990, 0.023795
1752, 0.716800, 0.024561
1753, 0.718620, 0.023233
1754, 0.719440, 0.022970
1755, 0.717220, 0.020694
1756, 0.719660, 0.023115
1757, 0.716210, 0.017412
1758, 0.718880, 0.026139
1759, 0.719150, 0.022833
1760, 0.719370, 0.022784
1761, 0.718370, 0.023851
1762, 0.721260, 0.021525
1763, 0.720710, 0.024926
1764, 0.717320, 0.017978
1765, 0.718950, 0.021080
1766, 0.719110, 0.021250
1767, 0.719750, 0.023907
1768, 0.720060, 0.023397
1769, 0.718210, 0.023585
1770, 0.717600, 0.022961
1771, 0.717560, 0.023461
1772, 0.720100, 0.022764
1773, 0.720400, 0.020792
1774, 0.716800, 0.019707
1775, 0.718930, 0.022769
1776, 0.715420, 0.021579
1777, 0.718380, 0.025245
1778, 0.718260, 0.021401
1779, 0.716230, 0.019263
1780, 0.715490, 0.019714
1781, 0.716030, 0.019779
1782, 0.716350, 0.019621
1783, 0.716940, 0.020671
1784, 0.719530, 0.022400
1785, 0.719070, 0.026390
1786, 0.718610, 0.021498
1787, 0.717740, 0.019616
1788, 0.716930, 0.022527
1789, 0.716630, 0.020352
1790, 0.718630, 0.022580
1791, 0.718270, 0.021692
1792, 0.715060, 0.021770
1793, 0.717970, 0.020745
1794, 0.717140, 0.021598
1795, 0.721420, 0.021677
1796, 0.714880, 0.021250
1797, 0.718150, 0.023054
1798, 0.715270, 0.018914
1799, 0.716470, 0.020385
1800, 0.718020, 0.022948
1801, 0.720290, 0.022882
1802, 0.713340, 0.020775
1803, 0.717060, 0.022694
1804, 0.719170, 0.019068
1805, 0.716730, 0.025205
1806, 0.714810, 0.021832
1807, 0.719980, 0.023564
1808, 0.715700, 0.020785
1809, 0.714810, 0.023045
1810, 0.716870, 0.021824
1811, 0.713360, 0.021883
1812, 0.712510, 0.020496
1813, 0.715960, 0.022710
1814, 0.717320, 0.019561
1815, 0.719020, 0.022741
1816, 0.716030, 0.024016
1817, 0.715360, 0.021610
1818, 0.717170, 0.022932
1819, 0.711990, 0.019954
1820, 0.715470, 0.019142
1821, 0.714450, 0.022970
1822, 0.715170, 0.019812
1823, 0.715750, 0.019968
1824, 0.713320, 0.023624
1825, 0.716670, 0.024885
1826, 0.717660, 0.024593
1827, 0.715450, 0.022683
1828, 0.719460, 0.030390
1829, 0.720790, 0.025436
1830, 0.724540, 0.036691
1831, 0.723030, 0.032015
1832, 0.722760, 0.026134
1833, 0.722520, 0.032665
1834, 0.718240, 0.033042
1835, 0.715960, 0.025435
1836, 0.715650, 0.024492
1837, 0.714480, 0.025603
1838, 0.717650, 0.022027
1839, 0.714280, 0.021396
1840, 0.713080, 0.021400
1841, 0.713660, 0.023978
1842, 0.715280, 0.022942
1843, 0.714120, 0.021739
1844, 0.713800, 0.020327
1845, 0.714230, 0.020198
1846, 0.712260, 0.022539
1847, 0.713200, 0.019170
1848, 0.714570, 0.022029
1849, 0.712810, 0.023484
1850, 0.715940, 0.023045
1851, 0.713570, 0.019856
1852, 0.714250, 0.019252
1853, 0.715890, 0.022480
1854, 0.713600, 0.021292
1855, 0.714390, 0.020091
1856, 0.713330, 0.021184
1857, 0.710480, 0.020353
1858, 0.715890, 0.020651
1859, 0.713560, 0.021185
1860, 0.712540, 0.020814
1861, 0.712230, 0.018052
1862, 0.711810, 0.019159
1863, 0.712370, 0.022769
1864, 0.713150, 0.020587
1865, 0.712000, 0.014314
1866, 0.713860, 0.022518
1867, 0.712890, 0.021245
1868, 0.713260, 0.025671
1869, 0.715240, 0.020561
1870, 0.706460, 0.022573
1871, 0.714430, 0.023119
1872, 0.713030, 0.022470
1873, 0.712250, 0.019289
1874, 0.713910, 0.023296
1875, 0.711470, 0.021588
1876, 0.714740, 0.024920
1877, 0.711490, 0.023138
1878, 0.707950, 0.024861
1879, 0.713940, 0.022087
1880, 0.712900, 0.024412
1881, 0.711610, 0.020323
1882, 0.709700, 0.025604
1883, 0.715050, 0.022544
1884, 0.715420, 0.022374
1885, 0.712340, 0.021849
1886, 0.710890, 0.021208
1887, 0.711300, 0.025192
1888, 0.710840, 0.023287
1889, 0.711740, 0.025228
1890, 0.711890, 0.023949
1891, 0.711660, 0.023945
1892, 0.708720, 0.023222
1893, 0.714380, 0.022680
1894, 0.706840, 0.021591
1895, 0.711760, 0.023510
1896, 0.709510, 0.018172
1897, 0.709780, 0.022488
1898, 0.711660, 0.022523
1899, 0.707250, 0.019724
1900, 0.709960, 0.022712
1901, 0.715720, 0.022538
1902, 0.710740, 0.018731
1903, 0.710880, 0.021125
1904, 0.710390, 0.022217
1905, 0.705650, 0.023689
1906, 0.713470, 0.022547
1907, 0.707020, 0.023648
1908, 0.711030, 0.022857
1909, 0.709440, 0.018197
1910, 0.709580, 0.023783
1911, 0.710510, 0.021139
1912, 0.707630, 0.020447
1913, 0.710560, 0.023421
1914, 0.710270, 0.021273
1915, 0.709610, 0.019960
1916, 0.711720, 0.021840
1917, 0.707020, 0.023370
1918, 0.712950, 0.021374
1919, 0.710610, 0.021926
1920, 0.712500, 0.021803
1921, 0.708870, 0.021535
1922, 0.709740, 0.022741
1923, 0.708310, 0.020111
1924, 0.711460, 0.022441
1925, 0.708650, 0.019301
1926, 0.706780, 0.021836
1927, 0.710270, 0.019263
1928, 0.710110, 0.024593
1929, 0.707560, 0.020993
1930, 0.710510, 0.022044
1931, 0.708980, 0.018417
1932, 0.708980, 0.021643
1933, 0.704330, 0.021580
1934, 0.708200, 0.021092
1935, 0.706950, 0.021677
1936, 0.706640, 0.021827
1937, 0.707590, 0.019666
1938, 0.710050, 0.021132
1939, 0.705450, 0.024635
1940, 0.710690, 0.017538
1941, 0.708150, 0.018769
1942, 0.706630, 0.017939
1943, 0.706810, 0.020676
1944, 0.706890, 0.020275
1945, 0.703070, 0.020905
1946, 0.709710, 0.023323
1947, 0.708770, 0.023875
1948, 0.711230, 0.021067
1949, 0.708060, 0.021886
1950, 0.710340, 0.020962
1951, 0.706050, 0.021121
1952, 0.708160, 0.020392
1953, 0.708340, 0.021076
1954, 0.706610, 0.022514
1955, 0.707180, 0.021676
1956, 0.707740, 0.018814
1957, 0.707730, 0.021360
1958, 0.706190, 0.023381
1959, 0.708800, 0.022000
1960, 0.707580, 0.021344
1961, 0.707080, 0.019804
1962, 0.707140, 0.019109
1963, 0.711170, 0.019736
1964, 0.702770, 0.022260
1965, 0.703990, 0.021129
1966, 0.705470, 0.024119
1967, 0.710520, 0.021862
1968, 0.702870, 0.021689
1969, 0.707530, 0.020735
1970, 0.708900, 0.021963
1971, 0.703190, 0.023231
1972, 0.707310, 0.021610
1973, 0.706990, 0.020476
1974, 0.705180, 0.022621
1975, 0.709770, 0.024254
1976, 0.707170, 0.022564
1977, 0.705590, 0.024586
1978, 0.703320, 0.024865
1979, 0.707260, 0.020024
1980, 0.707050, 0.019152
1981, 0.707860, 0.023828
1982, 0.705810, 0.023279
1983, 0.704850, 0.021992
1984, 0.708260, 0.022500
1985, 0.708290, 0.019495
1986, 0.706910, 0.020634
1987, 0.706890, 0.019015
1988, 0.702810, 0.021944
1989, 0.710020, 0.023159
1990, 0.705770, 0.024346
1991, 0.702880, 0.022683
1992, 0.702940, 0.020898
1993, 0.707130, 0.022587
1994, 0.704950, 0.020449
1995, 0.705980, 0.021862
1996, 0.703020, 0.024349
1997, 0.705010, 0.020838
1998, 0.703090, 0.020775
1999, 0.703240, 0.026162
2000, 0.701550, 0.021256
2001, 0.708230, 0.022115
