Container_size, 134217728,key_space, 592137
request bin, mean_latency, sd
0, 41.808030, 2.690862
1, 28.794910, 1.978814
2, 22.133890, 1.515463
3, 17.915820, 1.202221
4, 14.982540, 1.050560
5, 12.777320, 1.024468
6, 10.946540, 0.893420
7, 9.353700, 0.878670
8, 8.135470, 0.875771
9, 7.052580, 0.951060
10, 6.092720, 0.857423
11, 5.426080, 0.853017
12, 4.657480, 0.845847
13, 4.144300, 0.862377
14, 3.669110, 0.842992
15, 3.244500, 0.873045
16, 2.899940, 0.871856
17, 2.596330, 0.823249
18, 2.335950, 0.774488
19, 2.134330, 0.835810
20, 1.910600, 0.749571
21, 1.730460, 0.769024
22, 1.576700, 0.747309
23, 1.444360, 0.741669
24, 1.360490, 0.802143
25, 1.255770, 0.699377
26, 1.191670, 0.659223
27, 1.069270, 0.637324
28, 1.021020, 0.609576
29, 0.970630, 0.526167
30, 0.911550, 0.575526
31, 0.869320, 0.538961
32, 0.826360, 0.491045
33, 0.820150, 0.573376
34, 0.762200, 0.470226
35, 0.745360, 0.511498
36, 0.724110, 0.456613
37, 0.710590, 0.411080
38, 0.689390, 0.441399
39, 0.672470, 0.403033
40, 0.664070, 0.403561
41, 0.651700, 0.393367
42, 0.638890, 0.354233
43, 0.630560, 0.352126
44, 0.626310, 0.365678
45, 0.614600, 0.303138
46, 0.596570, 0.316211
47, 0.600570, 0.302921
48, 0.593890, 0.313010
49, 0.591920, 0.300023
50, 0.579350, 0.292571
51, 0.583910, 0.290788
52, 0.577240, 0.267587
53, 0.571210, 0.287457
54, 0.561720, 0.256899
55, 0.557260, 0.226916
56, 0.549080, 0.239180
57, 0.545500, 0.201593
58, 0.544200, 0.213731
59, 0.540600, 0.201149
60, 0.537780, 0.190706
61, 0.541520, 0.209624
62, 0.537020, 0.199652
63, 0.525500, 0.140577
64, 0.529940, 0.183471
65, 0.528510, 0.181768
66, 0.525420, 0.173179
67, 0.519790, 0.156595
68, 0.521170, 0.139801
69, 0.518860, 0.145584
70, 0.519900, 0.153095
71, 0.519800, 0.140572
72, 0.511200, 0.127198
73, 0.513170, 0.123094
74, 0.509360, 0.133370
75, 0.509740, 0.122348
76, 0.503910, 0.102567
77, 0.508210, 0.106324
78, 0.510320, 0.125136
79, 0.503380, 0.081755
80, 0.504580, 0.115792
81, 0.502360, 0.101643
82, 0.506410, 0.115190
83, 0.500620, 0.098359
84, 0.500470, 0.098451
85, 0.500290, 0.067871
86, 0.500510, 0.071442
87, 0.499920, 0.084089
88, 0.499310, 0.079380
89, 0.502810, 0.089617
90, 0.499710, 0.066067
91, 0.493230, 0.071263
92, 0.495350, 0.066350
93, 0.492640, 0.079937
94, 0.497200, 0.081758
95, 0.496070, 0.050626
96, 0.494610, 0.064369
97, 0.495960, 0.086065
98, 0.493980, 0.067754
99, 0.489560, 0.042380
100, 0.494080, 0.068150
101, 0.491180, 0.043915
102, 0.490620, 0.049348
103, 0.485170, 0.036246
104, 0.488640, 0.055512
105, 0.491060, 0.052018
106, 0.492670, 0.052968
107, 0.489150, 0.042921
108, 0.492090, 0.064882
109, 0.492300, 0.046007
110, 0.486790, 0.038474
111, 0.488710, 0.045131
112, 0.486070, 0.027527
113, 0.488140, 0.045080
114, 0.486080, 0.037393
115, 0.485870, 0.040019
116, 0.483970, 0.035573
117, 0.488380, 0.045313
118, 0.488730, 0.037642
119, 0.486270, 0.043577
120, 0.480290, 0.025505
121, 0.484720, 0.030686
122, 0.484250, 0.034195
123, 0.485300, 0.032634
124, 0.483020, 0.032575
125, 0.488520, 0.037577
126, 0.481020, 0.028247
127, 0.485270, 0.030971
128, 0.481190, 0.036004
129, 0.482160, 0.037274
130, 0.484130, 0.034092
131, 0.485770, 0.034179
132, 0.480710, 0.026190
133, 0.480490, 0.029977
134, 0.481870, 0.027386
135, 0.481860, 0.034530
136, 0.481470, 0.031009
137, 0.480800, 0.028087
138, 0.481710, 0.029699
139, 0.486810, 0.031171
140, 0.478620, 0.018956
141, 0.478370, 0.026051
142, 0.482060, 0.029457
143, 0.480740, 0.028547
144, 0.479460, 0.028972
145, 0.481700, 0.025347
146, 0.485250, 0.039263
147, 0.477990, 0.023499
148, 0.476880, 0.022236
149, 0.478880, 0.023558
150, 0.479260, 0.028268
151, 0.479210, 0.029329
152, 0.477080, 0.024074
153, 0.479900, 0.029654
154, 0.481960, 0.029677
155, 0.479940, 0.030882
156, 0.475620, 0.022321
157, 0.477680, 0.026784
158, 0.478650, 0.030250
159, 0.479810, 0.032137
160, 0.478550, 0.027904
161, 0.477870, 0.024717
162, 0.477460, 0.023209
163, 0.477260, 0.027401
164, 0.476990, 0.028995
165, 0.477240, 0.024309
166, 0.475820, 0.019958
167, 0.476660, 0.021003
168, 0.477990, 0.024335
169, 0.480390, 0.024814
170, 0.473320, 0.016701
171, 0.475880, 0.024843
172, 0.474620, 0.017244
173, 0.475730, 0.024222
174, 0.478400, 0.025652
175, 0.476690, 0.026144
176, 0.478260, 0.029618
177, 0.473040, 0.019563
178, 0.475360, 0.023965
179, 0.474960, 0.021149
180, 0.477100, 0.025791
181, 0.473310, 0.019227
182, 0.478380, 0.028393
183, 0.475940, 0.023280
184, 0.473940, 0.019776
185, 0.477320, 0.023613
186, 0.476090, 0.023779
187, 0.474850, 0.020407
188, 0.474360, 0.019295
189, 0.474620, 0.020505
190, 0.473430, 0.019574
191, 0.476000, 0.022653
192, 0.474770, 0.024503
193, 0.475320, 0.029087
194, 0.475700, 0.025233
195, 0.476570, 0.023709
196, 0.472870, 0.019036
197, 0.473360, 0.022917
198, 0.476060, 0.024995
199, 0.474620, 0.021008
200, 0.475840, 0.026652
201, 0.471220, 0.016550
202, 0.473780, 0.020883
203, 0.475580, 0.024185
204, 0.472720, 0.018937
205, 0.475990, 0.024577
206, 0.473370, 0.019558
207, 0.473360, 0.020637
208, 0.471310, 0.018184
209, 0.474980, 0.022348
210, 0.472960, 0.019382
211, 0.476340, 0.026099
212, 0.473100, 0.023769
213, 0.471660, 0.018438
214, 0.471750, 0.018758
215, 0.474270, 0.020580
216, 0.474010, 0.026240
217, 0.471580, 0.018401
218, 0.472210, 0.020885
219, 0.471750, 0.018230
220, 0.471960, 0.019762
221, 0.472620, 0.018779
222, 0.475590, 0.023025
223, 0.474760, 0.021339
224, 0.473430, 0.021130
225, 0.473070, 0.020617
226, 0.474430, 0.021691
227, 0.471080, 0.022155
228, 0.470380, 0.020494
229, 0.473980, 0.021869
230, 0.474470, 0.021402
231, 0.473470, 0.024755
232, 0.468950, 0.015712
233, 0.471720, 0.019497
234, 0.474720, 0.022763
235, 0.470910, 0.020004
236, 0.475350, 0.024609
237, 0.472100, 0.019497
238, 0.474230, 0.021941
239, 0.474240, 0.022429
240, 0.471030, 0.018428
241, 0.472640, 0.021811
242, 0.472980, 0.020876
243, 0.469710, 0.016794
244, 0.472760, 0.020836
245, 0.471240, 0.017271
246, 0.471180, 0.018885
247, 0.472440, 0.020784
248, 0.469200, 0.016625
249, 0.471600, 0.019605
250, 0.473740, 0.021632
251, 0.474300, 0.023237
252, 0.474500, 0.023014
253, 0.471220, 0.018934
254, 0.472840, 0.021400
255, 0.469390, 0.016562
256, 0.468230, 0.015516
257, 0.474740, 0.023454
258, 0.472460, 0.020406
259, 0.470870, 0.023095
260, 0.471020, 0.019105
261, 0.470880, 0.019352
262, 0.471470, 0.020217
263, 0.470470, 0.018736
264, 0.470240, 0.019007
265, 0.473900, 0.021964
266, 0.470090, 0.018613
267, 0.475890, 0.025321
268, 0.472330, 0.020791
269, 0.474100, 0.023092
270, 0.469280, 0.016252
271, 0.469360, 0.017765
272, 0.472490, 0.020932
273, 0.470660, 0.018458
274, 0.471390, 0.020209
275, 0.469580, 0.016987
276, 0.469160, 0.018820
277, 0.471930, 0.021166
278, 0.471380, 0.020164
279, 0.466590, 0.014007
280, 0.472890, 0.021432
281, 0.473490, 0.023759
282, 0.472890, 0.021828
283, 0.473300, 0.023215
284, 0.469960, 0.018411
285, 0.470170, 0.019056
286, 0.471120, 0.020291
287, 0.468630, 0.016614
288, 0.471090, 0.019391
289, 0.471620, 0.020912
290, 0.471660, 0.020472
291, 0.467720, 0.015891
292, 0.468320, 0.015764
293, 0.469480, 0.018251
294, 0.468740, 0.017409
295, 0.473350, 0.022469
296, 0.469570, 0.019221
297, 0.470950, 0.019726
298, 0.469790, 0.018398
299, 0.472170, 0.021840
300, 0.468080, 0.016635
301, 0.472980, 0.022097
302, 0.470620, 0.022714
303, 0.469670, 0.017987
304, 0.470830, 0.020089
305, 0.469070, 0.018209
306, 0.471680, 0.019945
307, 0.469380, 0.019492
308, 0.471380, 0.018293
309, 0.470690, 0.020104
310, 0.471280, 0.019781
311, 0.471090, 0.019499
312, 0.468780, 0.017447
313, 0.470040, 0.018643
314, 0.469670, 0.020700
315, 0.468520, 0.017416
316, 0.471940, 0.022358
317, 0.470800, 0.018995
318, 0.470650, 0.020718
319, 0.466270, 0.015033
320, 0.471720, 0.022258
321, 0.469800, 0.019057
322, 0.468700, 0.018327
323, 0.471080, 0.019818
324, 0.470230, 0.020045
325, 0.469740, 0.019836
326, 0.467290, 0.015897
327, 0.468940, 0.018614
328, 0.469910, 0.018591
329, 0.469890, 0.020405
330, 0.470630, 0.018068
331, 0.467440, 0.017070
332, 0.470070, 0.020452
333, 0.467980, 0.015250
334, 0.467550, 0.017980
335, 0.470480, 0.019175
336, 0.469850, 0.019849
337, 0.472370, 0.021596
338, 0.470000, 0.019272
339, 0.472370, 0.022450
340, 0.469550, 0.019028
341, 0.467690, 0.015974
342, 0.471390, 0.021009
343, 0.467290, 0.014585
344, 0.469520, 0.018726
345, 0.468310, 0.016207
346, 0.470660, 0.022127
347, 0.471420, 0.019846
348, 0.468180, 0.017761
349, 0.466900, 0.015491
350, 0.470210, 0.020409
351, 0.469790, 0.020336
352, 0.469230, 0.017891
353, 0.468630, 0.018812
354, 0.466020, 0.014549
355, 0.468740, 0.018321
356, 0.468910, 0.018791
357, 0.473290, 0.023178
358, 0.468920, 0.017865
359, 0.468570, 0.017656
360, 0.469830, 0.019058
361, 0.467700, 0.021661
362, 0.467430, 0.017259
363, 0.469140, 0.019368
364, 0.467500, 0.017605
365, 0.469680, 0.018208
366, 0.471620, 0.022549
367, 0.467890, 0.018997
368, 0.470180, 0.020035
369, 0.470440, 0.020251
370, 0.467580, 0.016354
371, 0.467030, 0.016151
372, 0.469290, 0.019018
373, 0.467930, 0.017382
374, 0.471120, 0.022628
375, 0.468570, 0.018011
376, 0.468080, 0.018136
377, 0.467700, 0.017247
378, 0.471540, 0.020056
379, 0.468210, 0.018459
380, 0.469500, 0.019337
381, 0.467170, 0.016167
382, 0.469900, 0.019828
383, 0.467940, 0.019194
384, 0.468580, 0.019763
385, 0.468500, 0.018874
386, 0.469160, 0.018814
387, 0.470170, 0.020822
388, 0.468310, 0.018166
389, 0.467910, 0.018251
390, 0.467540, 0.017298
391, 0.468540, 0.018392
392, 0.469180, 0.020136
393, 0.471380, 0.021137
394, 0.465520, 0.014035
395, 0.467880, 0.017067
396, 0.467790, 0.016420
397, 0.466670, 0.017240
398, 0.470670, 0.021224
399, 0.467840, 0.018216
400, 0.467200, 0.017787
401, 0.466670, 0.014981
402, 0.472860, 0.025306
403, 0.468680, 0.017463
404, 0.470620, 0.021752
405, 0.466140, 0.015251
406, 0.468820, 0.018795
407, 0.468310, 0.019883
408, 0.465450, 0.013739
409, 0.468480, 0.016719
410, 0.469300, 0.020831
411, 0.468810, 0.019660
412, 0.468620, 0.018834
413, 0.465730, 0.015266
414, 0.467460, 0.017108
415, 0.467820, 0.019297
416, 0.467170, 0.016259
417, 0.467970, 0.019148
418, 0.469220, 0.020604
419, 0.467510, 0.018556
420, 0.466150, 0.015791
421, 0.466460, 0.015621
422, 0.468800, 0.020082
423, 0.469530, 0.020170
424, 0.468590, 0.020227
425, 0.466790, 0.017105
426, 0.468920, 0.018538
427, 0.466260, 0.016200
428, 0.470150, 0.020678
429, 0.468890, 0.019158
430, 0.468550, 0.020058
431, 0.466200, 0.016368
432, 0.466460, 0.016026
433, 0.465780, 0.016205
434, 0.467250, 0.016728
435, 0.467110, 0.018129
436, 0.469010, 0.020107
437, 0.467720, 0.017476
438, 0.468090, 0.017953
439, 0.469320, 0.020621
440, 0.467260, 0.018813
441, 0.466740, 0.017334
442, 0.470700, 0.022358
443, 0.468570, 0.018428
444, 0.467840, 0.018735
445, 0.467100, 0.017942
446, 0.467320, 0.017202
447, 0.467910, 0.019026
448, 0.465770, 0.015481
449, 0.464860, 0.015759
450, 0.468620, 0.017636
451, 0.468000, 0.016905
452, 0.469750, 0.021499
453, 0.466750, 0.016665
454, 0.468830, 0.019281
455, 0.466320, 0.015842
456, 0.467090, 0.017590
457, 0.466310, 0.017948
458, 0.467810, 0.017424
459, 0.468750, 0.020732
460, 0.468130, 0.018290
461, 0.467270, 0.016509
462, 0.466750, 0.018803
463, 0.471620, 0.020512
464, 0.469970, 0.020808
465, 0.467240, 0.016867
466, 0.466020, 0.016181
467, 0.466950, 0.017599
468, 0.466830, 0.015932
469, 0.467240, 0.018170
470, 0.467650, 0.018498
471, 0.466130, 0.015294
472, 0.469160, 0.021108
473, 0.467360, 0.017115
474, 0.465430, 0.015372
475, 0.469420, 0.019637
476, 0.467490, 0.018051
477, 0.466600, 0.015304
478, 0.468400, 0.019972
479, 0.466810, 0.018781
480, 0.467090, 0.017605
481, 0.468440, 0.019906
482, 0.466970, 0.017942
483, 0.466420, 0.016514
484, 0.467600, 0.017985
485, 0.468380, 0.020266
486, 0.467270, 0.017349
487, 0.468140, 0.019167
488, 0.465450, 0.013829
489, 0.466940, 0.018080
490, 0.467600, 0.019327
491, 0.468340, 0.020235
492, 0.465740, 0.016537
493, 0.467090, 0.016842
494, 0.466010, 0.017246
495, 0.468450, 0.019573
496, 0.466040, 0.016741
497, 0.467030, 0.017114
498, 0.466970, 0.018709
499, 0.467960, 0.020516
500, 0.467290, 0.018944
501, 0.465120, 0.013862
502, 0.466680, 0.017641
503, 0.466200, 0.017027
504, 0.467600, 0.020110
505, 0.464460, 0.013583
506, 0.466010, 0.015231
507, 0.468890, 0.021012
508, 0.468600, 0.019717
509, 0.464690, 0.015358
510, 0.470980, 0.022506
511, 0.468400, 0.019974
512, 0.466130, 0.017465
513, 0.466530, 0.015248
514, 0.467060, 0.018284
515, 0.468040, 0.021215
516, 0.467150, 0.017164
517, 0.464980, 0.015670
518, 0.466600, 0.016681
519, 0.466500, 0.017831
520, 0.466950, 0.016819
521, 0.466030, 0.016061
522, 0.467750, 0.019136
523, 0.468070, 0.018266
524, 0.467900, 0.019688
525, 0.466050, 0.016747
526, 0.465740, 0.016341
527, 0.465980, 0.017167
528, 0.467040, 0.016614
529, 0.464350, 0.014810
530, 0.467450, 0.017913
531, 0.468030, 0.019634
532, 0.465640, 0.015541
533, 0.467010, 0.017077
534, 0.467630, 0.019372
535, 0.467810, 0.019295
536, 0.467340, 0.018024
537, 0.467000, 0.018786
538, 0.469840, 0.021337
539, 0.465670, 0.016671
540, 0.466540, 0.016164
541, 0.468930, 0.022162
542, 0.465130, 0.015354
543, 0.464970, 0.014235
544, 0.467030, 0.018562
545, 0.466400, 0.017038
546, 0.468890, 0.019968
547, 0.465160, 0.016291
548, 0.467090, 0.017775
549, 0.466290, 0.017221
550, 0.465650, 0.017275
551, 0.464450, 0.013432
552, 0.465920, 0.017910
553, 0.466440, 0.017342
554, 0.468170, 0.020525
555, 0.465870, 0.015500
556, 0.465900, 0.016227
557, 0.466160, 0.017326
558, 0.467210, 0.018159
559, 0.466980, 0.018468
560, 0.467250, 0.018194
561, 0.468450, 0.019212
562, 0.467240, 0.020281
563, 0.468140, 0.019368
564, 0.468490, 0.020066
565, 0.466570, 0.018299
566, 0.466710, 0.017496
567, 0.465280, 0.015943
568, 0.466200, 0.017005
569, 0.465250, 0.015793
570, 0.465810, 0.017067
571, 0.464330, 0.013608
572, 0.464690, 0.015074
573, 0.465040, 0.014902
574, 0.466910, 0.017509
575, 0.465720, 0.016353
576, 0.465600, 0.016194
577, 0.467500, 0.020649
578, 0.466590, 0.017773
579, 0.467460, 0.019983
580, 0.466590, 0.018351
581, 0.465120, 0.016790
582, 0.466390, 0.016033
583, 0.467970, 0.020901
584, 0.466000, 0.015951
585, 0.468340, 0.021477
586, 0.466210, 0.017347
587, 0.467920, 0.019845
588, 0.467560, 0.018788
589, 0.465350, 0.015843
590, 0.466520, 0.019016
591, 0.465810, 0.016472
592, 0.465810, 0.017556
593, 0.466900, 0.017382
594, 0.466270, 0.016495
595, 0.464760, 0.014912
596, 0.464010, 0.013118
597, 0.465540, 0.017690
598, 0.465050, 0.015669
599, 0.465210, 0.016344
600, 0.464730, 0.015572
601, 0.466560, 0.018097
602, 0.465000, 0.016206
603, 0.465610, 0.016454
604, 0.464560, 0.015063
605, 0.467330, 0.019841
606, 0.464940, 0.015496
607, 0.466850, 0.017892
608, 0.469370, 0.021559
609, 0.467160, 0.018214
610, 0.465690, 0.017425
611, 0.465750, 0.016499
612, 0.464940, 0.016340
613, 0.467860, 0.020049
614, 0.467190, 0.018188
615, 0.465950, 0.016953
616, 0.467900, 0.018607
617, 0.466530, 0.016804
618, 0.466580, 0.018716
619, 0.467290, 0.019093
620, 0.465020, 0.016689
621, 0.465600, 0.016268
622, 0.466070, 0.018036
623, 0.465210, 0.016661
624, 0.467440, 0.019306
625, 0.466340, 0.017094
626, 0.465100, 0.015265
627, 0.465380, 0.015398
628, 0.464490, 0.016171
629, 0.465510, 0.016607
630, 0.465080, 0.015909
631, 0.466670, 0.016957
632, 0.465840, 0.016036
633, 0.464460, 0.014915
634, 0.465410, 0.015574
635, 0.467350, 0.019656
636, 0.465940, 0.017690
637, 0.465470, 0.017052
638, 0.466240, 0.017649
639, 0.465600, 0.016305
640, 0.468650, 0.021197
641, 0.464660, 0.013870
642, 0.465970, 0.018006
643, 0.467380, 0.019652
644, 0.465160, 0.015976
645, 0.466270, 0.019105
646, 0.464350, 0.014397
647, 0.466020, 0.018110
648, 0.466330, 0.018715
649, 0.467080, 0.019277
650, 0.466140, 0.018481
651, 0.466270, 0.017567
652, 0.465470, 0.017264
653, 0.464600, 0.015147
654, 0.465910, 0.018426
655, 0.465160, 0.016632
656, 0.465140, 0.015491
657, 0.463580, 0.014349
658, 0.463650, 0.013889
659, 0.465560, 0.016460
660, 0.465390, 0.016540
661, 0.465470, 0.016242
662, 0.464150, 0.015819
663, 0.465400, 0.017376
664, 0.464930, 0.015422
665, 0.464270, 0.014778
666, 0.467300, 0.019247
667, 0.466250, 0.018372
668, 0.465600, 0.016739
669, 0.466220, 0.016975
670, 0.466560, 0.018867
671, 0.465040, 0.016364
672, 0.466110, 0.017670
673, 0.468260, 0.019658
674, 0.464680, 0.013644
675, 0.465720, 0.017825
676, 0.466740, 0.018728
677, 0.465490, 0.016957
678, 0.465520, 0.016953
679, 0.465450, 0.017222
680, 0.467310, 0.018495
681, 0.464220, 0.013707
682, 0.468430, 0.021129
683, 0.466860, 0.018747
684, 0.464740, 0.015105
685, 0.465240, 0.018064
686, 0.466550, 0.018743
687, 0.464820, 0.016583
688, 0.466040, 0.017654
689, 0.465810, 0.016372
690, 0.464120, 0.014312
691, 0.463380, 0.012963
692, 0.463330, 0.013470
693, 0.464150, 0.015492
694, 0.465290, 0.014565
695, 0.465580, 0.017415
696, 0.464610, 0.016246
697, 0.464240, 0.014649
698, 0.465680, 0.018493
699, 0.466650, 0.018130
700, 0.465500, 0.016358
701, 0.464470, 0.016237
702, 0.468310, 0.020226
703, 0.466410, 0.017609
704, 0.467180, 0.019563
705, 0.465770, 0.017419
706, 0.464510, 0.015248
707, 0.465020, 0.016966
708, 0.466580, 0.018387
709, 0.465420, 0.014806
710, 0.463290, 0.013344
711, 0.467310, 0.018026
712, 0.464200, 0.015104
713, 0.465150, 0.018425
714, 0.465870, 0.016626
715, 0.466740, 0.019078
716, 0.466430, 0.017885
717, 0.463900, 0.013937
718, 0.465840, 0.018711
719, 0.467230, 0.019042
720, 0.463780, 0.013550
721, 0.465600, 0.016538
722, 0.464420, 0.015603
723, 0.465320, 0.015930
724, 0.464920, 0.016664
725, 0.464350, 0.014463
726, 0.463510, 0.014053
727, 0.463940, 0.014763
728, 0.464970, 0.014586
729, 0.465700, 0.016396
730, 0.464010, 0.015921
731, 0.465780, 0.017940
732, 0.464400, 0.016300
733, 0.464100, 0.014698
734, 0.465940, 0.017540
735, 0.465600, 0.017672
736, 0.465480, 0.016323
737, 0.468100, 0.021457
738, 0.463970, 0.013207
739, 0.468190, 0.020974
740, 0.464480, 0.015903
741, 0.467420, 0.019197
742, 0.464280, 0.016360
743, 0.465800, 0.017186
744, 0.464970, 0.014716
745, 0.464200, 0.015042
746, 0.465930, 0.016971
747, 0.464950, 0.016169
748, 0.465780, 0.018217
749, 0.465540, 0.017288
750, 0.464750, 0.016614
751, 0.466470, 0.017367
752, 0.465350, 0.017327
753, 0.464380, 0.014691
754, 0.465370, 0.017100
755, 0.464190, 0.015185
756, 0.464760, 0.016615
757, 0.465060, 0.015659
758, 0.463890, 0.014478
759, 0.465000, 0.016396
760, 0.463940, 0.015005
761, 0.466270, 0.017087
762, 0.464940, 0.015057
763, 0.464320, 0.015701
764, 0.464420, 0.014977
765, 0.463960, 0.014295
766, 0.465080, 0.016342
767, 0.463720, 0.013551
768, 0.466500, 0.018209
769, 0.465070, 0.015702
770, 0.464840, 0.017178
771, 0.466700, 0.020008
772, 0.467630, 0.020565
773, 0.464760, 0.015974
774, 0.463960, 0.013799
775, 0.466090, 0.019183
776, 0.466200, 0.017547
777, 0.464560, 0.015350
778, 0.464900, 0.016327
779, 0.467260, 0.019090
780, 0.463700, 0.014559
781, 0.464470, 0.014938
782, 0.463680, 0.014416
783, 0.465480, 0.016952
784, 0.465320, 0.016163
785, 0.466430, 0.019811
786, 0.465080, 0.016323
787, 0.464680, 0.014451
788, 0.463560, 0.012939
789, 0.465510, 0.017097
790, 0.465360, 0.016982
791, 0.464720, 0.016465
792, 0.465490, 0.017293
793, 0.463000, 0.013419
794, 0.463650, 0.013866
795, 0.466810, 0.019475
796, 0.465140, 0.015772
797, 0.464590, 0.015645
798, 0.464970, 0.017920
799, 0.462880, 0.014140
800, 0.464950, 0.016211
801, 0.464260, 0.016630
802, 0.464510, 0.015468
803, 0.463740, 0.014946
804, 0.465390, 0.018003
805, 0.466910, 0.018856
806, 0.464790, 0.016406
807, 0.465090, 0.016491
808, 0.464880, 0.017133
809, 0.464930, 0.016938
810, 0.463880, 0.015226
811, 0.466010, 0.018734
812, 0.465340, 0.017724
813, 0.463670, 0.014357
814, 0.464710, 0.016551
815, 0.465030, 0.016458
816, 0.463990, 0.015409
817, 0.464720, 0.015961
818, 0.464050, 0.015819
819, 0.466810, 0.019915
820, 0.464670, 0.015890
821, 0.464600, 0.016241
822, 0.464600, 0.015825
823, 0.464770, 0.017244
824, 0.463960, 0.015611
825, 0.463560, 0.015017
826, 0.465790, 0.019241
827, 0.466250, 0.017040
828, 0.464690, 0.016616
829, 0.463710, 0.013552
830, 0.465000, 0.016719
831, 0.464140, 0.015963
832, 0.463270, 0.013320
833, 0.463180, 0.014768
834, 0.463290, 0.014250
835, 0.464610, 0.017970
836, 0.464550, 0.015945
837, 0.464740, 0.016225
838, 0.464630, 0.017200
839, 0.464170, 0.014488
840, 0.462370, 0.013384
841, 0.466060, 0.019112
842, 0.463720, 0.015491
843, 0.466260, 0.018382
844, 0.465180, 0.016692
845, 0.463940, 0.016466
846, 0.463640, 0.015144
847, 0.462590, 0.012515
848, 0.465140, 0.017804
849, 0.465500, 0.017970
850, 0.464610, 0.017416
851, 0.463230, 0.014605
852, 0.463620, 0.012735
853, 0.464640, 0.016370
854, 0.463870, 0.014008
855, 0.464170, 0.016182
856, 0.463080, 0.013387
857, 0.463790, 0.013844
858, 0.463970, 0.014885
859, 0.464330, 0.015138
860, 0.465660, 0.019765
861, 0.463700, 0.014602
862, 0.467690, 0.020528
863, 0.464570, 0.017686
864, 0.462870, 0.012987
865, 0.464710, 0.016248
866, 0.464870, 0.017482
867, 0.465260, 0.017409
868, 0.465550, 0.018623
869, 0.463270, 0.014193
870, 0.465790, 0.019536
871, 0.463420, 0.013173
872, 0.463750, 0.015647
873, 0.463540, 0.014507
874, 0.465010, 0.016682
875, 0.464750, 0.016947
876, 0.463400, 0.014679
877, 0.463280, 0.013719
878, 0.463200, 0.013410
879, 0.463440, 0.013648
880, 0.464040, 0.016831
881, 0.464920, 0.017444
882, 0.466030, 0.017673
883, 0.463700, 0.014730
884, 0.464550, 0.016559
885, 0.463480, 0.015335
886, 0.464450, 0.017261
887, 0.464600, 0.016204
888, 0.465710, 0.018385
889, 0.466120, 0.018541
890, 0.463310, 0.014777
891, 0.464350, 0.016428
892, 0.466640, 0.018617
893, 0.462860, 0.013812
894, 0.464220, 0.014828
895, 0.463220, 0.015098
896, 0.463940, 0.015458
897, 0.465080, 0.016746
898, 0.464240, 0.016799
899, 0.463080, 0.013057
900, 0.463340, 0.015202
901, 0.463830, 0.016503
902, 0.463160, 0.014037
903, 0.463970, 0.017139
904, 0.464950, 0.017295
905, 0.463620, 0.014360
906, 0.465580, 0.018120
907, 0.464540, 0.016042
908, 0.465160, 0.018508
909, 0.465800, 0.018151
910, 0.464740, 0.018268
911, 0.465000, 0.016817
912, 0.463070, 0.013722
913, 0.463330, 0.014720
914, 0.463950, 0.013703
915, 0.463830, 0.016943
916, 0.463070, 0.013218
917, 0.464060, 0.015221
918, 0.464360, 0.016533
919, 0.464940, 0.016655
920, 0.464080, 0.017243
921, 0.465230, 0.017129
922, 0.463730, 0.016469
923, 0.464130, 0.016839
924, 0.463380, 0.014085
925, 0.462360, 0.013767
926, 0.464920, 0.017844
927, 0.461870, 0.012476
928, 0.463460, 0.016471
929, 0.464640, 0.017412
930, 0.462560, 0.014074
931, 0.465180, 0.017068
932, 0.463820, 0.015279
933, 0.463650, 0.016710
934, 0.463960, 0.013758
935, 0.465530, 0.018725
936, 0.462960, 0.013596
937, 0.463610, 0.015058
938, 0.464310, 0.017742
939, 0.463230, 0.013823
940, 0.464190, 0.016089
941, 0.464170, 0.015410
942, 0.462880, 0.012457
943, 0.463970, 0.016050
944, 0.465260, 0.016918
945, 0.463860, 0.015769
946, 0.462830, 0.013850
947, 0.464260, 0.016589
948, 0.465430, 0.019297
949, 0.463460, 0.014187
950, 0.464620, 0.016478
951, 0.463900, 0.016167
952, 0.463800, 0.014750
953, 0.463370, 0.015094
954, 0.463930, 0.015180
955, 0.463740, 0.016312
956, 0.465280, 0.016781
957, 0.462860, 0.014672
958, 0.462860, 0.014417
959, 0.463360, 0.014214
960, 0.465360, 0.018339
961, 0.463770, 0.015425
962, 0.461930, 0.012941
963, 0.465340, 0.018453
964, 0.462430, 0.012842
965, 0.464450, 0.016556
966, 0.463780, 0.015951
967, 0.465710, 0.019419
968, 0.464330, 0.016021
969, 0.465130, 0.016791
970, 0.463970, 0.016891
971, 0.463510, 0.015282
972, 0.465520, 0.018090
973, 0.463640, 0.014995
974, 0.463500, 0.015337
975, 0.463820, 0.014996
976, 0.462830, 0.013666
977, 0.463800, 0.014273
978, 0.464650, 0.017842
979, 0.462500, 0.013341
980, 0.464080, 0.015356
981, 0.463770, 0.016834
982, 0.464820, 0.016026
983, 0.463430, 0.014912
984, 0.464680, 0.018328
985, 0.463590, 0.014112
986, 0.464050, 0.017236
987, 0.464740, 0.018224
988, 0.463980, 0.016240
989, 0.464970, 0.017921
990, 0.462860, 0.014853
991, 0.463680, 0.015892
992, 0.463190, 0.014415
993, 0.462770, 0.013683
994, 0.464220, 0.017732
995, 0.463890, 0.016135
996, 0.462570, 0.013616
997, 0.463600, 0.014928
998, 0.463070, 0.014783
999, 0.463580, 0.014833
1000, 0.462960, 0.014433
1001, 0.462630, 0.013240
1002, 0.462690, 0.013756
1003, 0.464770, 0.017308
1004, 0.463650, 0.015398
1005, 0.464010, 0.016647
1006, 0.462940, 0.013437
1007, 0.463450, 0.013569
1008, 0.462930, 0.013225
1009, 0.463630, 0.016012
1010, 0.463750, 0.015666
1011, 0.463130, 0.015648
1012, 0.464360, 0.016650
1013, 0.464950, 0.018332
1014, 0.463890, 0.016877
1015, 0.463620, 0.015183
1016, 0.463360, 0.015082
1017, 0.464600, 0.015788
1018, 0.464720, 0.018270
1019, 0.463990, 0.015896
1020, 0.463990, 0.015746
1021, 0.463010, 0.014539
1022, 0.463960, 0.015886
1023, 0.464150, 0.017658
1024, 0.462540, 0.013209
1025, 0.465810, 0.016462
1026, 0.464560, 0.017599
1027, 0.463350, 0.013916
1028, 0.463380, 0.014504
1029, 0.464160, 0.015573
1030, 0.462840, 0.014028
1031, 0.463790, 0.016986
1032, 0.463300, 0.014578
1033, 0.462980, 0.014761
1034, 0.464230, 0.016651
1035, 0.463860, 0.014898
1036, 0.464260, 0.018067
1037, 0.464300, 0.015456
1038, 0.463220, 0.016088
1039, 0.463840, 0.016656
1040, 0.463990, 0.016177
1041, 0.463670, 0.015749
1042, 0.465580, 0.017776
1043, 0.463410, 0.016211
1044, 0.464940, 0.016333
1045, 0.464390, 0.016629
1046, 0.464070, 0.016291
1047, 0.462650, 0.012467
1048, 0.463690, 0.016744
1049, 0.463000, 0.015500
1050, 0.462380, 0.013211
1051, 0.463120, 0.015499
1052, 0.462720, 0.013142
1053, 0.462200, 0.013564
1054, 0.463540, 0.015213
1055, 0.462800, 0.012837
1056, 0.462300, 0.013400
1057, 0.462950, 0.014216
1058, 0.463270, 0.016415
1059, 0.463430, 0.014927
1060, 0.463820, 0.014796
1061, 0.464300, 0.017195
1062, 0.463170, 0.013464
1063, 0.464240, 0.016621
1064, 0.463310, 0.015099
1065, 0.463700, 0.015917
1066, 0.462670, 0.015476
1067, 0.463780, 0.015032
1068, 0.463780, 0.016162
1069, 0.463860, 0.016169
1070, 0.463830, 0.015818
1071, 0.462660, 0.014533
1072, 0.464830, 0.017438
1073, 0.463460, 0.016351
1074, 0.462980, 0.015300
1075, 0.463940, 0.015888
1076, 0.463990, 0.016545
1077, 0.463470, 0.015034
1078, 0.463540, 0.015062
1079, 0.463370, 0.014765
1080, 0.463720, 0.014258
1081, 0.462220, 0.014025
1082, 0.463150, 0.014648
1083, 0.465580, 0.019942
1084, 0.462790, 0.014990
1085, 0.463090, 0.013221
1086, 0.465280, 0.018863
1087, 0.462760, 0.012830
1088, 0.464240, 0.017371
1089, 0.466210, 0.020482
1090, 0.463500, 0.013589
1091, 0.464600, 0.017603
1092, 0.464410, 0.016625
1093, 0.463590, 0.016284
1094, 0.463700, 0.015885
1095, 0.464240, 0.015752
1096, 0.462650, 0.013567
1097, 0.463320, 0.014886
1098, 0.462880, 0.014072
1099, 0.463050, 0.015006
1100, 0.462500, 0.013996
1101, 0.464290, 0.017441
1102, 0.463070, 0.014062
1103, 0.466020, 0.019115
1104, 0.463640, 0.014599
1105, 0.463250, 0.014541
1106, 0.464010, 0.016056
1107, 0.462630, 0.012644
1108, 0.462030, 0.013664
1109, 0.462800, 0.013271
1110, 0.464150, 0.016117
1111, 0.463870, 0.016640
1112, 0.463940, 0.015439
1113, 0.462540, 0.015518
1114, 0.463370, 0.014105
1115, 0.462940, 0.014223
1116, 0.462380, 0.013111
1117, 0.464150, 0.015361
1118, 0.462870, 0.014365
1119, 0.463580, 0.014911
1120, 0.462270, 0.012841
1121, 0.463950, 0.016524
1122, 0.463600, 0.015294
1123, 0.463790, 0.016531
1124, 0.463210, 0.015173
1125, 0.464130, 0.017281
1126, 0.462210, 0.013955
1127, 0.465050, 0.017756
1128, 0.462830, 0.014416
1129, 0.463690, 0.015499
1130, 0.462780, 0.013861
1131, 0.463990, 0.015831
1132, 0.462800, 0.012427
1133, 0.462420, 0.013532
1134, 0.463710, 0.016699
1135, 0.463160, 0.015725
1136, 0.462970, 0.014978
1137, 0.463060, 0.012270
1138, 0.464790, 0.018035
1139, 0.462340, 0.013177
1140, 0.463780, 0.016568
1141, 0.462500, 0.015585
1142, 0.463230, 0.014151
1143, 0.463550, 0.017107
1144, 0.463720, 0.015720
1145, 0.462350, 0.013086
1146, 0.463090, 0.015863
1147, 0.464110, 0.017221
1148, 0.464050, 0.017001
1149, 0.462580, 0.013673
1150, 0.463380, 0.014646
1151, 0.462920, 0.014651
1152, 0.462920, 0.014285
1153, 0.463300, 0.015681
1154, 0.463480, 0.015664
1155, 0.462450, 0.013222
1156, 0.464120, 0.017298
1157, 0.464010, 0.015950
1158, 0.462310, 0.013617
1159, 0.463310, 0.016400
1160, 0.464920, 0.016890
1161, 0.463480, 0.017064
1162, 0.463640, 0.016513
1163, 0.462800, 0.014904
1164, 0.463300, 0.016335
1165, 0.462550, 0.013117
1166, 0.464320, 0.018692
1167, 0.463890, 0.015814
1168, 0.462290, 0.013192
1169, 0.462160, 0.014315
1170, 0.462900, 0.014660
1171, 0.463080, 0.015908
1172, 0.463460, 0.016315
1173, 0.463170, 0.014333
1174, 0.463210, 0.014967
1175, 0.464190, 0.017257
1176, 0.463380, 0.015814
1177, 0.464320, 0.017306
1178, 0.463200, 0.015049
1179, 0.462890, 0.015355
1180, 0.463530, 0.015578
1181, 0.462940, 0.015043
1182, 0.461830, 0.013954
1183, 0.463250, 0.014159
1184, 0.462500, 0.013585
1185, 0.463030, 0.015469
1186, 0.462650, 0.013660
1187, 0.463080, 0.014838
1188, 0.461810, 0.013067
1189, 0.464330, 0.017626
1190, 0.462360, 0.012924
1191, 0.463110, 0.015019
1192, 0.463650, 0.016264
1193, 0.461720, 0.012548
1194, 0.462060, 0.013766
1195, 0.464140, 0.016985
1196, 0.461970, 0.013533
1197, 0.463440, 0.016359
1198, 0.463280, 0.014977
1199, 0.463380, 0.015957
1200, 0.461910, 0.012791
1201, 0.462630, 0.015143
1202, 0.462510, 0.013400
1203, 0.463180, 0.015694
1204, 0.463250, 0.015477
1205, 0.461790, 0.012911
1206, 0.462530, 0.015105
1207, 0.462600, 0.014618
1208, 0.462430, 0.013780
1209, 0.462630, 0.013673
1210, 0.463450, 0.015727
1211, 0.464600, 0.018343
1212, 0.461650, 0.013625
1213, 0.464340, 0.017974
1214, 0.463980, 0.017605
1215, 0.462070, 0.012172
1216, 0.464070, 0.017159
1217, 0.463490, 0.016181
1218, 0.462110, 0.013018
1219, 0.462810, 0.014794
1220, 0.463440, 0.016274
1221, 0.461760, 0.013752
1222, 0.463180, 0.016310
1223, 0.462090, 0.013009
1224, 0.463770, 0.017864
1225, 0.462980, 0.014093
1226, 0.464310, 0.017697
1227, 0.463440, 0.015194
1228, 0.461550, 0.012922
1229, 0.462470, 0.015146
1230, 0.462150, 0.013325
1231, 0.462700, 0.016756
1232, 0.462640, 0.014503
1233, 0.463380, 0.016178
1234, 0.461960, 0.013703
1235, 0.463620, 0.015654
1236, 0.462180, 0.013359
1237, 0.463400, 0.014766
1238, 0.462290, 0.014939
1239, 0.462130, 0.013773
1240, 0.462850, 0.014328
1241, 0.463150, 0.015885
1242, 0.464520, 0.017688
1243, 0.463030, 0.014278
1244, 0.463960, 0.017063
1245, 0.462710, 0.013852
1246, 0.463840, 0.018349
1247, 0.462620, 0.014801
1248, 0.462240, 0.015098
1249, 0.461840, 0.013265
1250, 0.462570, 0.013870
1251, 0.463430, 0.016269
1252, 0.463680, 0.016501
1253, 0.461560, 0.012153
1254, 0.463180, 0.016905
1255, 0.462540, 0.014671
1256, 0.462180, 0.014142
1257, 0.461630, 0.013553
1258, 0.464240, 0.019012
1259, 0.461640, 0.013821
1260, 0.463360, 0.015406
1261, 0.463230, 0.017931
1262, 0.462540, 0.014836
1263, 0.465430, 0.021277
1264, 0.463100, 0.016760
1265, 0.461690, 0.013169
1266, 0.462770, 0.015633
1267, 0.462940, 0.018680
1268, 0.462940, 0.013855
1269, 0.463580, 0.016019
1270, 0.462660, 0.014746
1271, 0.462880, 0.014503
1272, 0.462250, 0.015123
1273, 0.463400, 0.018284
1274, 0.462920, 0.018206
1275, 0.463580, 0.017653
1276, 0.462970, 0.014833
1277, 0.462520, 0.014402
1278, 0.462600, 0.013036
1279, 0.464620, 0.022884
1280, 0.462100, 0.012564
1281, 0.461940, 0.013435
1282, 0.462020, 0.015001
1283, 0.462070, 0.012796
1284, 0.463230, 0.018453
1285, 0.462190, 0.013241
1286, 0.461580, 0.013534
1287, 0.463430, 0.018737
1288, 0.465820, 0.025872
1289, 0.464250, 0.019435
1290, 0.462980, 0.017723
1291, 0.461780, 0.013655
1292, 0.462270, 0.013225
1293, 0.463950, 0.019509
1294, 0.461940, 0.013578
1295, 0.464540, 0.021232
1296, 0.463220, 0.018043
1297, 0.462210, 0.013500
1298, 0.462030, 0.013002
1299, 0.463410, 0.018668
1300, 0.462090, 0.012791
1301, 0.461790, 0.013473
1302, 0.466340, 0.026134
1303, 0.463450, 0.019886
1304, 0.462850, 0.017619
1305, 0.462410, 0.012439
1306, 0.462770, 0.017832
1307, 0.465000, 0.021415
1308, 0.465520, 0.024192
1309, 0.463590, 0.018971
1310, 0.463520, 0.017384
1311, 0.462300, 0.015101
1312, 0.463930, 0.018763
1313, 0.461720, 0.012668
1314, 0.463260, 0.017944
1315, 0.465750, 0.024615
1316, 0.461810, 0.013624
1317, 0.463320, 0.019208
1318, 0.463060, 0.017392
1319, 0.461830, 0.013872
1320, 0.463420, 0.018110
1321, 0.464920, 0.024983
1322, 0.462020, 0.013360
1323, 0.463140, 0.018099
1324, 0.462820, 0.019192
1325, 0.466950, 0.027129
1326, 0.462970, 0.018268
1327, 0.463100, 0.018298
1328, 0.465620, 0.025379
1329, 0.464900, 0.023250
1330, 0.465580, 0.023462
1331, 0.463600, 0.018430
1332, 0.465880, 0.024831
1333, 0.463250, 0.018128
1334, 0.462430, 0.015605
1335, 0.464600, 0.020951
1336, 0.463510, 0.018347
1337, 0.463510, 0.018284
1338, 0.462280, 0.012625
1339, 0.462370, 0.015283
1340, 0.462310, 0.013416
1341, 0.463630, 0.018685
1342, 0.462990, 0.018075
1343, 0.463430, 0.017939
1344, 0.462100, 0.014035
1345, 0.463300, 0.015912
1346, 0.463560, 0.018585
1347, 0.465910, 0.026854
1348, 0.463010, 0.017367
1349, 0.462140, 0.013416
1350, 0.464740, 0.021229
1351, 0.463730, 0.019016
1352, 0.463270, 0.017969
1353, 0.463440, 0.017635
1354, 0.462050, 0.013899
1355, 0.463660, 0.018484
1356, 0.462460, 0.014536
1357, 0.462370, 0.013585
1358, 0.463410, 0.018475
1359, 0.462350, 0.013243
1360, 0.462770, 0.015837
1361, 0.463100, 0.019029
1362, 0.463670, 0.019686
1363, 0.464540, 0.020690
1364, 0.462900, 0.018633
1365, 0.462360, 0.013706
1366, 0.465920, 0.025995
1367, 0.462050, 0.013371
1368, 0.461630, 0.013184
1369, 0.464650, 0.021670
1370, 0.465030, 0.023090
1371, 0.462170, 0.013306
1372, 0.462720, 0.014036
1373, 0.462190, 0.012834
1374, 0.461800, 0.013702
1375, 0.463010, 0.015603
1376, 0.462250, 0.012978
1377, 0.463100, 0.016877
1378, 0.463870, 0.016385
1379, 0.462100, 0.013286
1380, 0.463740, 0.020435
1381, 0.462060, 0.012953
1382, 0.462850, 0.015632
1383, 0.461930, 0.012852
1384, 0.462880, 0.015377
1385, 0.462120, 0.013901
1386, 0.462090, 0.013406
1387, 0.462010, 0.013487
1388, 0.463570, 0.017926
1389, 0.462340, 0.013571
1390, 0.463020, 0.014365
1391, 0.461830, 0.012423
1392, 0.463900, 0.018497
1393, 0.461530, 0.012731
1394, 0.464220, 0.020385
1395, 0.462040, 0.013811
1396, 0.463110, 0.017111
1397, 0.462000, 0.013077
1398, 0.463040, 0.013960
1399, 0.463030, 0.016235
1400, 0.462150, 0.013279
1401, 0.463110, 0.014561
1402, 0.463540, 0.017379
1403, 0.463750, 0.016145
1404, 0.463720, 0.016912
1405, 0.463410, 0.016465
1406, 0.463020, 0.016225
1407, 0.462920, 0.016000
1408, 0.462920, 0.014895
1409, 0.462210, 0.013822
1410, 0.462130, 0.013673
1411, 0.461830, 0.012689
1412, 0.462680, 0.015105
1413, 0.463670, 0.015186
1414, 0.462270, 0.014114
1415, 0.463680, 0.016535
1416, 0.462630, 0.014918
1417, 0.462560, 0.013405
1418, 0.462480, 0.012538
1419, 0.463320, 0.016578
1420, 0.462460, 0.013634
1421, 0.462010, 0.013003
1422, 0.461600, 0.013545
1423, 0.462930, 0.014369
1424, 0.463460, 0.017297
1425, 0.463050, 0.015822
1426, 0.462840, 0.016600
1427, 0.462380, 0.015345
1428, 0.462900, 0.014626
1429, 0.461920, 0.014368
1430, 0.462230, 0.013776
1431, 0.462680, 0.015538
1432, 0.462770, 0.015021
1433, 0.463620, 0.015774
1434, 0.462830, 0.016440
1435, 0.462160, 0.013475
1436, 0.463380, 0.016072
1437, 0.463450, 0.017644
1438, 0.463060, 0.014515
1439, 0.462040, 0.015140
1440, 0.462160, 0.013275
1441, 0.462670, 0.015388
1442, 0.464650, 0.018966
1443, 0.462510, 0.015904
1444, 0.463050, 0.015864
1445, 0.462650, 0.014635
1446, 0.463030, 0.015317
1447, 0.463050, 0.014593
1448, 0.462860, 0.014493
1449, 0.463590, 0.016454
1450, 0.462730, 0.013817
1451, 0.461780, 0.012928
1452, 0.461720, 0.013109
1453, 0.461680, 0.012531
1454, 0.462590, 0.015108
1455, 0.462490, 0.014999
1456, 0.463090, 0.016022
1457, 0.462940, 0.016965
1458, 0.462070, 0.013065
1459, 0.464310, 0.019304
1460, 0.461770, 0.014075
1461, 0.462500, 0.012730
1462, 0.461710, 0.013812
1463, 0.462670, 0.014139
1464, 0.461570, 0.013728
1465, 0.461580, 0.013797
1466, 0.462850, 0.014247
1467, 0.461740, 0.013322
1468, 0.461780, 0.012698
1469, 0.462680, 0.015323
1470, 0.462600, 0.015407
1471, 0.461990, 0.013109
1472, 0.461740, 0.013583
1473, 0.462180, 0.014665
1474, 0.462500, 0.016265
1475, 0.461410, 0.013890
1476, 0.462380, 0.012898
1477, 0.461680, 0.013926
1478, 0.462710, 0.015357
1479, 0.463810, 0.017329
1480, 0.463610, 0.016544
1481, 0.462190, 0.013058
1482, 0.461500, 0.014033
1483, 0.461790, 0.013035
1484, 0.462100, 0.013851
1485, 0.462650, 0.013928
1486, 0.461540, 0.013075
1487, 0.463610, 0.017364
1488, 0.462260, 0.012879
1489, 0.461840, 0.014605
1490, 0.461740, 0.013945
1491, 0.461080, 0.013451
1492, 0.462400, 0.014009
1493, 0.462000, 0.012954
1494, 0.462350, 0.015253
1495, 0.462280, 0.013893
1496, 0.462340, 0.014336
1497, 0.461810, 0.013750
1498, 0.462050, 0.013480
1499, 0.462440, 0.015677
1500, 0.461910, 0.013422
1501, 0.462050, 0.016272
1502, 0.462480, 0.013970
1503, 0.461650, 0.012789
1504, 0.461810, 0.013967
1505, 0.463890, 0.016715
1506, 0.462430, 0.015276
1507, 0.462470, 0.015602
1508, 0.461410, 0.012409
1509, 0.462840, 0.017632
1510, 0.462330, 0.013946
1511, 0.464030, 0.018662
1512, 0.461590, 0.013900
1513, 0.463750, 0.016365
1514, 0.461730, 0.013451
1515, 0.462870, 0.015573
1516, 0.461020, 0.012243
1517, 0.461760, 0.015695
1518, 0.463570, 0.017728
1519, 0.462330, 0.015316
1520, 0.462750, 0.016381
1521, 0.461990, 0.012717
1522, 0.462990, 0.016990
1523, 0.464620, 0.018677
1524, 0.461770, 0.013835
1525, 0.462350, 0.015703
1526, 0.461280, 0.012708
1527, 0.463420, 0.017260
1528, 0.461890, 0.012707
1529, 0.461660, 0.013663
1530, 0.461880, 0.013501
1531, 0.462490, 0.012578
1532, 0.460980, 0.013856
1533, 0.464260, 0.017541
1534, 0.463910, 0.018879
1535, 0.462770, 0.016917
1536, 0.461660, 0.013350
1537, 0.461610, 0.013274
1538, 0.462920, 0.014381
1539, 0.461830, 0.013623
1540, 0.462040, 0.015722
1541, 0.461730, 0.012958
1542, 0.462110, 0.015134
1543, 0.462230, 0.014962
1544, 0.463350, 0.018145
1545, 0.462450, 0.014929
1546, 0.461600, 0.012972
1547, 0.462730, 0.015473
1548, 0.463170, 0.017227
1549, 0.463370, 0.016477
1550, 0.463130, 0.017568
1551, 0.463190, 0.015678
1552, 0.461990, 0.015897
1553, 0.462390, 0.016094
1554, 0.461700, 0.013441
1555, 0.463010, 0.017986
1556, 0.462190, 0.012175
1557, 0.463700, 0.017099
1558, 0.463540, 0.017099
1559, 0.463330, 0.017626
1560, 0.461800, 0.013739
1561, 0.462030, 0.014140
1562, 0.461850, 0.016063
1563, 0.462440, 0.015565
1564, 0.462170, 0.014670
1565, 0.462880, 0.015104
1566, 0.461890, 0.013941
1567, 0.462510, 0.016714
1568, 0.462400, 0.015863
1569, 0.462160, 0.015015
1570, 0.461360, 0.013165
1571, 0.461570, 0.012788
1572, 0.461880, 0.013434
1573, 0.461780, 0.014346
1574, 0.462410, 0.014504
1575, 0.461420, 0.013532
1576, 0.461210, 0.012645
1577, 0.462370, 0.016140
1578, 0.462250, 0.014320
1579, 0.463010, 0.017833
1580, 0.461840, 0.013750
1581, 0.460700, 0.013166
1582, 0.463850, 0.017854
1583, 0.462650, 0.014676
1584, 0.462230, 0.014975
1585, 0.461560, 0.013728
1586, 0.461570, 0.012796
1587, 0.461840, 0.014137
1588, 0.462450, 0.016181
1589, 0.461210, 0.012642
1590, 0.461280, 0.013261
1591, 0.461950, 0.013232
1592, 0.461760, 0.013445
1593, 0.462050, 0.014808
1594, 0.461830, 0.015353
1595, 0.461770, 0.013412
1596, 0.461400, 0.013327
1597, 0.461530, 0.013285
1598, 0.461530, 0.013524
1599, 0.462560, 0.016254
1600, 0.462330, 0.016271
1601, 0.461680, 0.013278
1602, 0.461320, 0.013536
1603, 0.463100, 0.017918
1604, 0.462240, 0.014490
1605, 0.462040, 0.013187
1606, 0.462510, 0.014420
1607, 0.461200, 0.013328
1608, 0.461170, 0.013610
1609, 0.461480, 0.012497
1610, 0.461180, 0.013373
1611, 0.462070, 0.014929
1612, 0.461680, 0.013627
1613, 0.461360, 0.014011
1614, 0.461380, 0.012903
1615, 0.463000, 0.017867
1616, 0.461210, 0.013116
1617, 0.462260, 0.015819
1618, 0.462730, 0.015391
1619, 0.461340, 0.012670
1620, 0.460990, 0.013708
1621, 0.461610, 0.013147
1622, 0.461530, 0.013349
1623, 0.461790, 0.013092
1624, 0.461300, 0.012573
1625, 0.461660, 0.013316
1626, 0.461620, 0.012423
1627, 0.461110, 0.013603
1628, 0.462520, 0.015299
1629, 0.461690, 0.012885
1630, 0.461540, 0.013688
1631, 0.461590, 0.012813
1632, 0.461150, 0.013736
1633, 0.462380, 0.015816
1634, 0.462290, 0.012744
1635, 0.461920, 0.013868
1636, 0.461650, 0.012712
1637, 0.461220, 0.013543
1638, 0.461630, 0.013746
1639, 0.461070, 0.012642
1640, 0.461380, 0.013165
1641, 0.461510, 0.013218
1642, 0.462130, 0.015361
1643, 0.461660, 0.013613
1644, 0.461970, 0.012362
1645, 0.461440, 0.013321
1646, 0.461600, 0.012793
1647, 0.461650, 0.014076
1648, 0.462020, 0.015745
1649, 0.463510, 0.017486
1650, 0.461880, 0.014762
1651, 0.461600, 0.013045
1652, 0.461080, 0.014006
1653, 0.461670, 0.013664
1654, 0.461010, 0.012992
1655, 0.461250, 0.013744
1656, 0.461110, 0.013377
1657, 0.461990, 0.015538
1658, 0.462290, 0.015319
1659, 0.461460, 0.012435
1660, 0.461630, 0.013753
1661, 0.460960, 0.012858
1662, 0.462040, 0.016157
1663, 0.462840, 0.016833
1664, 0.462880, 0.014965
1665, 0.461720, 0.013681
1666, 0.461000, 0.012848
1667, 0.461760, 0.015392
1668, 0.463610, 0.019672
1669, 0.461690, 0.012521
1670, 0.463970, 0.019236
1671, 0.462830, 0.017246
1672, 0.461500, 0.013292
1673, 0.461310, 0.013644
1674, 0.461410, 0.012952
1675, 0.461750, 0.015777
1676, 0.462600, 0.017085
1677, 0.462120, 0.015916
1678, 0.463400, 0.017530
1679, 0.461930, 0.015355
1680, 0.460880, 0.013537
1681, 0.463480, 0.017364
1682, 0.462160, 0.015092
1683, 0.462260, 0.013917
1684, 0.460860, 0.012730
1685, 0.461480, 0.013564
1686, 0.462470, 0.015394
1687, 0.462310, 0.014457
1688, 0.462160, 0.013057
1689, 0.460930, 0.012972
1690, 0.462150, 0.016451
1691, 0.463500, 0.018162
1692, 0.463070, 0.017082
1693, 0.462870, 0.014369
1694, 0.462070, 0.015015
1695, 0.462310, 0.015378
1696, 0.461830, 0.013170
1697, 0.463170, 0.017898
1698, 0.461970, 0.015453
1699, 0.461090, 0.012781
1700, 0.463310, 0.017562
1701, 0.461570, 0.015221
1702, 0.461470, 0.015617
1703, 0.462230, 0.013568
1704, 0.460950, 0.013364
1705, 0.461320, 0.013441
1706, 0.463960, 0.019534
1707, 0.462030, 0.015379
1708, 0.462360, 0.016649
1709, 0.461830, 0.015122
1710, 0.461970, 0.015970
1711, 0.461880, 0.013442
1712, 0.462450, 0.015255
1713, 0.463330, 0.017030
1714, 0.461870, 0.015575
1715, 0.461230, 0.013626
1716, 0.461630, 0.012734
1717, 0.461250, 0.013246
1718, 0.461680, 0.013893
1719, 0.461110, 0.012580
1720, 0.461650, 0.015840
1721, 0.463510, 0.016094
1722, 0.463090, 0.017997
1723, 0.463100, 0.017283
1724, 0.461820, 0.013175
1725, 0.461370, 0.013625
1726, 0.462320, 0.014687
1727, 0.461080, 0.013442
1728, 0.462060, 0.016331
1729, 0.462090, 0.012708
1730, 0.461600, 0.013759
1731, 0.463520, 0.016880
1732, 0.462260, 0.015031
1733, 0.461620, 0.013780
1734, 0.462470, 0.015041
1735, 0.461210, 0.013600
1736, 0.461060, 0.012938
1737, 0.462750, 0.016932
1738, 0.462990, 0.016905
1739, 0.463180, 0.016484
1740, 0.462270, 0.016070
1741, 0.461680, 0.012913
1742, 0.461680, 0.013514
1743, 0.462260, 0.015621
1744, 0.461350, 0.013378
1745, 0.462990, 0.017814
1746, 0.461360, 0.013905
1747, 0.462010, 0.015188
1748, 0.461980, 0.013841
1749, 0.461360, 0.013089
1750, 0.461440, 0.013469
1751, 0.461640, 0.013945
1752, 0.461290, 0.013515
1753, 0.462190, 0.015145
1754, 0.460800, 0.012705
1755, 0.463310, 0.017302
1756, 0.461920, 0.013418
1757, 0.463090, 0.016693
1758, 0.461650, 0.013743
1759, 0.460940, 0.013210
1760, 0.462270, 0.015720
1761, 0.461210, 0.013849
1762, 0.461200, 0.012723
1763, 0.461540, 0.013569
1764, 0.462070, 0.015335
1765, 0.461760, 0.013845
1766, 0.461390, 0.013586
1767, 0.461690, 0.012854
1768, 0.461520, 0.013116
1769, 0.462000, 0.016097
1770, 0.461360, 0.014065
1771, 0.461310, 0.013559
1772, 0.462010, 0.015179
1773, 0.461860, 0.013538
1774, 0.460910, 0.012742
1775, 0.461330, 0.013443
1776, 0.461150, 0.013957
1777, 0.461570, 0.013137
1778, 0.461530, 0.013453
1779, 0.462350, 0.015850
1780, 0.462270, 0.015447
1781, 0.462310, 0.013513
1782, 0.461130, 0.012834
1783, 0.461850, 0.013628
1784, 0.460990, 0.012278
1785, 0.460830, 0.013578
1786, 0.461730, 0.013879
1787, 0.461160, 0.013126
1788, 0.461130, 0.013125
1789, 0.461160, 0.012695
1790, 0.460940, 0.013704
1791, 0.461130, 0.013064
1792, 0.461010, 0.012936
1793, 0.461440, 0.014192
1794, 0.461090, 0.013058
1795, 0.461290, 0.013919
1796, 0.461320, 0.013974
1797, 0.460960, 0.012467
1798, 0.460870, 0.014028
1799, 0.461270, 0.012984
1800, 0.462360, 0.015255
1801, 0.461400, 0.013504
1802, 0.461150, 0.012950
1803, 0.460960, 0.013209
1804, 0.461290, 0.013155
1805, 0.461100, 0.013579
1806, 0.461800, 0.015756
1807, 0.461150, 0.013377
1808, 0.461250, 0.013652
1809, 0.461550, 0.012269
1810, 0.460890, 0.013420
1811, 0.460870, 0.013799
1812, 0.461690, 0.015473
1813, 0.461590, 0.013319
1814, 0.462030, 0.015030
1815, 0.460700, 0.013563
1816, 0.461700, 0.013972
1817, 0.461040, 0.013090
1818, 0.461000, 0.013392
1819, 0.461230, 0.012928
1820, 0.460490, 0.013767
1821, 0.461320, 0.013357
1822, 0.461100, 0.012621
1823, 0.461140, 0.014110
1824, 0.461480, 0.012999
1825, 0.460680, 0.013193
1826, 0.461890, 0.015744
1827, 0.461340, 0.013566
1828, 0.461050, 0.013734
1829, 0.461300, 0.012912
1830, 0.461610, 0.016826
1831, 0.460770, 0.013209
1832, 0.461930, 0.014991
1833, 0.460890, 0.013910
1834, 0.461260, 0.013140
1835, 0.461100, 0.013776
1836, 0.461160, 0.013821
1837, 0.461100, 0.012988
1838, 0.460800, 0.013760
1839, 0.461840, 0.015038
1840, 0.460940, 0.013642
1841, 0.460590, 0.014161
1842, 0.461300, 0.013409
1843, 0.460650, 0.013924
1844, 0.461180, 0.012919
1845, 0.461170, 0.013732
1846, 0.460860, 0.013284
1847, 0.461160, 0.012200
1848, 0.460530, 0.013966
1849, 0.460960, 0.012647
1850, 0.461020, 0.014136
1851, 0.461130, 0.013447
1852, 0.461360, 0.012808
1853, 0.460880, 0.012940
1854, 0.461480, 0.015807
1855, 0.462230, 0.016152
1856, 0.460810, 0.013441
1857, 0.461160, 0.012693
1858, 0.460640, 0.014000
1859, 0.461040, 0.012886
1860, 0.462290, 0.015976
1861, 0.460880, 0.013647
1862, 0.461120, 0.012761
1863, 0.461550, 0.015598
1864, 0.462360, 0.016685
1865, 0.460970, 0.013495
1866, 0.461710, 0.015943
1867, 0.461650, 0.014842
1868, 0.461390, 0.015180
1869, 0.461870, 0.015696
1870, 0.462290, 0.015353
1871, 0.461560, 0.013585
1872, 0.461210, 0.012865
1873, 0.462580, 0.017446
1874, 0.461260, 0.013034
1875, 0.462510, 0.017781
1876, 0.462380, 0.015183
1877, 0.461430, 0.015787
1878, 0.460770, 0.013994
1879, 0.461760, 0.012875
1880, 0.462000, 0.017416
1881, 0.461090, 0.013171
1882, 0.460670, 0.013208
1883, 0.462350, 0.016810
1884, 0.461400, 0.014519
1885, 0.463040, 0.019270
1886, 0.462390, 0.015837
1887, 0.461620, 0.015046
1888, 0.463670, 0.019206
1889, 0.460890, 0.013141
1890, 0.460580, 0.013619
1891, 0.462230, 0.015864
1892, 0.460680, 0.012989
1893, 0.461890, 0.015377
1894, 0.461310, 0.013017
1895, 0.461580, 0.016760
1896, 0.461030, 0.013619
1897, 0.462010, 0.015158
1898, 0.460470, 0.013388
1899, 0.461820, 0.014833
1900, 0.461490, 0.015987
1901, 0.460950, 0.013146
1902, 0.461520, 0.015284
1903, 0.460750, 0.013968
1904, 0.461880, 0.015367
1905, 0.462100, 0.015682
1906, 0.462640, 0.018124
1907, 0.460600, 0.012903
1908, 0.460610, 0.013881
1909, 0.461810, 0.015118
1910, 0.461630, 0.014308
1911, 0.461750, 0.015648
1912, 0.461050, 0.012630
1913, 0.461780, 0.015877
1914, 0.463810, 0.018377
1915, 0.462470, 0.017511
1916, 0.463570, 0.019521
1917, 0.461090, 0.013358
1918, 0.461330, 0.014119
1919, 0.463050, 0.017310
1920, 0.463070, 0.017001
1921, 0.462200, 0.015956
1922, 0.460850, 0.012922
1923, 0.461390, 0.015663
1924, 0.463160, 0.017280
1925, 0.461130, 0.013980
1926, 0.461760, 0.014971
1927, 0.460940, 0.013068
1928, 0.460450, 0.013501
1929, 0.461760, 0.013165
1930, 0.461370, 0.016072
1931, 0.461040, 0.013743
1932, 0.461110, 0.013145
1933, 0.460780, 0.013800
1934, 0.460910, 0.013071
1935, 0.462330, 0.018099
1936, 0.461640, 0.015845
1937, 0.461460, 0.012921
1938, 0.460940, 0.013796
1939, 0.461230, 0.013360
1940, 0.462270, 0.015332
1941, 0.460940, 0.013640
1942, 0.460620, 0.013006
1943, 0.462340, 0.017236
1944, 0.461290, 0.014099
1945, 0.460480, 0.012646
1946, 0.462700, 0.017324
1947, 0.461090, 0.013380
1948, 0.461550, 0.015321
1949, 0.461300, 0.013641
1950, 0.460770, 0.013060
1951, 0.461360, 0.013900
1952, 0.461480, 0.015483
1953, 0.461590, 0.014253
1954, 0.460990, 0.013305
1955, 0.461790, 0.016123
1956, 0.461910, 0.015952
1957, 0.461990, 0.016633
1958, 0.461990, 0.016226
1959, 0.461770, 0.015969
1960, 0.460560, 0.013253
1961, 0.461050, 0.013729
1962, 0.461420, 0.015663
1963, 0.460970, 0.013977
1964, 0.460720, 0.013831
1965, 0.460880, 0.013033
1966, 0.461110, 0.013997
1967, 0.462350, 0.017669
1968, 0.461260, 0.014315
1969, 0.460900, 0.013775
1970, 0.461460, 0.014932
1971, 0.461080, 0.014640
1972, 0.460610, 0.013286
1973, 0.461960, 0.016619
1974, 0.461790, 0.016528
1975, 0.460700, 0.013213
1976, 0.461270, 0.013922
1977, 0.460910, 0.012859
1978, 0.462400, 0.018749
1979, 0.461880, 0.016198
1980, 0.460650, 0.013431
1981, 0.460870, 0.014061
1982, 0.461290, 0.013065
1983, 0.461900, 0.016061
1984, 0.461690, 0.016065
1985, 0.460650, 0.013145
1986, 0.462170, 0.016075
1987, 0.460560, 0.013430
1988, 0.460860, 0.013769
1989, 0.461760, 0.015542
1990, 0.461500, 0.014632
1991, 0.461330, 0.014178
1992, 0.462220, 0.014979
1993, 0.460870, 0.013882
1994, 0.460810, 0.013020
1995, 0.460860, 0.012930
1996, 0.461890, 0.016177
1997, 0.461010, 0.013536
1998, 0.460880, 0.013624
1999, 0.460780, 0.014167
2000, 0.461000, 0.012434
2001, 0.461690, 0.013760
