Container_size, 268435456,key_space, 1184274
request bin, mean_latency, sd
0, 47.149830, 2.080125
1, 36.811390, 1.840534
2, 31.037760, 1.504943
3, 26.781180, 1.295750
4, 23.423880, 1.180457
5, 20.757830, 0.917737
6, 18.775650, 0.968884
7, 16.877800, 0.927878
8, 15.460280, 0.915708
9, 14.171340, 0.883302
10, 13.088160, 0.826424
11, 12.002490, 0.855493
12, 11.105030, 0.796011
13, 10.387120, 0.882875
14, 9.567490, 0.854954
15, 8.907140, 0.913426
16, 8.213470, 0.915689
17, 7.699710, 0.868761
18, 7.194090, 0.925465
19, 6.668990, 0.912819
20, 6.222050, 0.939490
21, 5.827780, 0.941633
22, 5.433490, 0.964071
23, 5.083440, 0.932721
24, 4.797000, 0.974775
25, 4.432840, 1.002584
26, 4.172100, 0.962675
27, 3.939930, 0.933635
28, 3.704060, 0.937985
29, 3.544500, 0.939119
30, 3.263650, 0.864225
31, 3.092540, 0.958602
32, 2.915500, 0.899191
33, 2.783770, 0.910226
34, 2.624260, 0.886238
35, 2.467520, 0.925653
36, 2.329810, 0.834469
37, 2.241240, 0.904325
38, 2.129910, 0.836647
39, 2.012710, 0.884288
40, 1.942290, 0.865050
41, 1.872440, 0.865309
42, 1.787880, 0.813832
43, 1.675730, 0.861744
44, 1.629030, 0.789415
45, 1.572430, 0.795163
46, 1.491940, 0.815684
47, 1.434340, 0.766892
48, 1.395020, 0.757618
49, 1.326980, 0.759920
50, 1.267940, 0.699180
51, 1.226200, 0.745979
52, 1.208900, 0.714426
53, 1.153500, 0.686885
54, 1.140310, 0.684491
55, 1.100010, 0.672383
56, 1.078130, 0.669053
57, 1.043340, 0.659620
58, 1.006470, 0.574920
59, 1.004650, 0.629968
60, 0.982910, 0.637611
61, 0.936050, 0.564590
62, 0.935370, 0.649313
63, 0.901600, 0.615506
64, 0.890900, 0.623472
65, 0.884630, 0.563158
66, 0.855970, 0.574611
67, 0.845890, 0.510327
68, 0.830720, 0.529959
69, 0.832260, 0.550918
70, 0.810330, 0.508165
71, 0.804070, 0.510071
72, 0.782470, 0.465225
73, 0.773620, 0.498721
74, 0.775430, 0.478200
75, 0.767330, 0.465209
76, 0.767080, 0.488059
77, 0.754910, 0.440444
78, 0.746020, 0.446199
79, 0.739690, 0.488850
80, 0.733200, 0.395265
81, 0.730810, 0.435573
82, 0.725800, 0.424996
83, 0.717570, 0.421331
84, 0.717640, 0.370494
85, 0.711240, 0.427167
86, 0.703800, 0.371840
87, 0.702200, 0.391779
88, 0.692610, 0.359225
89, 0.689520, 0.361789
90, 0.688760, 0.342523
91, 0.683690, 0.345003
92, 0.681980, 0.351502
93, 0.679420, 0.345656
94, 0.676790, 0.302492
95, 0.671740, 0.309655
96, 0.670960, 0.331894
97, 0.678780, 0.315583
98, 0.663110, 0.280778
99, 0.666390, 0.294751
100, 0.667800, 0.305592
101, 0.662890, 0.293645
102, 0.663110, 0.305311
103, 0.661410, 0.247967
104, 0.666830, 0.317256
105, 0.653100, 0.263013
106, 0.660080, 0.307989
107, 0.650120, 0.258758
108, 0.652420, 0.237786
109, 0.654580, 0.285481
110, 0.649410, 0.245988
111, 0.647930, 0.256301
112, 0.645250, 0.229782
113, 0.643660, 0.227685
114, 0.641130, 0.246431
115, 0.647680, 0.242993
116, 0.643650, 0.234624
117, 0.640060, 0.215636
118, 0.636000, 0.223048
119, 0.637470, 0.223734
120, 0.630740, 0.186503
121, 0.633820, 0.203406
122, 0.635040, 0.213643
123, 0.630610, 0.178941
124, 0.632360, 0.182678
125, 0.633450, 0.183880
126, 0.635060, 0.235778
127, 0.629410, 0.178667
128, 0.627270, 0.185120
129, 0.631280, 0.177088
130, 0.629170, 0.165464
131, 0.629280, 0.162390
132, 0.629930, 0.194837
133, 0.628240, 0.169664
134, 0.626880, 0.187327
135, 0.624530, 0.159614
136, 0.626580, 0.181221
137, 0.617220, 0.132401
138, 0.627390, 0.172291
139, 0.622810, 0.155429
140, 0.622290, 0.142135
141, 0.627770, 0.165490
142, 0.621100, 0.138753
143, 0.622520, 0.127405
144, 0.617740, 0.129485
145, 0.619330, 0.159010
146, 0.625090, 0.146603
147, 0.617150, 0.136463
148, 0.620720, 0.126658
149, 0.621380, 0.125534
150, 0.615870, 0.117395
151, 0.614950, 0.115572
152, 0.611110, 0.095304
153, 0.616760, 0.127838
154, 0.617020, 0.124227
155, 0.619610, 0.124699
156, 0.616130, 0.114347
157, 0.617590, 0.110779
158, 0.619490, 0.128822
159, 0.617870, 0.118503
160, 0.614400, 0.100729
161, 0.611380, 0.089504
162, 0.614240, 0.097304
163, 0.613770, 0.116537
164, 0.614330, 0.095468
165, 0.611920, 0.080587
166, 0.613720, 0.113503
167, 0.613410, 0.083797
168, 0.617160, 0.083293
169, 0.611730, 0.059200
170, 0.611520, 0.076681
171, 0.609410, 0.074392
172, 0.613390, 0.084940
173, 0.610590, 0.077954
174, 0.612450, 0.087878
175, 0.609400, 0.076061
176, 0.612380, 0.063380
177, 0.608750, 0.067164
178, 0.612100, 0.073712
179, 0.609440, 0.071363
180, 0.611910, 0.074613
181, 0.611570, 0.076820
182, 0.611230, 0.070641
183, 0.611050, 0.074161
184, 0.610170, 0.067869
185, 0.607140, 0.063987
186, 0.608570, 0.055781
187, 0.611620, 0.084956
188, 0.605570, 0.042126
189, 0.611150, 0.074544
190, 0.611810, 0.068102
191, 0.608020, 0.072062
192, 0.607390, 0.058863
193, 0.609150, 0.065022
194, 0.606520, 0.053473
195, 0.607430, 0.051732
196, 0.608700, 0.054011
197, 0.609970, 0.075101
198, 0.607980, 0.059782
199, 0.604370, 0.059905
200, 0.603480, 0.057815
201, 0.607430, 0.038451
202, 0.606110, 0.047505
203, 0.602710, 0.035280
204, 0.608480, 0.039820
205, 0.603290, 0.042480
206, 0.604780, 0.032137
207, 0.604460, 0.048494
208, 0.602020, 0.039523
209, 0.607400, 0.044104
210, 0.606300, 0.046876
211, 0.604300, 0.055734
212, 0.605780, 0.042085
213, 0.607200, 0.054638
214, 0.607120, 0.037694
215, 0.606170, 0.037285
216, 0.604430, 0.045074
217, 0.606450, 0.046560
218, 0.604900, 0.038580
219, 0.600580, 0.030012
220, 0.607920, 0.037345
221, 0.601650, 0.032232
222, 0.603690, 0.038949
223, 0.602350, 0.035018
224, 0.606640, 0.043523
225, 0.601100, 0.037588
226, 0.602690, 0.034216
227, 0.601600, 0.025107
228, 0.602740, 0.037213
229, 0.603820, 0.045393
230, 0.601220, 0.033550
231, 0.602760, 0.042864
232, 0.602350, 0.031362
233, 0.602500, 0.033823
234, 0.601150, 0.027815
235, 0.601000, 0.028387
236, 0.604400, 0.034354
237, 0.602990, 0.032227
238, 0.599970, 0.022216
239, 0.601940, 0.042672
240, 0.600250, 0.020961
241, 0.602800, 0.030664
242, 0.600360, 0.026167
243, 0.601170, 0.026566
244, 0.598550, 0.034230
245, 0.601590, 0.031079
246, 0.604010, 0.024967
247, 0.605070, 0.034776
248, 0.598590, 0.024787
249, 0.601320, 0.025174
250, 0.602370, 0.037977
251, 0.602550, 0.029901
252, 0.599330, 0.032108
253, 0.600680, 0.025835
254, 0.601710, 0.027044
255, 0.602300, 0.026234
256, 0.601730, 0.030860
257, 0.598500, 0.028628
258, 0.600270, 0.027236
259, 0.603930, 0.028214
260, 0.599170, 0.029400
261, 0.600570, 0.028982
262, 0.602390, 0.025208
263, 0.602480, 0.029310
264, 0.596740, 0.024720
265, 0.601110, 0.027994
266, 0.600680, 0.022550
267, 0.593930, 0.027537
268, 0.604820, 0.023873
269, 0.596770, 0.024467
270, 0.598140, 0.024041
271, 0.601940, 0.034504
272, 0.602590, 0.030461
273, 0.595530, 0.025480
274, 0.601620, 0.025616
275, 0.602190, 0.030581
276, 0.597430, 0.028517
277, 0.608340, 0.030698
278, 0.602620, 0.028351
279, 0.604000, 0.032137
280, 0.607890, 0.030378
281, 0.595540, 0.026850
282, 0.607770, 0.026205
283, 0.600790, 0.025125
284, 0.602320, 0.026304
285, 0.598830, 0.024921
286, 0.601880, 0.027708
287, 0.598010, 0.020068
288, 0.596860, 0.023393
289, 0.601000, 0.026450
290, 0.599780, 0.022524
291, 0.598340, 0.016754
292, 0.597000, 0.021043
293, 0.595370, 0.023471
294, 0.597570, 0.024006
295, 0.597570, 0.023359
296, 0.599540, 0.024570
297, 0.595690, 0.028283
298, 0.598960, 0.024277
299, 0.597200, 0.023681
300, 0.594270, 0.022822
301, 0.600140, 0.020825
302, 0.596710, 0.018792
303, 0.596940, 0.024098
304, 0.597230, 0.024190
305, 0.596040, 0.017932
306, 0.596520, 0.021161
307, 0.597500, 0.016054
308, 0.596630, 0.027908
309, 0.595650, 0.024706
310, 0.597730, 0.023346
311, 0.597660, 0.020862
312, 0.596270, 0.020979
313, 0.592900, 0.026754
314, 0.596300, 0.022814
315, 0.594150, 0.021173
316, 0.598040, 0.023816
317, 0.597270, 0.021392
318, 0.595770, 0.021613
319, 0.596400, 0.025302
320, 0.595350, 0.020389
321, 0.598310, 0.021312
322, 0.593630, 0.023565
323, 0.594250, 0.024144
324, 0.598260, 0.022900
325, 0.594000, 0.021862
326, 0.592800, 0.021382
327, 0.594810, 0.025807
328, 0.593240, 0.022755
329, 0.600360, 0.015144
330, 0.593930, 0.022350
331, 0.597340, 0.019191
332, 0.593180, 0.025020
333, 0.594710, 0.014465
334, 0.591460, 0.019992
335, 0.595180, 0.020008
336, 0.593010, 0.020292
337, 0.595430, 0.025081
338, 0.594810, 0.023087
339, 0.596410, 0.024042
340, 0.590950, 0.021021
341, 0.590980, 0.027273
342, 0.596900, 0.019116
343, 0.595500, 0.022094
344, 0.595180, 0.022315
345, 0.595100, 0.021071
346, 0.595220, 0.021010
347, 0.591510, 0.020512
348, 0.591480, 0.020869
349, 0.595750, 0.020487
350, 0.591280, 0.017185
351, 0.592660, 0.020269
352, 0.596550, 0.021468
353, 0.590300, 0.026169
354, 0.592190, 0.018358
355, 0.594970, 0.022429
356, 0.588050, 0.023517
357, 0.595440, 0.023056
358, 0.592400, 0.020799
359, 0.594750, 0.019638
360, 0.590520, 0.031827
361, 0.592940, 0.024028
362, 0.589430, 0.022819
363, 0.591010, 0.019931
364, 0.592020, 0.021284
365, 0.595310, 0.017002
366, 0.592930, 0.018061
367, 0.594400, 0.015668
368, 0.588540, 0.027168
369, 0.588780, 0.023509
370, 0.589810, 0.022826
371, 0.594360, 0.016574
372, 0.589160, 0.022129
373, 0.593600, 0.020798
374, 0.591010, 0.019788
375, 0.594430, 0.018026
376, 0.587670, 0.023134
377, 0.592240, 0.019943
378, 0.590350, 0.019793
379, 0.591510, 0.021299
380, 0.587950, 0.023028
381, 0.587380, 0.023549
382, 0.592650, 0.021333
383, 0.586870, 0.024916
384, 0.592100, 0.020759
385, 0.588570, 0.024174
386, 0.593020, 0.018420
387, 0.594130, 0.022623
388, 0.588410, 0.022117
389, 0.591990, 0.021324
390, 0.590830, 0.022510
391, 0.589330, 0.018876
392, 0.585870, 0.027535
393, 0.591710, 0.019886
394, 0.590800, 0.021542
395, 0.590670, 0.024008
396, 0.591670, 0.022257
397, 0.587740, 0.023552
398, 0.588920, 0.023594
399, 0.589440, 0.019675
400, 0.591290, 0.022111
401, 0.589980, 0.019281
402, 0.589130, 0.022759
403, 0.591250, 0.017286
404, 0.586160, 0.025215
405, 0.590820, 0.027476
406, 0.588570, 0.025443
407, 0.592040, 0.025136
408, 0.590320, 0.020938
409, 0.587190, 0.025526
410, 0.588870, 0.023684
411, 0.590350, 0.021706
412, 0.586420, 0.023893
413, 0.589270, 0.019435
414, 0.584710, 0.025917
415, 0.587060, 0.021990
416, 0.590080, 0.021747
417, 0.592000, 0.014882
418, 0.589540, 0.020128
419, 0.586470, 0.024969
420, 0.588060, 0.025704
421, 0.586900, 0.026678
422, 0.589480, 0.020759
423, 0.587890, 0.022584
424, 0.588320, 0.022731
425, 0.588790, 0.022101
426, 0.589720, 0.024351
427, 0.587340, 0.020798
428, 0.587390, 0.022449
429, 0.589160, 0.022465
430, 0.591040, 0.022676
431, 0.588590, 0.019514
432, 0.588110, 0.023032
433, 0.585330, 0.022589
434, 0.585010, 0.023697
435, 0.586720, 0.021947
436, 0.588340, 0.022909
437, 0.585100, 0.022854
438, 0.588080, 0.018608
439, 0.584500, 0.026759
440, 0.586390, 0.024268
441, 0.590710, 0.024169
442, 0.583650, 0.024286
443, 0.586720, 0.022450
444, 0.589570, 0.019323
445, 0.586910, 0.023358
446, 0.585720, 0.024174
447, 0.587700, 0.023206
448, 0.587050, 0.021745
449, 0.584290, 0.022602
450, 0.587640, 0.021529
451, 0.584110, 0.024714
452, 0.589580, 0.021477
453, 0.587460, 0.023068
454, 0.586280, 0.022214
455, 0.586400, 0.021965
456, 0.586600, 0.024873
457, 0.585820, 0.023033
458, 0.586290, 0.023046
459, 0.583990, 0.024016
460, 0.585780, 0.024312
461, 0.586080, 0.023806
462, 0.590840, 0.019205
463, 0.583540, 0.025295
464, 0.587600, 0.020961
465, 0.583760, 0.025625
466, 0.587420, 0.022334
467, 0.583720, 0.022385
468, 0.586860, 0.023162
469, 0.583870, 0.024622
470, 0.588290, 0.022691
471, 0.586960, 0.019127
472, 0.578380, 0.027504
473, 0.584670, 0.026761
474, 0.585640, 0.023608
475, 0.587980, 0.020615
476, 0.584210, 0.021836
477, 0.584700, 0.022318
478, 0.577530, 0.028161
479, 0.586250, 0.025680
480, 0.589210, 0.018977
481, 0.585300, 0.021824
482, 0.582760, 0.024808
483, 0.584710, 0.024268
484, 0.582760, 0.025950
485, 0.586100, 0.022595
486, 0.588220, 0.020046
487, 0.583490, 0.022399
488, 0.586060, 0.024262
489, 0.583240, 0.025614
490, 0.581800, 0.023348
491, 0.585200, 0.023151
492, 0.585250, 0.023207
493, 0.585130, 0.020868
494, 0.581320, 0.025327
495, 0.580510, 0.023539
496, 0.583700, 0.022689
497, 0.582650, 0.024128
498, 0.586120, 0.021898
499, 0.584740, 0.020998
500, 0.580700, 0.025835
501, 0.582480, 0.023174
502, 0.582660, 0.023306
503, 0.581770, 0.023816
504, 0.582660, 0.024352
505, 0.583220, 0.025384
506, 0.581200, 0.024867
507, 0.586430, 0.021194
508, 0.581770, 0.025125
509, 0.583280, 0.023395
510, 0.581560, 0.025623
511, 0.585780, 0.019186
512, 0.583130, 0.023627
513, 0.578610, 0.026177
514, 0.580580, 0.025932
515, 0.584190, 0.025878
516, 0.586950, 0.020347
517, 0.582080, 0.025070
518, 0.581440, 0.026248
519, 0.582400, 0.023863
520, 0.582610, 0.029318
521, 0.588240, 0.019786
522, 0.580310, 0.026226
523, 0.580090, 0.025921
524, 0.583640, 0.021886
525, 0.583700, 0.022821
526, 0.583610, 0.023794
527, 0.585530, 0.021924
528, 0.576370, 0.026823
529, 0.581580, 0.024712
530, 0.582630, 0.025909
531, 0.582480, 0.025240
532, 0.588100, 0.018358
533, 0.579190, 0.025505
534, 0.580570, 0.024786
535, 0.580560, 0.027575
536, 0.578090, 0.026226
537, 0.581790, 0.024738
538, 0.582780, 0.024803
539, 0.583800, 0.021992
540, 0.578630, 0.027359
541, 0.581890, 0.023660
542, 0.582550, 0.023579
543, 0.581050, 0.023370
544, 0.579530, 0.024558
545, 0.579910, 0.024635
546, 0.583520, 0.021487
547, 0.582180, 0.023418
548, 0.578510, 0.027349
549, 0.578870, 0.025803
550, 0.581360, 0.023565
551, 0.581030, 0.023233
552, 0.579380, 0.024678
553, 0.578720, 0.026692
554, 0.580930, 0.024996
555, 0.585560, 0.019409
556, 0.577810, 0.024811
557, 0.580770, 0.024010
558, 0.578400, 0.024703
559, 0.579580, 0.025736
560, 0.578460, 0.026381
561, 0.581320, 0.023297
562, 0.579270, 0.026156
563, 0.579920, 0.024518
564, 0.581180, 0.023526
565, 0.582120, 0.023197
566, 0.578140, 0.026032
567, 0.578760, 0.025629
568, 0.580380, 0.024764
569, 0.581840, 0.024753
570, 0.580740, 0.023892
571, 0.578590, 0.025199
572, 0.577710, 0.024887
573, 0.575240, 0.027711
574, 0.586380, 0.018753
575, 0.576970, 0.026060
576, 0.576050, 0.026967
577, 0.583120, 0.022932
578, 0.578720, 0.027437
579, 0.575370, 0.026801
580, 0.582890, 0.022345
581, 0.578530, 0.029151
582, 0.580920, 0.024830
583, 0.579830, 0.024126
584, 0.577890, 0.027543
585, 0.582980, 0.022074
586, 0.576900, 0.025410
587, 0.577050, 0.025850
588, 0.577400, 0.025445
589, 0.577170, 0.027319
590, 0.578530, 0.025289
591, 0.578660, 0.024386
592, 0.576950, 0.025902
593, 0.579480, 0.024904
594, 0.573080, 0.028748
595, 0.578470, 0.025249
596, 0.582720, 0.020657
597, 0.574160, 0.027542
598, 0.576100, 0.026430
599, 0.575570, 0.026123
600, 0.581990, 0.021609
601, 0.575460, 0.027433
602, 0.577610, 0.024912
603, 0.576620, 0.026380
604, 0.578230, 0.025701
605, 0.578210, 0.025148
606, 0.579180, 0.024573
607, 0.573450, 0.028113
608, 0.580210, 0.023881
609, 0.576050, 0.025441
610, 0.576340, 0.026675
611, 0.576680, 0.025879
612, 0.575300, 0.026584
613, 0.581120, 0.023610
614, 0.573930, 0.027735
615, 0.576260, 0.028385
616, 0.576330, 0.026401
617, 0.577990, 0.024444
618, 0.576980, 0.025491
619, 0.574230, 0.026361
620, 0.574700, 0.026327
621, 0.577180, 0.025534
622, 0.577950, 0.027610
623, 0.577160, 0.025848
624, 0.576710, 0.025612
625, 0.577630, 0.026106
626, 0.574540, 0.026931
627, 0.581030, 0.025189
628, 0.572260, 0.028920
629, 0.578200, 0.026179
630, 0.577590, 0.025604
631, 0.573430, 0.026256
632, 0.574170, 0.025955
633, 0.576860, 0.025422
634, 0.575430, 0.026980
635, 0.574870, 0.026283
636, 0.574370, 0.026887
637, 0.575960, 0.025648
638, 0.576630, 0.026379
639, 0.576900, 0.025872
640, 0.572940, 0.026953
641, 0.576960, 0.025725
642, 0.575990, 0.025756
643, 0.579380, 0.025913
644, 0.575550, 0.026640
645, 0.573720, 0.027664
646, 0.576660, 0.026723
647, 0.574520, 0.025578
648, 0.574470, 0.026876
649, 0.573680, 0.028889
650, 0.576910, 0.025380
651, 0.573850, 0.027040
652, 0.577090, 0.026780
653, 0.574360, 0.027574
654, 0.573720, 0.027205
655, 0.576700, 0.026485
656, 0.577010, 0.026743
657, 0.572880, 0.025640
658, 0.570180, 0.027703
659, 0.577050, 0.026691
660, 0.573520, 0.027045
661, 0.572580, 0.027622
662, 0.576050, 0.026363
663, 0.574840, 0.030205
664, 0.575010, 0.026144
665, 0.574700, 0.026791
666, 0.573170, 0.027869
667, 0.574760, 0.026383
668, 0.573270, 0.027013
669, 0.575340, 0.026930
670, 0.571750, 0.026811
671, 0.575250, 0.025743
672, 0.573000, 0.027736
673, 0.575900, 0.027002
674, 0.577010, 0.025359
675, 0.567250, 0.028774
676, 0.576350, 0.025450
677, 0.576030, 0.024552
678, 0.573320, 0.026347
679, 0.573820, 0.026495
680, 0.574560, 0.027816
681, 0.574230, 0.026169
682, 0.568940, 0.027667
683, 0.577560, 0.026394
684, 0.574980, 0.026798
685, 0.572930, 0.028459
686, 0.574820, 0.026440
687, 0.571310, 0.028681
688, 0.576770, 0.026978
689, 0.574040, 0.026190
690, 0.570810, 0.026899
691, 0.574930, 0.025698
692, 0.574590, 0.025379
693, 0.571230, 0.027921
694, 0.573470, 0.027020
695, 0.575720, 0.026714
696, 0.569310, 0.027967
697, 0.571030, 0.028243
698, 0.574670, 0.026771
699, 0.571170, 0.027616
700, 0.573270, 0.026944
701, 0.576690, 0.025058
702, 0.570410, 0.029909
703, 0.575100, 0.026196
704, 0.572150, 0.028127
705, 0.570790, 0.027554
706, 0.573130, 0.026480
707, 0.573860, 0.025853
708, 0.572680, 0.029471
709, 0.572180, 0.026838
710, 0.575230, 0.025953
711, 0.568040, 0.028957
712, 0.571650, 0.027367
713, 0.575960, 0.024755
714, 0.567270, 0.028951
715, 0.574000, 0.025813
716, 0.572500, 0.027640
717, 0.568540, 0.027659
718, 0.572400, 0.027058
719, 0.577390, 0.025433
720, 0.567040, 0.029632
721, 0.575190, 0.025562
722, 0.573420, 0.025038
723, 0.571980, 0.027078
724, 0.572270, 0.025986
725, 0.570990, 0.026855
726, 0.571490, 0.030561
727, 0.570240, 0.027894
728, 0.574750, 0.026946
729, 0.567550, 0.028554
730, 0.572930, 0.026298
731, 0.569740, 0.028585
732, 0.571060, 0.027256
733, 0.571550, 0.026527
734, 0.570710, 0.028529
735, 0.575640, 0.025991
736, 0.566590, 0.028916
737, 0.569950, 0.028263
738, 0.573070, 0.027189
739, 0.567360, 0.028838
740, 0.571440, 0.026576
741, 0.569920, 0.027245
742, 0.572610, 0.027998
743, 0.571300, 0.028301
744, 0.567140, 0.028093
745, 0.570610, 0.029578
746, 0.571880, 0.027663
747, 0.570380, 0.028393
748, 0.569810, 0.028094
749, 0.568410, 0.028013
750, 0.569280, 0.028302
751, 0.573660, 0.026430
752, 0.572630, 0.026178
753, 0.563370, 0.029193
754, 0.570940, 0.028292
755, 0.571700, 0.026897
756, 0.568810, 0.028086
757, 0.570750, 0.026812
758, 0.568420, 0.029748
759, 0.570260, 0.028163
760, 0.568680, 0.027575
761, 0.569060, 0.029558
762, 0.570790, 0.027362
763, 0.566780, 0.030026
764, 0.570840, 0.027248
765, 0.570120, 0.028409
766, 0.572090, 0.027050
767, 0.569390, 0.027769
768, 0.564660, 0.027802
769, 0.574250, 0.024936
770, 0.568900, 0.029897
771, 0.565760, 0.028300
772, 0.571980, 0.025847
773, 0.569910, 0.029044
774, 0.565310, 0.030089
775, 0.571860, 0.026981
776, 0.566710, 0.028035
777, 0.566980, 0.027348
778, 0.569430, 0.027736
779, 0.566160, 0.029038
780, 0.571090, 0.027303
781, 0.569530, 0.029218
782, 0.566510, 0.029879
783, 0.571540, 0.028322
784, 0.567080, 0.029114
785, 0.563870, 0.028431
786, 0.569020, 0.028443
787, 0.568150, 0.029172
788, 0.567110, 0.029249
789, 0.570310, 0.027018
790, 0.569070, 0.028104
791, 0.565720, 0.028896
792, 0.573820, 0.026069
793, 0.559360, 0.029796
794, 0.572000, 0.027748
795, 0.570340, 0.027591
796, 0.564420, 0.028359
797, 0.568300, 0.029290
798, 0.569220, 0.028268
799, 0.563500, 0.029228
800, 0.570480, 0.026822
801, 0.566110, 0.028784
802, 0.569200, 0.027862
803, 0.569620, 0.027998
804, 0.564370, 0.028920
805, 0.571860, 0.026724
806, 0.561910, 0.028990
807, 0.569540, 0.026981
808, 0.574280, 0.026647
809, 0.564060, 0.028752
810, 0.568020, 0.027884
811, 0.568800, 0.027224
812, 0.568380, 0.027714
813, 0.566930, 0.028435
814, 0.565770, 0.028564
815, 0.568250, 0.026841
816, 0.564480, 0.029348
817, 0.569680, 0.029167
818, 0.565190, 0.029308
819, 0.568410, 0.027983
820, 0.564440, 0.028290
821, 0.566790, 0.028889
822, 0.567800, 0.028514
823, 0.566090, 0.028246
824, 0.566100, 0.028300
825, 0.565360, 0.028582
826, 0.568920, 0.028215
827, 0.570770, 0.026610
828, 0.560940, 0.028329
829, 0.567140, 0.027773
830, 0.568630, 0.027193
831, 0.561300, 0.030046
832, 0.572090, 0.026905
833, 0.566480, 0.028543
834, 0.566170, 0.027954
835, 0.566100, 0.027953
836, 0.566630, 0.028624
837, 0.561970, 0.029636
838, 0.571550, 0.027502
839, 0.565410, 0.028490
840, 0.563790, 0.028219
841, 0.571050, 0.026582
842, 0.560410, 0.028248
843, 0.566290, 0.029386
844, 0.565810, 0.028960
845, 0.564270, 0.028225
846, 0.566130, 0.027649
847, 0.566550, 0.028774
848, 0.565590, 0.028707
849, 0.563380, 0.028524
850, 0.568450, 0.027912
851, 0.562980, 0.028859
852, 0.564440, 0.028437
853, 0.565340, 0.028858
854, 0.566080, 0.028730
855, 0.564130, 0.029151
856, 0.564750, 0.029149
857, 0.569130, 0.027058
858, 0.561080, 0.029277
859, 0.569410, 0.026535
860, 0.559680, 0.029296
861, 0.566980, 0.029602
862, 0.567800, 0.028751
863, 0.560750, 0.028818
864, 0.564630, 0.029036
865, 0.564090, 0.028892
866, 0.564500, 0.029257
867, 0.568860, 0.027461
868, 0.564150, 0.029147
869, 0.564040, 0.028941
870, 0.565900, 0.027560
871, 0.562860, 0.030140
872, 0.566130, 0.027752
873, 0.560580, 0.029782
874, 0.566600, 0.028577
875, 0.564950, 0.028370
876, 0.562810, 0.028946
877, 0.568000, 0.028571
878, 0.560750, 0.029222
879, 0.565740, 0.028671
880, 0.565870, 0.027616
881, 0.562400, 0.029447
882, 0.567740, 0.027831
883, 0.562090, 0.029818
884, 0.566310, 0.028645
885, 0.564050, 0.027450
886, 0.561980, 0.028852
887, 0.566240, 0.027444
888, 0.557710, 0.031201
889, 0.565760, 0.028795
890, 0.563970, 0.029669
891, 0.566360, 0.028305
892, 0.561430, 0.028178
893, 0.565780, 0.028461
894, 0.563130, 0.029145
895, 0.563730, 0.029255
896, 0.558550, 0.029650
897, 0.566450, 0.028514
898, 0.562810, 0.028939
899, 0.565870, 0.029671
900, 0.560420, 0.029837
901, 0.565200, 0.029566
902, 0.565600, 0.029098
903, 0.558680, 0.029404
904, 0.570960, 0.026994
905, 0.557230, 0.030265
906, 0.567520, 0.028129
907, 0.558280, 0.029950
908, 0.566280, 0.028646
909, 0.558010, 0.029954
910, 0.568150, 0.029541
911, 0.562820, 0.028787
912, 0.560600, 0.029688
913, 0.562010, 0.028956
914, 0.557410, 0.029910
915, 0.568140, 0.027989
916, 0.560440, 0.029482
917, 0.566710, 0.027717
918, 0.560050, 0.028624
919, 0.562350, 0.030115
920, 0.563710, 0.028876
921, 0.560810, 0.029140
922, 0.564630, 0.027133
923, 0.555640, 0.029378
924, 0.567370, 0.028089
925, 0.559910, 0.030074
926, 0.564480, 0.029089
927, 0.559350, 0.029887
928, 0.563470, 0.028405
929, 0.558600, 0.030389
930, 0.568510, 0.027441
931, 0.557880, 0.030404
932, 0.563700, 0.029012
933, 0.561600, 0.029770
934, 0.559100, 0.029828
935, 0.564320, 0.029366
936, 0.559900, 0.029926
937, 0.560030, 0.029511
938, 0.564260, 0.029751
939, 0.560770, 0.029009
940, 0.560740, 0.029933
941, 0.562190, 0.028904
942, 0.559460, 0.029460
943, 0.563040, 0.028141
944, 0.560650, 0.028192
945, 0.560870, 0.030401
946, 0.565330, 0.028325
947, 0.556880, 0.028781
948, 0.566220, 0.026568
949, 0.558460, 0.029710
950, 0.560950, 0.028802
951, 0.561060, 0.029117
952, 0.565280, 0.028258
953, 0.556890, 0.028743
954, 0.564430, 0.027726
955, 0.557220, 0.028525
956, 0.563420, 0.028927
957, 0.557080, 0.030864
958, 0.566170, 0.030494
959, 0.558930, 0.029225
960, 0.562270, 0.029750
961, 0.562390, 0.029979
962, 0.564180, 0.033826
963, 0.563940, 0.031749
964, 0.562240, 0.031531
965, 0.563430, 0.031904
966, 0.569310, 0.034862
967, 0.561890, 0.032916
968, 0.563560, 0.035509
969, 0.565110, 0.034264
970, 0.565070, 0.034825
971, 0.566130, 0.034651
972, 0.565120, 0.034356
973, 0.565530, 0.035337
974, 0.565650, 0.033836
975, 0.559840, 0.033236
976, 0.562610, 0.033986
977, 0.564970, 0.037952
978, 0.561390, 0.033961
979, 0.565800, 0.030761
980, 0.561040, 0.029561
981, 0.560010, 0.029743
982, 0.561630, 0.029804
983, 0.559630, 0.028315
984, 0.561370, 0.030297
985, 0.559360, 0.029860
986, 0.557190, 0.029484
987, 0.564240, 0.027909
988, 0.557330, 0.029815
989, 0.562260, 0.029239
990, 0.553730, 0.029144
991, 0.561710, 0.029344
992, 0.558260, 0.028678
993, 0.562100, 0.027981
994, 0.557280, 0.028235
995, 0.560470, 0.028417
996, 0.561650, 0.029158
997, 0.558840, 0.029527
998, 0.556960, 0.029768
999, 0.559400, 0.030739
1000, 0.560860, 0.029550
1001, 0.560490, 0.029981
1002, 0.558540, 0.029591
1003, 0.556830, 0.029344
1004, 0.561410, 0.028238
1005, 0.557890, 0.027699
1006, 0.562680, 0.029095
1007, 0.555380, 0.029630
1008, 0.563820, 0.028545
1009, 0.558190, 0.029680
1010, 0.561330, 0.029643
1011, 0.557020, 0.029592
1012, 0.560650, 0.029006
1013, 0.554330, 0.029975
1014, 0.560700, 0.030650
1015, 0.557190, 0.029974
1016, 0.558470, 0.028408
1017, 0.561130, 0.029069
1018, 0.556950, 0.028513
1019, 0.560800, 0.029815
1020, 0.556200, 0.030129
1021, 0.557640, 0.030047
1022, 0.563620, 0.029614
1023, 0.557580, 0.028891
1024, 0.561220, 0.028471
1025, 0.558460, 0.029278
1026, 0.558490, 0.030357
1027, 0.560410, 0.029570
1028, 0.557050, 0.029527
1029, 0.555370, 0.030254
1030, 0.561020, 0.029355
1031, 0.559040, 0.029336
1032, 0.558710, 0.030242
1033, 0.556880, 0.030003
1034, 0.557100, 0.029577
1035, 0.560450, 0.028078
1036, 0.558320, 0.028261
1037, 0.555450, 0.028500
1038, 0.561110, 0.028545
1039, 0.554000, 0.028970
1040, 0.559950, 0.029937
1041, 0.556590, 0.030170
1042, 0.558870, 0.029273
1043, 0.558910, 0.029687
1044, 0.553580, 0.029171
1045, 0.558270, 0.030685
1046, 0.559260, 0.029634
1047, 0.554290, 0.030356
1048, 0.560960, 0.029211
1049, 0.555900, 0.029076
1050, 0.558290, 0.030205
1051, 0.559350, 0.029960
1052, 0.558200, 0.029664
1053, 0.558210, 0.030131
1054, 0.559210, 0.029399
1055, 0.557510, 0.028468
1056, 0.554960, 0.029480
1057, 0.561370, 0.028652
1058, 0.552950, 0.028521
1059, 0.560050, 0.028622
1060, 0.555330, 0.029762
1061, 0.557980, 0.030506
1062, 0.558620, 0.029734
1063, 0.557500, 0.028356
1064, 0.557130, 0.028693
1065, 0.557310, 0.028263
1066, 0.555760, 0.029220
1067, 0.559860, 0.028685
1068, 0.552490, 0.029647
1069, 0.561160, 0.029795
1070, 0.554570, 0.030386
1071, 0.559430, 0.028570
1072, 0.553700, 0.029459
1073, 0.559020, 0.029200
1074, 0.555760, 0.027891
1075, 0.557400, 0.029585
1076, 0.554750, 0.029843
1077, 0.557330, 0.029554
1078, 0.555120, 0.029358
1079, 0.556720, 0.030242
1080, 0.555160, 0.029940
1081, 0.557940, 0.028582
1082, 0.555820, 0.028974
1083, 0.555230, 0.029009
1084, 0.553060, 0.029348
1085, 0.559570, 0.029342
1086, 0.555630, 0.030026
1087, 0.555080, 0.030409
1088, 0.560440, 0.028595
1089, 0.551060, 0.029203
1090, 0.561760, 0.028702
1091, 0.548850, 0.028291
1092, 0.561600, 0.028272
1093, 0.550920, 0.028695
1094, 0.560330, 0.028799
1095, 0.549690, 0.028653
1096, 0.562280, 0.028773
1097, 0.550140, 0.029385
1098, 0.557910, 0.030015
1099, 0.554250, 0.029814
1100, 0.559010, 0.031562
1101, 0.551360, 0.028285
1102, 0.560180, 0.028736
1103, 0.553020, 0.028150
1104, 0.557390, 0.027672
1105, 0.556470, 0.029749
1106, 0.552930, 0.028826
1107, 0.557500, 0.030542
1108, 0.556040, 0.029976
1109, 0.554720, 0.029744
1110, 0.556230, 0.029897
1111, 0.556770, 0.029553
1112, 0.554070, 0.029396
1113, 0.553690, 0.028876
1114, 0.555830, 0.028971
1115, 0.556570, 0.029164
1116, 0.554100, 0.029290
1117, 0.556290, 0.029615
1118, 0.553730, 0.029830
1119, 0.554910, 0.030649
1120, 0.556230, 0.030236
1121, 0.553520, 0.028983
1122, 0.556320, 0.030429
1123, 0.556220, 0.029613
1124, 0.556030, 0.029046
1125, 0.552710, 0.029347
1126, 0.552610, 0.028820
1127, 0.558770, 0.029437
1128, 0.552580, 0.030389
1129, 0.558370, 0.030714
1130, 0.554590, 0.029360
1131, 0.555900, 0.029646
1132, 0.551270, 0.029710
1133, 0.558340, 0.028355
1134, 0.554180, 0.029229
1135, 0.557800, 0.028464
1136, 0.553730, 0.028433
1137, 0.555530, 0.029366
1138, 0.552500, 0.029426
1139, 0.557030, 0.029848
1140, 0.550510, 0.030693
1141, 0.557660, 0.030509
1142, 0.555080, 0.029121
1143, 0.551320, 0.029423
1144, 0.554600, 0.030193
1145, 0.552260, 0.029401
1146, 0.557370, 0.029674
1147, 0.551970, 0.029508
1148, 0.553750, 0.029083
1149, 0.554080, 0.029418
1150, 0.550380, 0.029742
1151, 0.556120, 0.029873
1152, 0.552060, 0.031316
1153, 0.552550, 0.029346
1154, 0.553500, 0.029988
1155, 0.553120, 0.030176
1156, 0.551570, 0.029351
1157, 0.555080, 0.031042
1158, 0.553430, 0.029660
1159, 0.552540, 0.029284
1160, 0.552140, 0.029141
1161, 0.556120, 0.028759
1162, 0.549590, 0.029316
1163, 0.559080, 0.029733
1164, 0.549020, 0.029563
1165, 0.560350, 0.028549
1166, 0.551400, 0.028732
1167, 0.554840, 0.028677
1168, 0.552580, 0.028462
1169, 0.550860, 0.028969
1170, 0.557970, 0.029589
1171, 0.548310, 0.028954
1172, 0.556330, 0.029112
1173, 0.547610, 0.028335
1174, 0.559990, 0.028010
1175, 0.546530, 0.028795
1176, 0.558440, 0.029154
1177, 0.547210, 0.028821
1178, 0.557280, 0.029538
1179, 0.551400, 0.029037
1180, 0.553130, 0.029673
1181, 0.552900, 0.030111
1182, 0.556360, 0.029260
1183, 0.546670, 0.027604
1184, 0.558960, 0.028921
1185, 0.549790, 0.029320
1186, 0.553470, 0.029207
1187, 0.554860, 0.030601
1188, 0.554440, 0.029818
1189, 0.552880, 0.029715
1190, 0.552610, 0.029623
1191, 0.550860, 0.029034
1192, 0.552850, 0.029562
1193, 0.552200, 0.029143
1194, 0.553550, 0.029237
1195, 0.551530, 0.029110
1196, 0.553060, 0.028503
1197, 0.553300, 0.029918
1198, 0.551950, 0.030617
1199, 0.551860, 0.029024
1200, 0.553650, 0.029293
1201, 0.550000, 0.027202
1202, 0.552530, 0.029692
1203, 0.552060, 0.029225
1204, 0.550820, 0.029611
1205, 0.550290, 0.029966
1206, 0.553680, 0.030457
1207, 0.549070, 0.029206
1208, 0.554900, 0.029762
1209, 0.550700, 0.029942
1210, 0.555190, 0.030544
1211, 0.549680, 0.028316
1212, 0.552760, 0.030633
1213, 0.548300, 0.028112
1214, 0.552260, 0.029321
1215, 0.552170, 0.029440
1216, 0.553530, 0.028011
1217, 0.550040, 0.028199
1218, 0.551840, 0.028481
1219, 0.548090, 0.029124
1220, 0.556780, 0.028846
1221, 0.549450, 0.029021
1222, 0.553620, 0.029653
1223, 0.554170, 0.029935
1224, 0.549080, 0.029050
1225, 0.554050, 0.028311
1226, 0.550070, 0.029957
1227, 0.556040, 0.030065
1228, 0.546990, 0.029332
1229, 0.552200, 0.029529
1230, 0.552570, 0.029634
1231, 0.549250, 0.028880
1232, 0.553870, 0.029877
1233, 0.547940, 0.029554
1234, 0.553250, 0.029457
1235, 0.547770, 0.028700
1236, 0.550870, 0.029066
1237, 0.553000, 0.029221
1238, 0.551440, 0.028798
1239, 0.551450, 0.029579
1240, 0.547340, 0.028666
1241, 0.550340, 0.029402
1242, 0.553710, 0.029443
1243, 0.550070, 0.029826
1244, 0.549720, 0.030434
1245, 0.547480, 0.028452
1246, 0.555930, 0.029151
1247, 0.548010, 0.029953
1248, 0.554010, 0.029583
1249, 0.549000, 0.029249
1250, 0.546000, 0.028750
1251, 0.558620, 0.029795
1252, 0.540690, 0.026635
1253, 0.559650, 0.029079
1254, 0.544530, 0.028480
1255, 0.550360, 0.029559
1256, 0.554290, 0.029333
1257, 0.546680, 0.028489
1258, 0.555440, 0.028256
1259, 0.545740, 0.029182
1260, 0.551330, 0.029372
1261, 0.549100, 0.029969
1262, 0.548120, 0.029488
1263, 0.554260, 0.029558
1264, 0.544160, 0.027599
1265, 0.553520, 0.030591
1266, 0.548360, 0.028449
1267, 0.550180, 0.030279
1268, 0.552870, 0.029942
1269, 0.547930, 0.029067
1270, 0.550010, 0.029173
1271, 0.549200, 0.029030
1272, 0.553120, 0.030064
1273, 0.548320, 0.029098
1274, 0.548910, 0.029023
1275, 0.550110, 0.029501
1276, 0.547250, 0.028722
1277, 0.551050, 0.029809
1278, 0.551210, 0.030185
1279, 0.545260, 0.029329
1280, 0.549200, 0.029492
1281, 0.548500, 0.029604
1282, 0.552900, 0.029394
1283, 0.548370, 0.028260
1284, 0.552850, 0.029028
1285, 0.549260, 0.030080
1286, 0.546410, 0.028361
1287, 0.551060, 0.029233
1288, 0.549420, 0.028199
1289, 0.553000, 0.028613
1290, 0.548340, 0.029203
1291, 0.549170, 0.028624
1292, 0.551610, 0.028966
1293, 0.545990, 0.027772
1294, 0.549370, 0.029263
1295, 0.548120, 0.029138
1296, 0.552520, 0.029204
1297, 0.547920, 0.028968
1298, 0.545410, 0.029979
1299, 0.550920, 0.029016
1300, 0.546830, 0.028837
1301, 0.547520, 0.028529
1302, 0.551310, 0.029585
1303, 0.549120, 0.029130
1304, 0.548340, 0.029246
1305, 0.549420, 0.028729
1306, 0.545300, 0.027622
1307, 0.550830, 0.030967
1308, 0.544400, 0.028752
1309, 0.553790, 0.029773
1310, 0.544170, 0.028619
1311, 0.552170, 0.029117
1312, 0.548930, 0.029081
1313, 0.548600, 0.029059
1314, 0.550780, 0.029477
1315, 0.543830, 0.028617
1316, 0.555180, 0.029040
1317, 0.546180, 0.028278
1318, 0.547410, 0.030293
1319, 0.551840, 0.029836
1320, 0.548080, 0.028680
1321, 0.549970, 0.028134
1322, 0.547510, 0.028876
1323, 0.547330, 0.029930
1324, 0.547090, 0.029500
1325, 0.548290, 0.028951
1326, 0.548330, 0.028359
1327, 0.546940, 0.028650
1328, 0.551200, 0.029604
1329, 0.546030, 0.028241
1330, 0.545120, 0.029380
1331, 0.552290, 0.029151
1332, 0.545930, 0.028734
1333, 0.551830, 0.029587
1334, 0.547380, 0.028986
1335, 0.546650, 0.028970
1336, 0.549960, 0.028053
1337, 0.547630, 0.028710
1338, 0.543450, 0.028307
1339, 0.552440, 0.029785
1340, 0.538510, 0.025878
1341, 0.556060, 0.029912
1342, 0.544950, 0.027796
1343, 0.548170, 0.030255
1344, 0.549340, 0.028910
1345, 0.541080, 0.026891
1346, 0.551600, 0.028189
1347, 0.548100, 0.028761
1348, 0.548190, 0.028024
1349, 0.547700, 0.028669
1350, 0.547740, 0.028970
1351, 0.547830, 0.028528
1352, 0.546530, 0.028150
1353, 0.549410, 0.028042
1354, 0.545820, 0.028231
1355, 0.549900, 0.029362
1356, 0.548170, 0.027491
1357, 0.544830, 0.028017
1358, 0.545720, 0.028828
1359, 0.548110, 0.028867
1360, 0.545450, 0.028296
1361, 0.546980, 0.029261
1362, 0.552450, 0.029878
1363, 0.544410, 0.028366
1364, 0.545310, 0.029323
1365, 0.548860, 0.029042
1366, 0.547480, 0.029324
1367, 0.545620, 0.029392
1368, 0.546570, 0.028955
1369, 0.547380, 0.029533
1370, 0.546200, 0.029011
1371, 0.548120, 0.029666
1372, 0.544180, 0.029283
1373, 0.545990, 0.028582
1374, 0.546790, 0.029748
1375, 0.546420, 0.029827
1376, 0.545360, 0.029436
1377, 0.548320, 0.030015
1378, 0.547280, 0.028756
1379, 0.547480, 0.028931
1380, 0.548490, 0.029296
1381, 0.544410, 0.029961
1382, 0.548700, 0.030391
1383, 0.544910, 0.028807
1384, 0.550560, 0.030305
1385, 0.545950, 0.028546
1386, 0.541250, 0.027273
1387, 0.547210, 0.029975
1388, 0.543550, 0.028603
1389, 0.548710, 0.029321
1390, 0.546190, 0.028531
1391, 0.543230, 0.027903
1392, 0.553470, 0.030240
1393, 0.543880, 0.027453
1394, 0.543400, 0.029090
1395, 0.549150, 0.030748
1396, 0.543830, 0.028656
1397, 0.544140, 0.029825
1398, 0.549760, 0.029999
1399, 0.545920, 0.029058
1400, 0.548830, 0.029263
1401, 0.543530, 0.029032
1402, 0.544220, 0.029268
1403, 0.552040, 0.030034
1404, 0.541430, 0.028506
1405, 0.543490, 0.028739
1406, 0.552650, 0.029492
1407, 0.544290, 0.028832
1408, 0.549020, 0.030758
1409, 0.542410, 0.027718
1410, 0.545570, 0.029364
1411, 0.545940, 0.029814
1412, 0.547180, 0.030739
1413, 0.541890, 0.029095
1414, 0.547410, 0.028968
1415, 0.545520, 0.030131
1416, 0.548680, 0.029791
1417, 0.544550, 0.028976
1418, 0.542690, 0.028423
1419, 0.549630, 0.029725
1420, 0.543930, 0.028980
1421, 0.547010, 0.029311
1422, 0.546920, 0.029148
1423, 0.542180, 0.029056
1424, 0.546780, 0.029327
1425, 0.547030, 0.029504
1426, 0.545580, 0.029164
1427, 0.548850, 0.028520
1428, 0.549960, 0.028770
1429, 0.540650, 0.027748
1430, 0.546550, 0.029175
1431, 0.546410, 0.028862
1432, 0.543920, 0.028375
1433, 0.544770, 0.029747
1434, 0.543160, 0.028105
1435, 0.547870, 0.029629
1436, 0.544730, 0.028470
1437, 0.543800, 0.029325
1438, 0.544100, 0.028759
1439, 0.546070, 0.030613
1440, 0.543540, 0.029544
1441, 0.547160, 0.028787
1442, 0.544240, 0.028786
1443, 0.545430, 0.029949
1444, 0.543100, 0.029420
1445, 0.547960, 0.029363
1446, 0.543760, 0.029337
1447, 0.544020, 0.029401
1448, 0.547850, 0.029699
1449, 0.543130, 0.027539
1450, 0.546550, 0.029299
1451, 0.545440, 0.029039
1452, 0.539520, 0.026254
1453, 0.550300, 0.029833
1454, 0.543530, 0.028234
1455, 0.542770, 0.028744
1456, 0.552440, 0.029934
1457, 0.537750, 0.025920
1458, 0.547940, 0.029019
1459, 0.545410, 0.028858
1460, 0.539910, 0.028784
1461, 0.549170, 0.029400
1462, 0.542730, 0.027983
1463, 0.543770, 0.029041
1464, 0.550840, 0.030490
1465, 0.541620, 0.028415
1466, 0.541570, 0.026643
1467, 0.548220, 0.030329
1468, 0.541380, 0.029317
1469, 0.539790, 0.026504
1470, 0.552000, 0.028628
1471, 0.541370, 0.027387
1472, 0.542560, 0.028912
1473, 0.547430, 0.028426
1474, 0.541740, 0.027458
1475, 0.541810, 0.027584
1476, 0.544960, 0.030174
1477, 0.545840, 0.029129
1478, 0.543630, 0.027621
1479, 0.542990, 0.029463
1480, 0.545990, 0.030470
1481, 0.540970, 0.029440
1482, 0.545270, 0.028993
1483, 0.542300, 0.028971
1484, 0.542140, 0.028991
1485, 0.549970, 0.030214
1486, 0.540210, 0.027466
1487, 0.541980, 0.027761
1488, 0.544060, 0.029306
1489, 0.543450, 0.029092
1490, 0.546270, 0.030158
1491, 0.541760, 0.028319
1492, 0.540980, 0.028035
1493, 0.545180, 0.030218
1494, 0.544230, 0.029075
1495, 0.541160, 0.026951
1496, 0.548270, 0.029599
1497, 0.543250, 0.028660
1498, 0.536860, 0.025647
1499, 0.550940, 0.029464
1500, 0.544990, 0.029716
1501, 0.539760, 0.027639
1502, 0.548510, 0.029223
1503, 0.542700, 0.027589
1504, 0.538390, 0.026387
1505, 0.547950, 0.030506
1506, 0.541090, 0.027118
1507, 0.544930, 0.028366
1508, 0.545260, 0.028918
1509, 0.540920, 0.027824
1510, 0.545440, 0.030062
1511, 0.542680, 0.029354
1512, 0.537670, 0.026830
1513, 0.551030, 0.029886
1514, 0.541290, 0.028229
1515, 0.538680, 0.027639
1516, 0.548000, 0.029775
1517, 0.541660, 0.026763
1518, 0.539290, 0.027914
1519, 0.545500, 0.029447
1520, 0.541540, 0.029913
1521, 0.540190, 0.027949
1522, 0.548890, 0.029181
1523, 0.541190, 0.028230
1524, 0.537900, 0.026108
1525, 0.550570, 0.029787
1526, 0.540250, 0.027512
1527, 0.545140, 0.028883
1528, 0.544630, 0.028938
1529, 0.539270, 0.026674
1530, 0.545990, 0.029609
1531, 0.542490, 0.028191
1532, 0.539260, 0.027716
1533, 0.546220, 0.030543
1534, 0.542210, 0.027863
1535, 0.542230, 0.029453
1536, 0.544670, 0.030252
1537, 0.540660, 0.028909
1538, 0.541700, 0.028729
1539, 0.547220, 0.029547
1540, 0.538580, 0.026731
1541, 0.539610, 0.028129
1542, 0.544830, 0.029600
1543, 0.539590, 0.028210
1544, 0.543100, 0.028434
1545, 0.541460, 0.027903
1546, 0.542640, 0.028846
1547, 0.541560, 0.027635
1548, 0.541000, 0.027850
1549, 0.544320, 0.028917
1550, 0.540490, 0.028260
1551, 0.539330, 0.027056
1552, 0.541910, 0.028172
1553, 0.541100, 0.028300
1554, 0.545500, 0.028585
1555, 0.537210, 0.026208
1556, 0.544070, 0.028949
1557, 0.545250, 0.028762
1558, 0.538840, 0.027009
1559, 0.539810, 0.027223
1560, 0.544290, 0.030066
1561, 0.541180, 0.028853
1562, 0.540060, 0.028189
1563, 0.544080, 0.029502
1564, 0.541040, 0.027722
1565, 0.539970, 0.027403
1566, 0.541170, 0.028151
1567, 0.544700, 0.029254
1568, 0.538590, 0.026504
1569, 0.545150, 0.029951
1570, 0.541580, 0.028253
1571, 0.539280, 0.027708
1572, 0.541840, 0.029340
1573, 0.543190, 0.028644
1574, 0.537490, 0.026174
1575, 0.544010, 0.030044
1576, 0.542030, 0.029093
1577, 0.539590, 0.028018
1578, 0.545980, 0.029987
1579, 0.537230, 0.026135
1580, 0.541230, 0.028480
1581, 0.544770, 0.029803
1582, 0.539110, 0.027034
1583, 0.540290, 0.027750
1584, 0.545840, 0.029950
1585, 0.538230, 0.027003
1586, 0.540630, 0.028483
1587, 0.540590, 0.027249
1588, 0.542260, 0.028984
1589, 0.541700, 0.027803
1590, 0.541550, 0.028003
1591, 0.539650, 0.026824
1592, 0.540520, 0.028983
1593, 0.539170, 0.027564
1594, 0.541500, 0.028362
1595, 0.541800, 0.028959
1596, 0.542160, 0.029604
1597, 0.539790, 0.028017
1598, 0.541090, 0.029584
1599, 0.539630, 0.028071
1600, 0.543990, 0.028642
1601, 0.539390, 0.027811
1602, 0.539870, 0.028210
1603, 0.540170, 0.027313
1604, 0.542840, 0.028221
1605, 0.542320, 0.027387
1606, 0.538530, 0.026425
1607, 0.542910, 0.029551
1608, 0.539530, 0.028055
1609, 0.538630, 0.027684
1610, 0.541710, 0.029329
1611, 0.539700, 0.028754
1612, 0.540000, 0.027712
1613, 0.540810, 0.027687
1614, 0.543670, 0.028612
1615, 0.533700, 0.025788
1616, 0.538760, 0.026855
1617, 0.544470, 0.028648
1618, 0.539660, 0.027140
1619, 0.534890, 0.026213
1620, 0.547300, 0.030644
1621, 0.538450, 0.026913
1622, 0.536200, 0.025256
1623, 0.543870, 0.029507
1624, 0.541640, 0.028293
1625, 0.538180, 0.026172
1626, 0.540480, 0.027858
1627, 0.539340, 0.027147
1628, 0.539560, 0.027792
1629, 0.539850, 0.028823
1630, 0.541090, 0.028557
1631, 0.541540, 0.029295
1632, 0.540710, 0.029014
1633, 0.536350, 0.026632
1634, 0.542520, 0.028954
1635, 0.543500, 0.028382
1636, 0.533310, 0.025169
1637, 0.545440, 0.029350
1638, 0.539550, 0.028079
1639, 0.531340, 0.023726
1640, 0.550390, 0.030320
1641, 0.538360, 0.028617
1642, 0.536130, 0.026139
1643, 0.543760, 0.030105
1644, 0.538760, 0.028048
1645, 0.535250, 0.027417
1646, 0.541490, 0.027645
1647, 0.538870, 0.027204
1648, 0.538970, 0.027870
1649, 0.539190, 0.027800
1650, 0.541890, 0.029068
1651, 0.541890, 0.028694
1652, 0.535440, 0.027003
1653, 0.544920, 0.029568
1654, 0.538000, 0.026728
1655, 0.538260, 0.026916
1656, 0.540450, 0.027877
1657, 0.541900, 0.027816
1658, 0.539390, 0.028186
1659, 0.535030, 0.025739
1660, 0.542450, 0.028154
1661, 0.540810, 0.028153
1662, 0.537990, 0.027115
1663, 0.539290, 0.028298
1664, 0.540050, 0.027717
1665, 0.541930, 0.029176
1666, 0.541190, 0.029345
1667, 0.534890, 0.025592
1668, 0.539890, 0.027845
1669, 0.540060, 0.028912
1670, 0.537700, 0.028156
1671, 0.540590, 0.028072
1672, 0.541070, 0.028071
1673, 0.537260, 0.026741
1674, 0.535570, 0.026359
1675, 0.543020, 0.028557
1676, 0.538720, 0.028375
1677, 0.536110, 0.027444
1678, 0.536170, 0.027462
1679, 0.544110, 0.029278
1680, 0.539280, 0.028185
1681, 0.537480, 0.026914
1682, 0.540830, 0.027362
1683, 0.536990, 0.027335
1684, 0.537510, 0.027507
1685, 0.539820, 0.028081
1686, 0.536960, 0.027342
1687, 0.539630, 0.029758
1688, 0.544060, 0.029176
1689, 0.537830, 0.027728
1690, 0.535850, 0.027406
1691, 0.542740, 0.027819
1692, 0.537170, 0.027135
1693, 0.533560, 0.025687
1694, 0.543110, 0.028933
1695, 0.540020, 0.028219
1696, 0.536230, 0.027565
1697, 0.534650, 0.025078
1698, 0.544720, 0.028778
1699, 0.533520, 0.025092
1700, 0.537350, 0.028367
1701, 0.541060, 0.029191
1702, 0.539920, 0.028748
1703, 0.536380, 0.026943
1704, 0.538470, 0.027097
1705, 0.540940, 0.028561
1706, 0.537640, 0.026874
1707, 0.535000, 0.026367
1708, 0.542880, 0.029133
1709, 0.537970, 0.026666
1710, 0.536750, 0.026809
1711, 0.538330, 0.028239
1712, 0.540290, 0.028110
1713, 0.536190, 0.026223
1714, 0.535470, 0.026347
1715, 0.540450, 0.029380
1716, 0.541480, 0.028095
1717, 0.539110, 0.028478
1718, 0.536110, 0.027247
1719, 0.538450, 0.027608
1720, 0.536020, 0.025985
1721, 0.540660, 0.028475
1722, 0.535260, 0.025682
1723, 0.536530, 0.026749
1724, 0.540990, 0.028839
1725, 0.534480, 0.025844
1726, 0.537640, 0.027370
1727, 0.539790, 0.027628
1728, 0.540420, 0.028495
1729, 0.531560, 0.023381
1730, 0.538510, 0.026833
1731, 0.540240, 0.028096
1732, 0.539590, 0.028323
1733, 0.535330, 0.026636
1734, 0.538110, 0.028524
1735, 0.539390, 0.028264
1736, 0.538370, 0.027660
1737, 0.536550, 0.026288
1738, 0.539860, 0.028263
1739, 0.539340, 0.028506
1740, 0.531540, 0.023785
1741, 0.542160, 0.029345
1742, 0.534830, 0.026186
1743, 0.540580, 0.027427
1744, 0.532830, 0.024145
1745, 0.539860, 0.028055
1746, 0.538360, 0.028516
1747, 0.538810, 0.028557
1748, 0.535040, 0.026799
1749, 0.536170, 0.027907
1750, 0.540010, 0.028545
1751, 0.536110, 0.026208
1752, 0.536720, 0.027746
1753, 0.538860, 0.027003
1754, 0.538930, 0.026864
1755, 0.536470, 0.027557
1756, 0.536300, 0.027260
1757, 0.541250, 0.029608
1758, 0.534430, 0.026040
1759, 0.537130, 0.028253
1760, 0.539270, 0.027102
1761, 0.537190, 0.026619
1762, 0.534090, 0.025134
1763, 0.537610, 0.028809
1764, 0.539160, 0.027870
1765, 0.534700, 0.025697
1766, 0.536600, 0.027543
1767, 0.540880, 0.028766
1768, 0.535070, 0.025166
1769, 0.537370, 0.027690
1770, 0.538270, 0.027434
1771, 0.539080, 0.027809
1772, 0.535150, 0.026710
1773, 0.533670, 0.025970
1774, 0.539550, 0.028054
1775, 0.537250, 0.026655
1776, 0.536840, 0.027294
1777, 0.539460, 0.028620
1778, 0.534950, 0.026682
1779, 0.533580, 0.026590
1780, 0.539970, 0.028684
1781, 0.538120, 0.028044
1782, 0.534210, 0.027489
1783, 0.535160, 0.026682
1784, 0.541860, 0.029494
1785, 0.536010, 0.026018
1786, 0.535480, 0.026835
1787, 0.532010, 0.026220
1788, 0.540050, 0.029768
1789, 0.538750, 0.028197
1790, 0.535790, 0.025719
1791, 0.537800, 0.028138
1792, 0.535550, 0.027020
1793, 0.539960, 0.028974
1794, 0.533970, 0.027516
1795, 0.532910, 0.025434
1796, 0.538230, 0.028094
1797, 0.536480, 0.027329
1798, 0.536180, 0.028247
1799, 0.534960, 0.026428
1800, 0.537340, 0.027210
1801, 0.535550, 0.026965
1802, 0.535270, 0.026594
1803, 0.536560, 0.027231
1804, 0.538160, 0.027621
1805, 0.535470, 0.026789
1806, 0.536320, 0.027806
1807, 0.536160, 0.027304
1808, 0.539360, 0.027210
1809, 0.532330, 0.025580
1810, 0.536570, 0.027397
1811, 0.537900, 0.027944
1812, 0.538630, 0.027486
1813, 0.536150, 0.027725
1814, 0.532720, 0.025704
1815, 0.540760, 0.029392
1816, 0.538140, 0.028428
1817, 0.531160, 0.024967
1818, 0.536420, 0.027435
1819, 0.541700, 0.028934
1820, 0.531950, 0.023172
1821, 0.538590, 0.027752
1822, 0.534780, 0.026791
1823, 0.540090, 0.029085
1824, 0.534970, 0.026822
1825, 0.532330, 0.025093
1826, 0.536000, 0.028168
1827, 0.537610, 0.027467
1828, 0.535150, 0.025604
1829, 0.536120, 0.025932
1830, 0.536940, 0.026356
1831, 0.540080, 0.028472
1832, 0.529970, 0.023131
1833, 0.537320, 0.028840
1834, 0.535090, 0.025864
1835, 0.539550, 0.028494
1836, 0.533490, 0.026947
1837, 0.534420, 0.026285
1838, 0.535750, 0.027068
1839, 0.537920, 0.028432
1840, 0.532570, 0.025262
1841, 0.534500, 0.025929
1842, 0.537920, 0.029905
1843, 0.539340, 0.028948
1844, 0.530870, 0.023373
1845, 0.532390, 0.026189
1846, 0.537270, 0.027447
1847, 0.539060, 0.028103
1848, 0.530710, 0.023605
1849, 0.538870, 0.028193
1850, 0.536960, 0.027358
1851, 0.535040, 0.027291
1852, 0.532710, 0.025505
1853, 0.535730, 0.027545
1854, 0.537950, 0.029165
1855, 0.533980, 0.025496
1856, 0.534260, 0.026952
1857, 0.537430, 0.028498
1858, 0.535960, 0.025879
1859, 0.532540, 0.024410
1860, 0.534490, 0.027774
1861, 0.537450, 0.027337
1862, 0.534860, 0.026598
1863, 0.535360, 0.027267
1864, 0.536020, 0.027255
1865, 0.537710, 0.028257
1866, 0.532530, 0.025987
1867, 0.531970, 0.024666
1868, 0.538370, 0.028814
1869, 0.539640, 0.029643
1870, 0.530210, 0.022419
1871, 0.536480, 0.028340
1872, 0.536300, 0.028522
1873, 0.537300, 0.026800
1874, 0.531750, 0.024706
1875, 0.535400, 0.026196
1876, 0.536030, 0.025244
1877, 0.538460, 0.028710
1878, 0.529290, 0.024592
1879, 0.533400, 0.025643
1880, 0.537880, 0.027073
1881, 0.536290, 0.026937
1882, 0.531040, 0.023867
1883, 0.532950, 0.026299
1884, 0.538410, 0.028025
1885, 0.537480, 0.027343
1886, 0.534250, 0.025382
1887, 0.531190, 0.024952
1888, 0.536440, 0.027346
1889, 0.535810, 0.026883
1890, 0.538240, 0.028774
1891, 0.531640, 0.023937
1892, 0.534920, 0.027155
1893, 0.537530, 0.027919
1894, 0.533330, 0.026019
1895, 0.534000, 0.026229
1896, 0.535300, 0.027096
1897, 0.535160, 0.025746
1898, 0.534390, 0.026492
1899, 0.535480, 0.027343
1900, 0.534890, 0.026513
1901, 0.533080, 0.025738
1902, 0.540990, 0.028565
1903, 0.530680, 0.023165
1904, 0.533720, 0.027320
1905, 0.533840, 0.025728
1906, 0.536950, 0.027750
1907, 0.537010, 0.028218
1908, 0.530520, 0.024457
1909, 0.534380, 0.026763
1910, 0.538960, 0.028442
1911, 0.532900, 0.025685
1912, 0.531290, 0.024567
1913, 0.537800, 0.027321
1914, 0.533790, 0.025891
1915, 0.537500, 0.026978
1916, 0.532290, 0.025770
1917, 0.533690, 0.026749
1918, 0.535660, 0.027650
1919, 0.535040, 0.026533
1920, 0.535540, 0.027096
1921, 0.533210, 0.026042
1922, 0.534770, 0.026955
1923, 0.534100, 0.026388
1924, 0.535600, 0.027772
1925, 0.534280, 0.026183
1926, 0.537270, 0.028598
1927, 0.531910, 0.025371
1928, 0.532270, 0.024647
1929, 0.534760, 0.027196
1930, 0.537630, 0.028230
1931, 0.535330, 0.026747
1932, 0.529970, 0.023707
1933, 0.535730, 0.027681
1934, 0.532980, 0.026560
1935, 0.535850, 0.026786
1936, 0.531110, 0.023413
1937, 0.537310, 0.026600
1938, 0.531890, 0.025619
1939, 0.535560, 0.027067
1940, 0.534600, 0.027121
1941, 0.535280, 0.026917
1942, 0.532110, 0.025676
1943, 0.535370, 0.027942
1944, 0.535290, 0.028045
1945, 0.531820, 0.024291
1946, 0.533820, 0.026295
1947, 0.532710, 0.026547
1948, 0.540410, 0.029434
1949, 0.528060, 0.021561
1950, 0.534190, 0.026576
1951, 0.530850, 0.024319
1952, 0.539400, 0.029108
1953, 0.529860, 0.024446
1954, 0.535960, 0.026904
1955, 0.531380, 0.024763
1956, 0.532710, 0.025867
1957, 0.536950, 0.028841
1958, 0.528290, 0.023269
1959, 0.533230, 0.025824
1960, 0.537410, 0.027980
1961, 0.536590, 0.027139
1962, 0.528700, 0.023325
1963, 0.535250, 0.027548
1964, 0.531550, 0.023617
1965, 0.537090, 0.028329
1966, 0.531330, 0.025925
1967, 0.531670, 0.024408
1968, 0.530770, 0.024393
1969, 0.541960, 0.029723
1970, 0.529600, 0.023836
1971, 0.531740, 0.024944
1972, 0.534680, 0.026773
1973, 0.536960, 0.027775
1974, 0.532340, 0.025266
1975, 0.531960, 0.025625
1976, 0.533040, 0.026621
1977, 0.537260, 0.028274
1978, 0.531330, 0.025158
1979, 0.532630, 0.025839
1980, 0.531590, 0.025039
1981, 0.534430, 0.027082
1982, 0.535730, 0.027724
1983, 0.529810, 0.023361
1984, 0.531520, 0.024789
1985, 0.532300, 0.025869
1986, 0.538210, 0.029115
1987, 0.528340, 0.024000
1988, 0.530960, 0.025246
1989, 0.535580, 0.026078
1990, 0.536430, 0.027278
1991, 0.532590, 0.025441
1992, 0.528920, 0.023578
1993, 0.532350, 0.026493
1994, 0.537100, 0.027644
1995, 0.533330, 0.025834
1996, 0.529210, 0.023034
1997, 0.530880, 0.026218
1998, 0.536400, 0.028752
1999, 0.535840, 0.027818
2000, 0.529570, 0.024599
2001, 0.531620, 0.024815
