Container_size, 8388608,key_space, 37008
request bin, mean_latency, sd
0, 12.045800, 0.698715
1, 1.345680, 0.678714
2, 0.496460, 0.423287
3, 0.384990, 0.231196
4, 0.361060, 0.123013
5, 0.349370, 0.072885
6, 0.344650, 0.049083
7, 0.341620, 0.029388
8, 0.344250, 0.028784
9, 0.336330, 0.020411
10, 0.333810, 0.017964
11, 0.338330, 0.022555
12, 0.333760, 0.016469
13, 0.333310, 0.016450
14, 0.330840, 0.013587
15, 0.334500, 0.018012
16, 0.333640, 0.018405
17, 0.333130, 0.017640
18, 0.331210, 0.016137
19, 0.330500, 0.013380
20, 0.330920, 0.013749
21, 0.331550, 0.015337
22, 0.332240, 0.015935
23, 0.333250, 0.017987
24, 0.331940, 0.016325
25, 0.330690, 0.013059
26, 0.330350, 0.013872
27, 0.331850, 0.016391
28, 0.328520, 0.010260
29, 0.330130, 0.013249
30, 0.329290, 0.011615
31, 0.329140, 0.011609
32, 0.327850, 0.007297
33, 0.328990, 0.011490
34, 0.330430, 0.014019
35, 0.328400, 0.009429
36, 0.328070, 0.008542
37, 0.327840, 0.007853
38, 0.327240, 0.006215
39, 0.328140, 0.009567
40, 0.327170, 0.005329
41, 0.327760, 0.007877
42, 0.327180, 0.005311
43, 0.327090, 0.005899
44, 0.327290, 0.005922
45, 0.327650, 0.007975
46, 0.327810, 0.008183
47, 0.327660, 0.007965
48, 0.327220, 0.005751
49, 0.327080, 0.006104
50, 0.327130, 0.005174
51, 0.327140, 0.005748
52, 0.327180, 0.007143
53, 0.327060, 0.005831
54, 0.327380, 0.008505
55, 0.327010, 0.005570
56, 0.327150, 0.005913
57, 0.326980, 0.005173
58, 0.327010, 0.005847
59, 0.327120, 0.005691
60, 0.327690, 0.008274
61, 0.327580, 0.008398
62, 0.327110, 0.005342
63, 0.327100, 0.005809
64, 0.327610, 0.008396
65, 0.327500, 0.007142
66, 0.327040, 0.005891
67, 0.326820, 0.005283
68, 0.327140, 0.005701
69, 0.326910, 0.005947
70, 0.326890, 0.005306
71, 0.327190, 0.005974
72, 0.327020, 0.005177
73, 0.327010, 0.005818
74, 0.327170, 0.005771
75, 0.326900, 0.005308
76, 0.326950, 0.005854
77, 0.326850, 0.005160
78, 0.326890, 0.005757
79, 0.326990, 0.005631
80, 0.326830, 0.005320
81, 0.327650, 0.007528
82, 0.326950, 0.005269
83, 0.327010, 0.005996
84, 0.327210, 0.005643
85, 0.326780, 0.005281
86, 0.327130, 0.005727
87, 0.326920, 0.005228
88, 0.326970, 0.005883
89, 0.327010, 0.005745
90, 0.326920, 0.005442
91, 0.327280, 0.008216
92, 0.326750, 0.005090
93, 0.326980, 0.005573
94, 0.327020, 0.005908
95, 0.327060, 0.005171
96, 0.326930, 0.005799
97, 0.327650, 0.007485
98, 0.327740, 0.008440
99, 0.327600, 0.008367
100, 0.327000, 0.005173
101, 0.327410, 0.008310
102, 0.326940, 0.005336
103, 0.326690, 0.005721
104, 0.327040, 0.005573
105, 0.326940, 0.005533
106, 0.327000, 0.005769
107, 0.327030, 0.005112
108, 0.326990, 0.005780
109, 0.327200, 0.005826
110, 0.326960, 0.005255
111, 0.327010, 0.005971
112, 0.326800, 0.005248
113, 0.326900, 0.005751
114, 0.327000, 0.005598
115, 0.326800, 0.005244
116, 0.327000, 0.006015
117, 0.326980, 0.005301
118, 0.327070, 0.005721
119, 0.326780, 0.005773
120, 0.327120, 0.005204
121, 0.327060, 0.005748
122, 0.326830, 0.005346
123, 0.327190, 0.005580
124, 0.327080, 0.005674
125, 0.326870, 0.005270
126, 0.327660, 0.008392
127, 0.326890, 0.005446
128, 0.326920, 0.005996
129, 0.327140, 0.005627
130, 0.327060, 0.005215
131, 0.326720, 0.005734
132, 0.326990, 0.005106
133, 0.327010, 0.005771
134, 0.327030, 0.005866
135, 0.327090, 0.005109
136, 0.326910, 0.005788
137, 0.327000, 0.005299
138, 0.326990, 0.005959
139, 0.326900, 0.005808
140, 0.326850, 0.005285
141, 0.327060, 0.005882
142, 0.326950, 0.005399
143, 0.326940, 0.005774
144, 0.327060, 0.005875
145, 0.326840, 0.005270
146, 0.326930, 0.005675
147, 0.327150, 0.005408
148, 0.326860, 0.005736
149, 0.326890, 0.006036
150, 0.326930, 0.005283
151, 0.326890, 0.005732
152, 0.326850, 0.005110
153, 0.326680, 0.005807
154, 0.327100, 0.005930
155, 0.326970, 0.005289
156, 0.327010, 0.005698
157, 0.326800, 0.005284
158, 0.327010, 0.005647
159, 0.326890, 0.005856
160, 0.327080, 0.005192
161, 0.327110, 0.006046
162, 0.326860, 0.005231
163, 0.326950, 0.005787
164, 0.326810, 0.005714
165, 0.326750, 0.005364
166, 0.327000, 0.005696
167, 0.326750, 0.005201
168, 0.327050, 0.005842
169, 0.326810, 0.005517
170, 0.326940, 0.005490
171, 0.327160, 0.005624
172, 0.327030, 0.005665
173, 0.327100, 0.006004
174, 0.326810, 0.005725
175, 0.326810, 0.005147
176, 0.326810, 0.005688
177, 0.326950, 0.005050
178, 0.327120, 0.005652
179, 0.327090, 0.005906
180, 0.326780, 0.005266
181, 0.327090, 0.005874
182, 0.327060, 0.005282
183, 0.327180, 0.005871
184, 0.326960, 0.006020
185, 0.326860, 0.005175
186, 0.326860, 0.005724
187, 0.326810, 0.005249
188, 0.326890, 0.005826
189, 0.326930, 0.005728
190, 0.326870, 0.005319
191, 0.327180, 0.005594
192, 0.327070, 0.005076
193, 0.327050, 0.005927
194, 0.327040, 0.005879
195, 0.326900, 0.005178
196, 0.327070, 0.005673
197, 0.326740, 0.005090
198, 0.326910, 0.005719
199, 0.326680, 0.005602
200, 0.326880, 0.005367
201, 0.326840, 0.005854
202, 0.326870, 0.005190
203, 0.327220, 0.005714
204, 0.326850, 0.005719
205, 0.327030, 0.005328
206, 0.326930, 0.005826
207, 0.327140, 0.005953
208, 0.327070, 0.005187
209, 0.326930, 0.005776
210, 0.326970, 0.005345
211, 0.326750, 0.005572
212, 0.327190, 0.005746
213, 0.326900, 0.005275
214, 0.326980, 0.005623
215, 0.326930, 0.005193
216, 0.327170, 0.005887
217, 0.327090, 0.005814
218, 0.327050, 0.005229
219, 0.327060, 0.005936
220, 0.326780, 0.005224
221, 0.327080, 0.005746
222, 0.326910, 0.005710
223, 0.326940, 0.005124
224, 0.327060, 0.005772
225, 0.326670, 0.005354
226, 0.327000, 0.005675
227, 0.326800, 0.006174
228, 0.326860, 0.005352
229, 0.327010, 0.005763
230, 0.326950, 0.005168
231, 0.326940, 0.005813
232, 0.326920, 0.005854
233, 0.327110, 0.004829
234, 0.326980, 0.005795
235, 0.326870, 0.005155
236, 0.326830, 0.005605
237, 0.326980, 0.005659
238, 0.326810, 0.005280
239, 0.327090, 0.005766
240, 0.326760, 0.005335
241, 0.326890, 0.005658
242, 0.327010, 0.005737
243, 0.326970, 0.005114
244, 0.327050, 0.005684
245, 0.327020, 0.005303
246, 0.326890, 0.005716
247, 0.326990, 0.005837
248, 0.326690, 0.005262
249, 0.326830, 0.005759
250, 0.326910, 0.005344
251, 0.326810, 0.005799
252, 0.327120, 0.005766
253, 0.326760, 0.005248
254, 0.326990, 0.005761
255, 0.326940, 0.005081
256, 0.327220, 0.005473
257, 0.327190, 0.005880
258, 0.326870, 0.005302
259, 0.327010, 0.005765
260, 0.326790, 0.005226
261, 0.326980, 0.006053
262, 0.326910, 0.005706
263, 0.326960, 0.005257
264, 0.327000, 0.005848
265, 0.327040, 0.005269
266, 0.326970, 0.005840
267, 0.327000, 0.005755
268, 0.327020, 0.005014
269, 0.327010, 0.005652
270, 0.326940, 0.005184
271, 0.327020, 0.005703
272, 0.326880, 0.005849
273, 0.326860, 0.005208
274, 0.327030, 0.005784
275, 0.326770, 0.005312
276, 0.327060, 0.005695
277, 0.326860, 0.005685
278, 0.326800, 0.005290
279, 0.327020, 0.005783
280, 0.327040, 0.005231
281, 0.326840, 0.005511
282, 0.327040, 0.005856
283, 0.326850, 0.005485
284, 0.326740, 0.005747
285, 0.326960, 0.005259
286, 0.326940, 0.005824
287, 0.327050, 0.005579
288, 0.326850, 0.005275
289, 0.327060, 0.005734
290, 0.326910, 0.005256
291, 0.326870, 0.005683
292, 0.327110, 0.005765
293, 0.326650, 0.005197
294, 0.327090, 0.005848
295, 0.326970, 0.005102
296, 0.326790, 0.005733
297, 0.326890, 0.005720
298, 0.326830, 0.005259
299, 0.326740, 0.005742
300, 0.327070, 0.005076
301, 0.326860, 0.005579
302, 0.327020, 0.005657
303, 0.327000, 0.005171
304, 0.327050, 0.005820
305, 0.326970, 0.005338
306, 0.327240, 0.005898
307, 0.326920, 0.005732
308, 0.326850, 0.005156
309, 0.326690, 0.005827
310, 0.326890, 0.005173
311, 0.326950, 0.005731
312, 0.326960, 0.005662
313, 0.326990, 0.005180
314, 0.326950, 0.005778
315, 0.326970, 0.005170
316, 0.326930, 0.005855
317, 0.327180, 0.005866
318, 0.326980, 0.005156
319, 0.326990, 0.005737
320, 0.326830, 0.005227
321, 0.326880, 0.005816
322, 0.326930, 0.005617
323, 0.326800, 0.005282
324, 0.326950, 0.005705
325, 0.327030, 0.005143
326, 0.326940, 0.005644
327, 0.326950, 0.005778
328, 0.327040, 0.005553
329, 0.327160, 0.005777
330, 0.326770, 0.005513
331, 0.326950, 0.005670
332, 0.327110, 0.005653
333, 0.326670, 0.005284
334, 0.326990, 0.005811
335, 0.326800, 0.005217
336, 0.326980, 0.005760
337, 0.327150, 0.005794
338, 0.326890, 0.005257
339, 0.326790, 0.005823
340, 0.326970, 0.005205
341, 0.326980, 0.005639
342, 0.327070, 0.005769
343, 0.327020, 0.004913
344, 0.326820, 0.005716
345, 0.326930, 0.005252
346, 0.326760, 0.005715
347, 0.326940, 0.005758
348, 0.326720, 0.005259
349, 0.327200, 0.005713
350, 0.327020, 0.005402
351, 0.326980, 0.005805
352, 0.327030, 0.005895
353, 0.327080, 0.005297
354, 0.326860, 0.005660
355, 0.327220, 0.005484
356, 0.326960, 0.005793
357, 0.326990, 0.005863
358, 0.326840, 0.005169
359, 0.327000, 0.005680
360, 0.326850, 0.005092
361, 0.326740, 0.006004
362, 0.327120, 0.005879
363, 0.326850, 0.005135
364, 0.326950, 0.005747
365, 0.326900, 0.005104
366, 0.326990, 0.005599
367, 0.327040, 0.005821
368, 0.327100, 0.005037
369, 0.326850, 0.005684
370, 0.326810, 0.005217
371, 0.326930, 0.005852
372, 0.326960, 0.005885
373, 0.326950, 0.005313
374, 0.326950, 0.005696
375, 0.326820, 0.005298
376, 0.327080, 0.005721
377, 0.326950, 0.005604
378, 0.326870, 0.005257
379, 0.327080, 0.005533
380, 0.326960, 0.005272
381, 0.327020, 0.005833
382, 0.326850, 0.005752
383, 0.327070, 0.005152
384, 0.327070, 0.006772
385, 0.327060, 0.005075
386, 0.327020, 0.005667
387, 0.327030, 0.005742
388, 0.327040, 0.005128
389, 0.327010, 0.005930
390, 0.326980, 0.005424
391, 0.326890, 0.005535
392, 0.327070, 0.005985
393, 0.326880, 0.005300
394, 0.326830, 0.005812
395, 0.326820, 0.005568
396, 0.326920, 0.005730
397, 0.327020, 0.005689
398, 0.326850, 0.005162
399, 0.327120, 0.005677
400, 0.326900, 0.005275
401, 0.326940, 0.005936
402, 0.327090, 0.005646
403, 0.326930, 0.005189
404, 0.327240, 0.005703
405, 0.326920, 0.005194
406, 0.327000, 0.006000
407, 0.327070, 0.005809
408, 0.326720, 0.005411
409, 0.326960, 0.005743
410, 0.326740, 0.005315
411, 0.326910, 0.005659
412, 0.326810, 0.005658
413, 0.327000, 0.005158
414, 0.326930, 0.005787
415, 0.326940, 0.005865
416, 0.327050, 0.004987
417, 0.326810, 0.005954
418, 0.327000, 0.005267
419, 0.326730, 0.005791
420, 0.327040, 0.005674
421, 0.326740, 0.005377
422, 0.326880, 0.005599
423, 0.326910, 0.005290
424, 0.326960, 0.005667
425, 0.327000, 0.005757
426, 0.326810, 0.005399
427, 0.327030, 0.005801
428, 0.326880, 0.005470
429, 0.327140, 0.005862
430, 0.327190, 0.005806
431, 0.326920, 0.005251
432, 0.327170, 0.005634
433, 0.326720, 0.005244
434, 0.326970, 0.005816
435, 0.327120, 0.005787
436, 0.326780, 0.005191
437, 0.327080, 0.005817
438, 0.326870, 0.005197
439, 0.326960, 0.005523
440, 0.326860, 0.006043
441, 0.327060, 0.005020
442, 0.327000, 0.005850
443, 0.326930, 0.005222
444, 0.327030, 0.005737
445, 0.326970, 0.005531
446, 0.326850, 0.005414
447, 0.327000, 0.005857
448, 0.326780, 0.005321
449, 0.327030, 0.005763
450, 0.327130, 0.005711
451, 0.326870, 0.005149
452, 0.327100, 0.005830
453, 0.326980, 0.005248
454, 0.326950, 0.005710
455, 0.327040, 0.005737
456, 0.326890, 0.005209
457, 0.326760, 0.005682
458, 0.326850, 0.005070
459, 0.327010, 0.005731
460, 0.327100, 0.005785
461, 0.326840, 0.005222
462, 0.327010, 0.005997
463, 0.326880, 0.005179
464, 0.327130, 0.005646
465, 0.327090, 0.005810
466, 0.326850, 0.005258
467, 0.326840, 0.005721
468, 0.326850, 0.005203
469, 0.326950, 0.005799
470, 0.327060, 0.005533
471, 0.326890, 0.005253
472, 0.327040, 0.005788
473, 0.326970, 0.005356
474, 0.326990, 0.005770
475, 0.327110, 0.005676
476, 0.326970, 0.005072
477, 0.327050, 0.005778
478, 0.326820, 0.005129
479, 0.326880, 0.005661
480, 0.326960, 0.005715
481, 0.326880, 0.005288
482, 0.326920, 0.005685
483, 0.326870, 0.005325
484, 0.327110, 0.005838
485, 0.326960, 0.005695
486, 0.326890, 0.005184
487, 0.327230, 0.005810
488, 0.327090, 0.005240
489, 0.326930, 0.005670
490, 0.326910, 0.005708
491, 0.326930, 0.005166
492, 0.326790, 0.005710
493, 0.326960, 0.005259
494, 0.326780, 0.005714
495, 0.326960, 0.005904
496, 0.326850, 0.005189
497, 0.326970, 0.005619
498, 0.327070, 0.005115
499, 0.327010, 0.005629
500, 0.327160, 0.005751
501, 0.326860, 0.005278
502, 0.327110, 0.005921
503, 0.327030, 0.005100
504, 0.326720, 0.005771
505, 0.326970, 0.005691
506, 0.326950, 0.005326
507, 0.326810, 0.005830
508, 0.326780, 0.005186
509, 0.327040, 0.005609
510, 0.327060, 0.005793
511, 0.326870, 0.005178
512, 0.327060, 0.005685
513, 0.327260, 0.005407
514, 0.327350, 0.005643
515, 0.326920, 0.005798
516, 0.326920, 0.005274
517, 0.326830, 0.005824
518, 0.326970, 0.005476
519, 0.326880, 0.005886
520, 0.326950, 0.005696
521, 0.326870, 0.005251
522, 0.327100, 0.005675
523, 0.327180, 0.005201
524, 0.326990, 0.005839
525, 0.327100, 0.005816
526, 0.326990, 0.005135
527, 0.326790, 0.005686
528, 0.326750, 0.005235
529, 0.326890, 0.005963
530, 0.326810, 0.005520
531, 0.326860, 0.005257
532, 0.326780, 0.005730
533, 0.327050, 0.005434
534, 0.326880, 0.005750
535, 0.327070, 0.005819
536, 0.326860, 0.005325
537, 0.327060, 0.005713
538, 0.327100, 0.005476
539, 0.326940, 0.005681
540, 0.327150, 0.005930
541, 0.326600, 0.005198
542, 0.327020, 0.005805
543, 0.326800, 0.005158
544, 0.326960, 0.005769
545, 0.327040, 0.005718
546, 0.326940, 0.005379
547, 0.326870, 0.005791
548, 0.327060, 0.005105
549, 0.326990, 0.005558
550, 0.326890, 0.005688
551, 0.327080, 0.005298
552, 0.326950, 0.005629
553, 0.326910, 0.005359
554, 0.326920, 0.005651
555, 0.326920, 0.005605
556, 0.326930, 0.005267
557, 0.327030, 0.005631
558, 0.326850, 0.005212
559, 0.326890, 0.005788
560, 0.326920, 0.005742
561, 0.327180, 0.005360
562, 0.326800, 0.006010
563, 0.327070, 0.005421
564, 0.326830, 0.005933
565, 0.326900, 0.005617
566, 0.326890, 0.005198
567, 0.326820, 0.005647
568, 0.326860, 0.005022
569, 0.326890, 0.005795
570, 0.327040, 0.005760
571, 0.326930, 0.005137
572, 0.327000, 0.005650
573, 0.326960, 0.005440
574, 0.327060, 0.005566
575, 0.327230, 0.005934
576, 0.326940, 0.005213
577, 0.326990, 0.005626
578, 0.326860, 0.005213
579, 0.327040, 0.005706
580, 0.326980, 0.005566
581, 0.326720, 0.005387
582, 0.327020, 0.005699
583, 0.326820, 0.005324
584, 0.327010, 0.005791
585, 0.327020, 0.005884
586, 0.327020, 0.005163
587, 0.327220, 0.005765
588, 0.326990, 0.005174
589, 0.327080, 0.005798
590, 0.326710, 0.005762
591, 0.326820, 0.005320
592, 0.326860, 0.005711
593, 0.326840, 0.005039
594, 0.326920, 0.005649
595, 0.327000, 0.005653
596, 0.326970, 0.005360
597, 0.326990, 0.005754
598, 0.327100, 0.005438
599, 0.326980, 0.005659
600, 0.327070, 0.005783
601, 0.326910, 0.005242
602, 0.326820, 0.005590
603, 0.326890, 0.005289
604, 0.326910, 0.005792
605, 0.326830, 0.005602
606, 0.326960, 0.005223
607, 0.326970, 0.005825
608, 0.326930, 0.005076
609, 0.326870, 0.005905
610, 0.326980, 0.005680
611, 0.327030, 0.005226
612, 0.327090, 0.005899
613, 0.326980, 0.005210
614, 0.326950, 0.005716
615, 0.327000, 0.005732
616, 0.326550, 0.005180
617, 0.326980, 0.005751
618, 0.327020, 0.005715
619, 0.327180, 0.005656
620, 0.326820, 0.005842
621, 0.326790, 0.005206
622, 0.326980, 0.005648
623, 0.326880, 0.005821
624, 0.327060, 0.005085
625, 0.326910, 0.005616
626, 0.326930, 0.005224
627, 0.326920, 0.005681
628, 0.326860, 0.005552
629, 0.326960, 0.005440
630, 0.326990, 0.005604
631, 0.326810, 0.005219
632, 0.326950, 0.005813
633, 0.326990, 0.005679
634, 0.327080, 0.005222
635, 0.327020, 0.005803
636, 0.326930, 0.005231
637, 0.326900, 0.005656
638, 0.326820, 0.005876
639, 0.326850, 0.005264
640, 0.327050, 0.006011
641, 0.326910, 0.005204
642, 0.326990, 0.005782
643, 0.326890, 0.005758
644, 0.326890, 0.005229
645, 0.327000, 0.005655
646, 0.327010, 0.005234
647, 0.327090, 0.005516
648, 0.327110, 0.005770
649, 0.326970, 0.004971
650, 0.327000, 0.005653
651, 0.326920, 0.005201
652, 0.327050, 0.005977
653, 0.326770, 0.005672
654, 0.326770, 0.005331
655, 0.327120, 0.005620
656, 0.326820, 0.005458
657, 0.327070, 0.005823
658, 0.326850, 0.005656
659, 0.326990, 0.005191
660, 0.326990, 0.005612
661, 0.326850, 0.005262
662, 0.327040, 0.005557
663, 0.326900, 0.006032
664, 0.326970, 0.005189
665, 0.326720, 0.005771
666, 0.326900, 0.005184
667, 0.326790, 0.005617
668, 0.326980, 0.005736
669, 0.326810, 0.005293
670, 0.327020, 0.005683
671, 0.326990, 0.005237
672, 0.327030, 0.005619
673, 0.326940, 0.005948
674, 0.326840, 0.005304
675, 0.326910, 0.005865
676, 0.326730, 0.005211
677, 0.326850, 0.005629
678, 0.326790, 0.005454
679, 0.326900, 0.005296
680, 0.327090, 0.005591
681, 0.326770, 0.005228
682, 0.326970, 0.005801
683, 0.327090, 0.005638
684, 0.327000, 0.005204
685, 0.327100, 0.006077
686, 0.326900, 0.005172
687, 0.326970, 0.005811
688, 0.327060, 0.005729
689, 0.326730, 0.005186
690, 0.327060, 0.005669
691, 0.326760, 0.005152
692, 0.327020, 0.005537
693, 0.326820, 0.005709
694, 0.326910, 0.005430
695, 0.327110, 0.005800
696, 0.327210, 0.005700
697, 0.327090, 0.005680
698, 0.326910, 0.005627
699, 0.326770, 0.005323
700, 0.326890, 0.005632
701, 0.326850, 0.005404
702, 0.326950, 0.005687
703, 0.326860, 0.005659
704, 0.326810, 0.005249
705, 0.326860, 0.005650
706, 0.327030, 0.005110
707, 0.327020, 0.005946
708, 0.327020, 0.005855
709, 0.326850, 0.005380
710, 0.326960, 0.005729
711, 0.326950, 0.005015
712, 0.326810, 0.005728
713, 0.327160, 0.005607
714, 0.326860, 0.005101
715, 0.326960, 0.005711
716, 0.326740, 0.005296
717, 0.326930, 0.005722
718, 0.327040, 0.005795
719, 0.326900, 0.005432
720, 0.326890, 0.005767
721, 0.326970, 0.005476
722, 0.327020, 0.005552
723, 0.327070, 0.005729
724, 0.326910, 0.005200
725, 0.326780, 0.005785
726, 0.326900, 0.005239
727, 0.326880, 0.005889
728, 0.326940, 0.005756
729, 0.326690, 0.005217
730, 0.327170, 0.005838
731, 0.326950, 0.005197
732, 0.327010, 0.005665
733, 0.326950, 0.005845
734, 0.327210, 0.005104
735, 0.326860, 0.005750
736, 0.326790, 0.005363
737, 0.326940, 0.005632
738, 0.326900, 0.005656
739, 0.326960, 0.005303
740, 0.327030, 0.005642
741, 0.327050, 0.005536
742, 0.327190, 0.005746
743, 0.326980, 0.005814
744, 0.326870, 0.005172
745, 0.327140, 0.005620
746, 0.327170, 0.005383
747, 0.326830, 0.005759
748, 0.327090, 0.005781
749, 0.326590, 0.005185
750, 0.326900, 0.005735
751, 0.326940, 0.005196
752, 0.326890, 0.005988
753, 0.326960, 0.005793
754, 0.326780, 0.005296
755, 0.326900, 0.005707
756, 0.326880, 0.005119
757, 0.327010, 0.005443
758, 0.327120, 0.005738
759, 0.326890, 0.005179
760, 0.327070, 0.005539
761, 0.326810, 0.005116
762, 0.327050, 0.005712
763, 0.326980, 0.005911
764, 0.326900, 0.005251
765, 0.327040, 0.005653
766, 0.326830, 0.005227
767, 0.326860, 0.005897
768, 0.326990, 0.005651
769, 0.327170, 0.005179
770, 0.326960, 0.005699
771, 0.327050, 0.005149
772, 0.326910, 0.005773
773, 0.326820, 0.005679
774, 0.327030, 0.005319
775, 0.326850, 0.005586
776, 0.326660, 0.005113
777, 0.327010, 0.005723
778, 0.326970, 0.005733
779, 0.327210, 0.005088
780, 0.326950, 0.005849
781, 0.326970, 0.005397
782, 0.326840, 0.005763
783, 0.326960, 0.006058
784, 0.326950, 0.005119
785, 0.326900, 0.005895
786, 0.326890, 0.005219
787, 0.327000, 0.005690
788, 0.326810, 0.005742
789, 0.326870, 0.005090
790, 0.327100, 0.005563
791, 0.326810, 0.005315
792, 0.327130, 0.005851
793, 0.326950, 0.005610
794, 0.326940, 0.005186
795, 0.327220, 0.005719
796, 0.326790, 0.005088
797, 0.327000, 0.005970
798, 0.326830, 0.005817
799, 0.327040, 0.005122
800, 0.326910, 0.005611
801, 0.327050, 0.005152
802, 0.326930, 0.005686
803, 0.327050, 0.005620
804, 0.326950, 0.005170
805, 0.326890, 0.005844
806, 0.327110, 0.005366
807, 0.327090, 0.005604
808, 0.326890, 0.006285
809, 0.327030, 0.005224
810, 0.326830, 0.005598
811, 0.326760, 0.005221
812, 0.326870, 0.005773
813, 0.326890, 0.005805
814, 0.327010, 0.005160
815, 0.326880, 0.005643
816, 0.326980, 0.005177
817, 0.326920, 0.005796
818, 0.327070, 0.005807
819, 0.327040, 0.005483
820, 0.327040, 0.005800
821, 0.326850, 0.005145
822, 0.326810, 0.005692
823, 0.327040, 0.005646
824, 0.326690, 0.005232
825, 0.326890, 0.005593
826, 0.326900, 0.005531
827, 0.327020, 0.005673
828, 0.327070, 0.005797
829, 0.326930, 0.005111
830, 0.327060, 0.005960
831, 0.327020, 0.005753
832, 0.327040, 0.005042
833, 0.327040, 0.005594
834, 0.326860, 0.005318
835, 0.326920, 0.005665
836, 0.326980, 0.005550
837, 0.326810, 0.005488
838, 0.327030, 0.005703
839, 0.326730, 0.005089
840, 0.327130, 0.005927
841, 0.327030, 0.005745
842, 0.327080, 0.005155
843, 0.327030, 0.005895
844, 0.326920, 0.005230
845, 0.326780, 0.005858
846, 0.326840, 0.005758
847, 0.327010, 0.005366
848, 0.326900, 0.005620
849, 0.326820, 0.005249
850, 0.327010, 0.005712
851, 0.326950, 0.005886
852, 0.327000, 0.005340
853, 0.327170, 0.005804
854, 0.327050, 0.005214
855, 0.327360, 0.005622
856, 0.327210, 0.006078
857, 0.326890, 0.005351
858, 0.327150, 0.005859
859, 0.327010, 0.005362
860, 0.327030, 0.005992
861, 0.327180, 0.005532
862, 0.326850, 0.005189
863, 0.327460, 0.005907
864, 0.326830, 0.005532
865, 0.327160, 0.005954
866, 0.326940, 0.005718
867, 0.327010, 0.005170
868, 0.327210, 0.005792
869, 0.326770, 0.005209
870, 0.327160, 0.005770
871, 0.326940, 0.005736
872, 0.326620, 0.005316
873, 0.326750, 0.005670
874, 0.326840, 0.005249
875, 0.326970, 0.005876
876, 0.327010, 0.005702
877, 0.326970, 0.005245
878, 0.326870, 0.005714
879, 0.327090, 0.005409
880, 0.327040, 0.005681
881, 0.326930, 0.005775
882, 0.326910, 0.005146
883, 0.326770, 0.005515
884, 0.326820, 0.005262
885, 0.326920, 0.005617
886, 0.326960, 0.005699
887, 0.326910, 0.005171
888, 0.326930, 0.005678
889, 0.327020, 0.005099
890, 0.326720, 0.005639
891, 0.327080, 0.005875
892, 0.326940, 0.005122
893, 0.327000, 0.005753
894, 0.327060, 0.005232
895, 0.326780, 0.005614
896, 0.326930, 0.005792
897, 0.326660, 0.005311
898, 0.326890, 0.005634
899, 0.326800, 0.005318
900, 0.326980, 0.005604
901, 0.326860, 0.005671
902, 0.326890, 0.005179
903, 0.327030, 0.005866
904, 0.327390, 0.005314
905, 0.327070, 0.005722
906, 0.326980, 0.005634
907, 0.326840, 0.005373
908, 0.326950, 0.006042
909, 0.327020, 0.005167
910, 0.326860, 0.005822
911, 0.326950, 0.005670
912, 0.326840, 0.005192
913, 0.326890, 0.005611
914, 0.327150, 0.005064
915, 0.327140, 0.005725
916, 0.327210, 0.005935
917, 0.326810, 0.005165
918, 0.326850, 0.005811
919, 0.327050, 0.005269
920, 0.327010, 0.005818
921, 0.326970, 0.005626
922, 0.326930, 0.005395
923, 0.326970, 0.005754
924, 0.326880, 0.005294
925, 0.326900, 0.005704
926, 0.326920, 0.005844
927, 0.326920, 0.005334
928, 0.326930, 0.005797
929, 0.326830, 0.005428
930, 0.327070, 0.005804
931, 0.326900, 0.005959
932, 0.326900, 0.005092
933, 0.327080, 0.005758
934, 0.326730, 0.005232
935, 0.326920, 0.005868
936, 0.327000, 0.005699
937, 0.326780, 0.005279
938, 0.327040, 0.005764
939, 0.326880, 0.005172
940, 0.327040, 0.005720
941, 0.326870, 0.005902
942, 0.326960, 0.005192
943, 0.326890, 0.005750
944, 0.327020, 0.005171
945, 0.326980, 0.005718
946, 0.326790, 0.005599
947, 0.326870, 0.005364
948, 0.327080, 0.005789
949, 0.326930, 0.005191
950, 0.327240, 0.005836
951, 0.326890, 0.005744
952, 0.326860, 0.005183
953, 0.327080, 0.006013
954, 0.326890, 0.005288
955, 0.326940, 0.005676
956, 0.326930, 0.005759
957, 0.326620, 0.005221
958, 0.326930, 0.005622
959, 0.326930, 0.005265
960, 0.327000, 0.005627
961, 0.327020, 0.005831
962, 0.326850, 0.005298
963, 0.326940, 0.005763
964, 0.326970, 0.005443
965, 0.326900, 0.005672
966, 0.326960, 0.005921
967, 0.326720, 0.005169
968, 0.327020, 0.005720
969, 0.326770, 0.005136
970, 0.326950, 0.005659
971, 0.326950, 0.005730
972, 0.326770, 0.005287
973, 0.326930, 0.005640
974, 0.326770, 0.005169
975, 0.327260, 0.006094
976, 0.326870, 0.005573
977, 0.327100, 0.005298
978, 0.326780, 0.005765
979, 0.326910, 0.005162
980, 0.326910, 0.005774
981, 0.326910, 0.005537
982, 0.327160, 0.005211
983, 0.327040, 0.005815
984, 0.326910, 0.005000
985, 0.327020, 0.005692
986, 0.326860, 0.005923
987, 0.326970, 0.005119
988, 0.326870, 0.005779
989, 0.326970, 0.005384
990, 0.326790, 0.005615
991, 0.327120, 0.005712
992, 0.326750, 0.005283
993, 0.326860, 0.005678
994, 0.326930, 0.005197
995, 0.326990, 0.005763
996, 0.326770, 0.005493
997, 0.326790, 0.005269
998, 0.326930, 0.005857
999, 0.326930, 0.005216
1000, 0.326870, 0.005859
1001, 0.326990, 0.005698
1002, 0.326970, 0.005160
1003, 0.327130, 0.005853
1004, 0.326930, 0.005090
1005, 0.326910, 0.005779
1006, 0.326900, 0.005847
1007, 0.326840, 0.005336
1008, 0.326860, 0.005802
1009, 0.326830, 0.005329
1010, 0.326930, 0.005694
1011, 0.327070, 0.005736
1012, 0.326930, 0.005216
1013, 0.326900, 0.005719
1014, 0.326960, 0.005234
1015, 0.327220, 0.005533
1016, 0.327070, 0.005547
1017, 0.326970, 0.005207
1018, 0.326880, 0.005663
1019, 0.326660, 0.005262
1020, 0.326970, 0.005999
1021, 0.326930, 0.005606
1022, 0.327000, 0.005217
1023, 0.326970, 0.005749
1024, 0.326970, 0.005243
1025, 0.327610, 0.006055
1026, 0.327360, 0.005813
1027, 0.326980, 0.005342
1028, 0.326870, 0.005777
1029, 0.326980, 0.005121
1030, 0.326910, 0.005705
1031, 0.327110, 0.005751
1032, 0.326880, 0.005360
1033, 0.326870, 0.005772
1034, 0.326770, 0.005451
1035, 0.327160, 0.005727
1036, 0.327120, 0.005828
1037, 0.326890, 0.005219
1038, 0.327060, 0.005466
1039, 0.326890, 0.005846
1040, 0.326880, 0.005225
1041, 0.326950, 0.005695
1042, 0.326810, 0.005342
1043, 0.326900, 0.005702
1044, 0.326850, 0.005680
1045, 0.326950, 0.005324
1046, 0.326850, 0.005576
1047, 0.326840, 0.005209
1048, 0.327160, 0.005871
1049, 0.326950, 0.005618
1050, 0.326940, 0.005128
1051, 0.326970, 0.005869
1052, 0.327010, 0.005149
1053, 0.327050, 0.005932
1054, 0.326910, 0.005712
1055, 0.327040, 0.005192
1056, 0.327010, 0.005601
1057, 0.326860, 0.005159
1058, 0.327000, 0.005523
1059, 0.327030, 0.005752
1060, 0.327030, 0.005214
1061, 0.326930, 0.005680
1062, 0.327100, 0.005323
1063, 0.326950, 0.005550
1064, 0.326960, 0.005885
1065, 0.326940, 0.005402
1066, 0.326820, 0.005554
1067, 0.326880, 0.005158
1068, 0.326950, 0.005714
1069, 0.327060, 0.005475
1070, 0.326890, 0.005190
1071, 0.326970, 0.005709
1072, 0.326820, 0.005300
1073, 0.326990, 0.005818
1074, 0.327010, 0.005696
1075, 0.326890, 0.005293
1076, 0.327110, 0.005938
1077, 0.326620, 0.005297
1078, 0.327060, 0.005569
1079, 0.326980, 0.005703
1080, 0.326720, 0.005335
1081, 0.326960, 0.005734
1082, 0.326880, 0.005179
1083, 0.326840, 0.005587
1084, 0.326930, 0.005643
1085, 0.327050, 0.005228
1086, 0.326790, 0.005613
1087, 0.327140, 0.005339
1088, 0.327090, 0.005720
1089, 0.327000, 0.005704
1090, 0.327040, 0.005288
1091, 0.326820, 0.005574
1092, 0.326880, 0.005363
1093, 0.327030, 0.005813
1094, 0.326760, 0.005485
1095, 0.326940, 0.005225
1096, 0.326940, 0.005760
1097, 0.327130, 0.005079
1098, 0.326850, 0.006134
1099, 0.327220, 0.005963
1100, 0.326910, 0.005105
1101, 0.327000, 0.005725
1102, 0.326850, 0.005170
1103, 0.326790, 0.005696
1104, 0.327180, 0.005469
1105, 0.326760, 0.005237
1106, 0.327230, 0.005762
1107, 0.326910, 0.005320
1108, 0.327070, 0.005790
1109, 0.326870, 0.005890
1110, 0.326900, 0.005186
1111, 0.327090, 0.005683
1112, 0.327140, 0.005246
1113, 0.326970, 0.005771
1114, 0.326990, 0.005761
1115, 0.326820, 0.005324
1116, 0.326950, 0.005814
1117, 0.326910, 0.005237
1118, 0.326950, 0.005873
1119, 0.327050, 0.005730
1120, 0.326920, 0.005462
1121, 0.327100, 0.005612
1122, 0.327150, 0.005158
1123, 0.327030, 0.005735
1124, 0.327120, 0.005788
1125, 0.326960, 0.005091
1126, 0.326920, 0.005742
1127, 0.327020, 0.005323
1128, 0.326900, 0.005604
1129, 0.326910, 0.005572
1130, 0.327010, 0.005341
1131, 0.326910, 0.005877
1132, 0.326990, 0.005300
1133, 0.327060, 0.005762
1134, 0.327040, 0.006013
1135, 0.326910, 0.005189
1136, 0.327030, 0.005804
1137, 0.326890, 0.005431
1138, 0.326930, 0.005750
1139, 0.327010, 0.005808
1140, 0.326890, 0.005148
1141, 0.326940, 0.005665
1142, 0.326670, 0.005060
1143, 0.326940, 0.005880
1144, 0.327000, 0.005696
1145, 0.326850, 0.005347
1146, 0.326980, 0.005810
1147, 0.326830, 0.005187
1148, 0.327100, 0.005668
1149, 0.327170, 0.005833
1150, 0.326950, 0.005037
1151, 0.327000, 0.005689
1152, 0.326860, 0.005210
1153, 0.327000, 0.005772
1154, 0.326900, 0.006204
1155, 0.326840, 0.005274
1156, 0.326960, 0.005762
1157, 0.326860, 0.005271
1158, 0.327120, 0.005694
1159, 0.326980, 0.005692
1160, 0.326840, 0.005120
1161, 0.326980, 0.005634
1162, 0.326990, 0.005247
1163, 0.327050, 0.005754
1164, 0.326930, 0.005620
1165, 0.326830, 0.005282
1166, 0.326940, 0.005676
1167, 0.326990, 0.005076
1168, 0.327010, 0.005594
1169, 0.327040, 0.005650
1170, 0.327080, 0.005289
1171, 0.327100, 0.005811
1172, 0.327050, 0.005302
1173, 0.326910, 0.005446
1174, 0.327110, 0.005838
1175, 0.326920, 0.005188
1176, 0.327060, 0.005781
1177, 0.327010, 0.005247
1178, 0.326820, 0.005830
1179, 0.326990, 0.005576
1180, 0.326930, 0.005412
1181, 0.326940, 0.005662
1182, 0.326800, 0.005324
1183, 0.327110, 0.005628
1184, 0.327020, 0.005526
1185, 0.327140, 0.005119
1186, 0.326830, 0.005771
1187, 0.326940, 0.005246
1188, 0.326840, 0.005841
1189, 0.326820, 0.005689
1190, 0.326890, 0.005116
1191, 0.326970, 0.005758
1192, 0.326950, 0.005170
1193, 0.327050, 0.005626
1194, 0.326990, 0.005585
1195, 0.327110, 0.005107
1196, 0.326980, 0.005795
1197, 0.327160, 0.005537
1198, 0.327070, 0.005925
1199, 0.327240, 0.005843
1200, 0.326900, 0.005258
1201, 0.326840, 0.005690
1202, 0.327080, 0.005232
1203, 0.326970, 0.005700
1204, 0.326850, 0.005568
1205, 0.327010, 0.005453
1206, 0.327000, 0.005600
1207, 0.327080, 0.005224
1208, 0.327100, 0.005835
1209, 0.326990, 0.005840
1210, 0.326830, 0.005406
1211, 0.327110, 0.005836
1212, 0.326850, 0.005249
1213, 0.326910, 0.005685
1214, 0.326930, 0.005726
1215, 0.326850, 0.005187
1216, 0.326870, 0.005805
1217, 0.327030, 0.005338
1218, 0.326930, 0.005708
1219, 0.327180, 0.005923
1220, 0.326890, 0.005314
1221, 0.327040, 0.005838
1222, 0.326990, 0.005041
1223, 0.327070, 0.005588
1224, 0.326790, 0.005813
1225, 0.326730, 0.005221
1226, 0.326910, 0.005514
1227, 0.326650, 0.005125
1228, 0.327090, 0.005779
1229, 0.326870, 0.005683
1230, 0.326880, 0.005181
1231, 0.327090, 0.005727
1232, 0.326960, 0.005450
1233, 0.327000, 0.005690
1234, 0.327010, 0.005864
1235, 0.327280, 0.005210
1236, 0.326830, 0.005743
1237, 0.327080, 0.005253
1238, 0.326900, 0.005645
1239, 0.326970, 0.005572
1240, 0.326820, 0.005281
1241, 0.326900, 0.005700
1242, 0.326920, 0.005291
1243, 0.327020, 0.006000
1244, 0.327090, 0.005729
1245, 0.326900, 0.005239
1246, 0.326940, 0.005651
1247, 0.327080, 0.005727
1248, 0.326800, 0.005154
1249, 0.327110, 0.005643
1250, 0.326780, 0.005186
1251, 0.327000, 0.005573
1252, 0.326900, 0.005689
1253, 0.326830, 0.005231
1254, 0.327010, 0.005961
1255, 0.326940, 0.005261
1256, 0.327060, 0.005808
1257, 0.326780, 0.005610
1258, 0.327050, 0.004969
1259, 0.327000, 0.005930
1260, 0.326640, 0.005133
1261, 0.326870, 0.005810
1262, 0.326810, 0.005793
1263, 0.326920, 0.005247
1264, 0.326820, 0.005778
1265, 0.326710, 0.005436
1266, 0.327070, 0.005577
1267, 0.326840, 0.005713
1268, 0.326960, 0.005075
1269, 0.326880, 0.005673
1270, 0.326960, 0.005323
1271, 0.327030, 0.005599
1272, 0.327000, 0.005724
1273, 0.326890, 0.005387
1274, 0.326830, 0.005632
1275, 0.326910, 0.005312
1276, 0.327010, 0.005640
1277, 0.326870, 0.005589
1278, 0.326980, 0.005368
1279, 0.326950, 0.005809
1280, 0.326910, 0.005171
1281, 0.326930, 0.005757
1282, 0.327070, 0.005826
1283, 0.326840, 0.005167
1284, 0.327130, 0.005787
1285, 0.326830, 0.005127
1286, 0.326850, 0.005684
1287, 0.326880, 0.005664
1288, 0.326660, 0.005386
1289, 0.326960, 0.005807
1290, 0.326970, 0.005375
1291, 0.326960, 0.005542
1292, 0.327110, 0.005713
1293, 0.327000, 0.005231
1294, 0.326960, 0.005795
1295, 0.326910, 0.005269
1296, 0.327050, 0.005687
1297, 0.326950, 0.005790
1298, 0.326890, 0.005276
1299, 0.327070, 0.005930
1300, 0.326840, 0.005297
1301, 0.327000, 0.005639
1302, 0.326840, 0.005649
1303, 0.326890, 0.005122
1304, 0.326940, 0.005729
1305, 0.326970, 0.005375
1306, 0.326890, 0.005867
1307, 0.327140, 0.005904
1308, 0.327050, 0.005197
1309, 0.326950, 0.005705
1310, 0.327050, 0.005264
1311, 0.327020, 0.005687
1312, 0.326990, 0.005789
1313, 0.326720, 0.005428
1314, 0.326870, 0.005596
1315, 0.327040, 0.005303
1316, 0.327060, 0.005625
1317, 0.327040, 0.005802
1318, 0.326850, 0.005214
1319, 0.327150, 0.005677
1320, 0.326980, 0.005352
1321, 0.326890, 0.005931
1322, 0.327020, 0.005771
1323, 0.326730, 0.005196
1324, 0.326880, 0.005717
1325, 0.326930, 0.005121
1326, 0.327000, 0.005771
1327, 0.327000, 0.005753
1328, 0.326840, 0.005153
1329, 0.327080, 0.005537
1330, 0.326980, 0.005138
1331, 0.326980, 0.005660
1332, 0.326970, 0.006085
1333, 0.326800, 0.005036
1334, 0.327070, 0.005708
1335, 0.326770, 0.005228
1336, 0.327020, 0.005800
1337, 0.326930, 0.005577
1338, 0.327030, 0.005384
1339, 0.326770, 0.005694
1340, 0.326830, 0.005212
1341, 0.327170, 0.005703
1342, 0.326810, 0.005815
1343, 0.327040, 0.005320
1344, 0.326980, 0.005867
1345, 0.327010, 0.005228
1346, 0.326960, 0.005681
1347, 0.326990, 0.005684
1348, 0.326780, 0.005186
1349, 0.326880, 0.005752
1350, 0.326770, 0.005219
1351, 0.327040, 0.005667
1352, 0.327000, 0.005653
1353, 0.326800, 0.005307
1354, 0.327080, 0.005533
1355, 0.326840, 0.005422
1356, 0.327100, 0.005478
1357, 0.327130, 0.005893
1358, 0.326890, 0.005196
1359, 0.327080, 0.005734
1360, 0.326740, 0.005182
1361, 0.326880, 0.005761
1362, 0.326740, 0.005615
1363, 0.326940, 0.005267
1364, 0.326970, 0.005714
1365, 0.326900, 0.005112
1366, 0.327080, 0.006031
1367, 0.327090, 0.005652
1368, 0.326820, 0.005189
1369, 0.327010, 0.005797
1370, 0.326950, 0.005203
1371, 0.327080, 0.005779
1372, 0.326930, 0.005673
1373, 0.326680, 0.005272
1374, 0.326940, 0.005770
1375, 0.326930, 0.005229
1376, 0.326920, 0.005751
1377, 0.326960, 0.005856
1378, 0.327110, 0.005132
1379, 0.326880, 0.005797
1380, 0.327000, 0.005307
1381, 0.327050, 0.005563
1382, 0.326970, 0.005691
1383, 0.326950, 0.005113
1384, 0.326860, 0.005652
1385, 0.326930, 0.005164
1386, 0.326790, 0.005745
1387, 0.327210, 0.005633
1388, 0.326850, 0.005341
1389, 0.327000, 0.005743
1390, 0.326860, 0.005254
1391, 0.327010, 0.005799
1392, 0.327090, 0.005678
1393, 0.327100, 0.005078
1394, 0.326980, 0.005628
1395, 0.326780, 0.005193
1396, 0.326830, 0.005715
1397, 0.326950, 0.005581
1398, 0.326890, 0.005221
1399, 0.327090, 0.006040
1400, 0.326800, 0.005192
1401, 0.327030, 0.005628
1402, 0.326810, 0.005818
1403, 0.327060, 0.005049
1404, 0.327080, 0.005863
1405, 0.327090, 0.005202
1406, 0.326980, 0.005562
1407, 0.326800, 0.005678
1408, 0.326910, 0.005252
1409, 0.326950, 0.005613
1410, 0.326840, 0.005174
1411, 0.326950, 0.005864
1412, 0.326860, 0.005748
1413, 0.326910, 0.005167
1414, 0.326860, 0.005703
1415, 0.326950, 0.005269
1416, 0.326940, 0.005722
1417, 0.327100, 0.005823
1418, 0.327070, 0.005225
1419, 0.326910, 0.005802
1420, 0.326860, 0.005290
1421, 0.326940, 0.005788
1422, 0.326970, 0.005809
1423, 0.326830, 0.005231
1424, 0.326960, 0.005695
1425, 0.327080, 0.005366
1426, 0.326900, 0.005765
1427, 0.327110, 0.005655
1428, 0.326900, 0.005247
1429, 0.327130, 0.005758
1430, 0.326960, 0.005470
1431, 0.326930, 0.005682
1432, 0.327000, 0.005758
1433, 0.327010, 0.005349
1434, 0.326870, 0.005756
1435, 0.326650, 0.005098
1436, 0.327030, 0.005714
1437, 0.327010, 0.005902
1438, 0.326950, 0.005162
1439, 0.326980, 0.005774
1440, 0.327060, 0.005014
1441, 0.327060, 0.005632
1442, 0.327090, 0.005738
1443, 0.326910, 0.005002
1444, 0.326980, 0.006007
1445, 0.326880, 0.005395
1446, 0.326890, 0.005690
1447, 0.326920, 0.005626
1448, 0.326750, 0.005277
1449, 0.327090, 0.005582
1450, 0.326880, 0.005156
1451, 0.326980, 0.005713
1452, 0.326970, 0.005710
1453, 0.326890, 0.005265
1454, 0.326980, 0.005781
1455, 0.327270, 0.006068
1456, 0.326960, 0.005225
1457, 0.326900, 0.005645
1458, 0.326900, 0.005218
1459, 0.326860, 0.005727
1460, 0.326870, 0.005623
1461, 0.326860, 0.005194
1462, 0.327050, 0.005778
1463, 0.326820, 0.005279
1464, 0.327010, 0.005629
1465, 0.326990, 0.005700
1466, 0.327110, 0.005148
1467, 0.327070, 0.005745
1468, 0.326770, 0.005246
1469, 0.326940, 0.005715
1470, 0.326780, 0.005676
1471, 0.326920, 0.005314
1472, 0.327010, 0.005737
1473, 0.326880, 0.005347
1474, 0.327060, 0.005513
1475, 0.326960, 0.005667
1476, 0.327100, 0.005195
1477, 0.326890, 0.005936
1478, 0.327090, 0.005256
1479, 0.326940, 0.005704
1480, 0.326900, 0.005839
1481, 0.326980, 0.005238
1482, 0.326800, 0.005708
1483, 0.327030, 0.005317
1484, 0.327000, 0.005757
1485, 0.326890, 0.005612
1486, 0.326790, 0.005123
1487, 0.327100, 0.005738
1488, 0.326900, 0.005294
1489, 0.327120, 0.005922
1490, 0.327140, 0.005884
1491, 0.326900, 0.005247
1492, 0.327120, 0.005828
1493, 0.326970, 0.005078
1494, 0.326700, 0.005583
1495, 0.327050, 0.005698
1496, 0.326830, 0.005413
1497, 0.326820, 0.005661
1498, 0.326940, 0.005333
1499, 0.327050, 0.005563
1500, 0.327110, 0.005924
1501, 0.327020, 0.005206
1502, 0.326830, 0.005821
1503, 0.327040, 0.005378
1504, 0.327020, 0.005690
1505, 0.327040, 0.005674
1506, 0.326920, 0.005306
1507, 0.327060, 0.005774
1508, 0.326780, 0.005239
1509, 0.327070, 0.005705
1510, 0.326990, 0.005803
1511, 0.326940, 0.005366
1512, 0.326850, 0.005613
1513, 0.327070, 0.005200
1514, 0.326830, 0.005831
1515, 0.327080, 0.005849
1516, 0.327130, 0.005151
1517, 0.326940, 0.005720
1518, 0.326950, 0.005158
1519, 0.326930, 0.005759
1520, 0.326920, 0.005732
1521, 0.326750, 0.005326
1522, 0.327030, 0.005737
1523, 0.326770, 0.005228
1524, 0.327000, 0.005776
1525, 0.327070, 0.005860
1526, 0.327010, 0.005187
1527, 0.326990, 0.005842
1528, 0.327140, 0.005293
1529, 0.326780, 0.005765
1530, 0.327180, 0.005789
1531, 0.326860, 0.005250
1532, 0.326750, 0.005645
1533, 0.327050, 0.005229
1534, 0.326980, 0.005802
1535, 0.326840, 0.005851
1536, 0.326990, 0.005436
1537, 0.327180, 0.005930
1538, 0.327030, 0.005137
1539, 0.327200, 0.005659
1540, 0.326920, 0.005596
1541, 0.326850, 0.005117
1542, 0.327030, 0.005703
1543, 0.326870, 0.005172
1544, 0.326950, 0.005890
1545, 0.327020, 0.005550
1546, 0.326840, 0.005469
1547, 0.327010, 0.005617
1548, 0.326990, 0.005403
1549, 0.327070, 0.005759
1550, 0.327020, 0.005748
1551, 0.326970, 0.005118
1552, 0.326950, 0.005724
1553, 0.326980, 0.005236
1554, 0.327120, 0.005691
1555, 0.327040, 0.005727
1556, 0.326810, 0.005372
1557, 0.326930, 0.005682
1558, 0.326910, 0.005154
1559, 0.326920, 0.005607
1560, 0.326960, 0.005637
1561, 0.326820, 0.005206
1562, 0.327110, 0.005634
1563, 0.326920, 0.005270
1564, 0.327000, 0.005561
1565, 0.327230, 0.005803
1566, 0.326890, 0.005153
1567, 0.327030, 0.005756
1568, 0.326860, 0.005267
1569, 0.327040, 0.005701
1570, 0.326760, 0.005752
1571, 0.326900, 0.005390
1572, 0.326900, 0.005696
1573, 0.326880, 0.005254
1574, 0.327060, 0.005706
1575, 0.327020, 0.005762
1576, 0.326780, 0.005193
1577, 0.327250, 0.005747
1578, 0.327030, 0.005419
1579, 0.327120, 0.005738
1580, 0.326980, 0.005593
1581, 0.326820, 0.005273
1582, 0.327060, 0.005791
1583, 0.326780, 0.005253
1584, 0.326930, 0.005659
1585, 0.326920, 0.005542
1586, 0.326970, 0.005011
1587, 0.326960, 0.005702
1588, 0.327050, 0.005330
1589, 0.326920, 0.005834
1590, 0.326900, 0.005695
1591, 0.326850, 0.005298
1592, 0.326770, 0.005641
1593, 0.326830, 0.005305
1594, 0.326840, 0.005761
1595, 0.326840, 0.005598
1596, 0.326880, 0.005279
1597, 0.326990, 0.005709
1598, 0.327020, 0.005064
1599, 0.327030, 0.005682
1600, 0.327080, 0.006087
1601, 0.327060, 0.005188
1602, 0.326960, 0.005911
1603, 0.326990, 0.005216
1604, 0.326970, 0.005790
1605, 0.326910, 0.005691
1606, 0.326850, 0.005247
1607, 0.326940, 0.005789
1608, 0.326780, 0.005371
1609, 0.326800, 0.005546
1610, 0.326970, 0.005636
1611, 0.326940, 0.005325
1612, 0.326870, 0.005665
1613, 0.327020, 0.005393
1614, 0.326940, 0.005594
1615, 0.327060, 0.005619
1616, 0.326810, 0.005345
1617, 0.326800, 0.005682
1618, 0.326720, 0.005132
1619, 0.327120, 0.005898
1620, 0.326890, 0.005650
1621, 0.326820, 0.005350
1622, 0.327000, 0.005753
1623, 0.327000, 0.005231
1624, 0.327090, 0.005582
1625, 0.327030, 0.005752
1626, 0.326950, 0.005084
1627, 0.327040, 0.005625
1628, 0.326850, 0.005343
1629, 0.326960, 0.005573
1630, 0.326820, 0.005622
1631, 0.326990, 0.005197
1632, 0.326920, 0.005732
1633, 0.327010, 0.005235
1634, 0.326870, 0.006046
1635, 0.326950, 0.005700
1636, 0.326870, 0.005396
1637, 0.327020, 0.005745
1638, 0.327040, 0.005219
1639, 0.327000, 0.005675
1640, 0.326930, 0.005638
1641, 0.326850, 0.005150
1642, 0.327050, 0.005606
1643, 0.326700, 0.005013
1644, 0.326910, 0.005908
1645, 0.326890, 0.006038
1646, 0.326960, 0.005183
1647, 0.327140, 0.005722
1648, 0.327030, 0.005253
1649, 0.326990, 0.005597
1650, 0.327060, 0.005657
1651, 0.326910, 0.005144
1652, 0.326990, 0.005796
1653, 0.326840, 0.005270
1654, 0.326970, 0.005759
1655, 0.326900, 0.005864
1656, 0.326930, 0.005498
1657, 0.327200, 0.005580
1658, 0.326850, 0.005279
1659, 0.327070, 0.005821
1660, 0.326930, 0.005731
1661, 0.327020, 0.005156
1662, 0.326980, 0.005652
1663, 0.327050, 0.005768
1664, 0.326910, 0.005435
1665, 0.326860, 0.005689
1666, 0.326860, 0.005179
1667, 0.326910, 0.006085
1668, 0.326890, 0.005607
1669, 0.326950, 0.005166
1670, 0.326950, 0.005659
1671, 0.326920, 0.005151
1672, 0.326980, 0.005755
1673, 0.327040, 0.005907
1674, 0.326980, 0.005087
1675, 0.327130, 0.005709
1676, 0.326710, 0.005256
1677, 0.327010, 0.005668
1678, 0.327130, 0.005853
1679, 0.326760, 0.005254
1680, 0.327010, 0.005724
1681, 0.326860, 0.005380
1682, 0.326900, 0.005672
1683, 0.326810, 0.005775
1684, 0.327270, 0.005179
1685, 0.326940, 0.005803
1686, 0.327020, 0.005159
1687, 0.327180, 0.005611
1688, 0.326990, 0.005644
1689, 0.326980, 0.005314
1690, 0.326920, 0.005979
1691, 0.326890, 0.005263
1692, 0.326850, 0.005737
1693, 0.326890, 0.005781
1694, 0.326880, 0.005168
1695, 0.326970, 0.005775
1696, 0.326950, 0.005072
1697, 0.326950, 0.005830
1698, 0.327010, 0.005785
1699, 0.326960, 0.005236
1700, 0.326950, 0.005752
1701, 0.326970, 0.005362
1702, 0.326870, 0.005654
1703, 0.326910, 0.005600
1704, 0.326800, 0.005117
1705, 0.326820, 0.005522
1706, 0.327060, 0.005323
1707, 0.326780, 0.005672
1708, 0.327110, 0.005743
1709, 0.326920, 0.005306
1710, 0.326850, 0.005852
1711, 0.327080, 0.005327
1712, 0.327120, 0.006034
1713, 0.327040, 0.005874
1714, 0.326830, 0.005189
1715, 0.327120, 0.005677
1716, 0.326620, 0.005089
1717, 0.326940, 0.005770
1718, 0.327030, 0.005728
1719, 0.326800, 0.005290
1720, 0.327080, 0.005683
1721, 0.326930, 0.005150
1722, 0.326820, 0.005776
1723, 0.327120, 0.006017
1724, 0.326880, 0.005050
1725, 0.326790, 0.005738
1726, 0.326870, 0.005149
1727, 0.326950, 0.005663
1728, 0.326930, 0.005613
1729, 0.326810, 0.005283
1730, 0.327020, 0.005798
1731, 0.326860, 0.005267
1732, 0.326920, 0.005706
1733, 0.326920, 0.005786
1734, 0.326980, 0.005383
1735, 0.327060, 0.005813
1736, 0.327010, 0.005120
1737, 0.326850, 0.005802
1738, 0.326940, 0.005929
1739, 0.326820, 0.005176
1740, 0.326860, 0.005706
1741, 0.327010, 0.005226
1742, 0.327000, 0.005713
1743, 0.326790, 0.005743
1744, 0.326700, 0.005373
1745, 0.327090, 0.005960
1746, 0.327050, 0.005084
1747, 0.327120, 0.005613
1748, 0.327180, 0.005910
1749, 0.326820, 0.005287
1750, 0.327140, 0.005731
1751, 0.326980, 0.005179
1752, 0.326990, 0.005570
1753, 0.327010, 0.005516
1754, 0.326780, 0.005226
1755, 0.326970, 0.005787
1756, 0.326750, 0.005185
1757, 0.327220, 0.005835
1758, 0.326870, 0.005574
1759, 0.327070, 0.005195
1760, 0.327050, 0.005864
1761, 0.326920, 0.005251
1762, 0.327120, 0.005731
1763, 0.326950, 0.005601
1764, 0.326900, 0.005153
1765, 0.327040, 0.005793
1766, 0.326730, 0.005179
1767, 0.326940, 0.005697
1768, 0.326980, 0.005918
1769, 0.326990, 0.005207
1770, 0.326940, 0.005704
1771, 0.326830, 0.005301
1772, 0.326820, 0.005626
1773, 0.327120, 0.005795
1774, 0.326860, 0.005150
1775, 0.326710, 0.005664
1776, 0.326960, 0.005103
1777, 0.326850, 0.005666
1778, 0.326610, 0.005702
1779, 0.326940, 0.005348
1780, 0.326970, 0.005712
1781, 0.326950, 0.005149
1782, 0.327130, 0.005747
1783, 0.327010, 0.005587
1784, 0.326680, 0.005114
1785, 0.327180, 0.005757
1786, 0.327020, 0.005200
1787, 0.326840, 0.005690
1788, 0.327200, 0.005644
1789, 0.326730, 0.005308
1790, 0.327040, 0.005923
1791, 0.326770, 0.005063
1792, 0.326920, 0.005747
1793, 0.326950, 0.005624
1794, 0.327050, 0.005172
1795, 0.327140, 0.005614
1796, 0.327020, 0.005339
1797, 0.326940, 0.005499
1798, 0.326780, 0.005626
1799, 0.326990, 0.005228
1800, 0.326910, 0.005652
1801, 0.326980, 0.005361
1802, 0.326810, 0.005741
1803, 0.327120, 0.005759
1804, 0.326850, 0.005269
1805, 0.326940, 0.005708
1806, 0.326950, 0.005147
1807, 0.327020, 0.005846
1808, 0.326980, 0.005771
1809, 0.326890, 0.005230
1810, 0.326960, 0.006043
1811, 0.326960, 0.005229
1812, 0.327000, 0.005798
1813, 0.326830, 0.005689
1814, 0.326960, 0.005165
1815, 0.326770, 0.005716
1816, 0.326920, 0.005293
1817, 0.326870, 0.005466
1818, 0.326920, 0.005713
1819, 0.326960, 0.005204
1820, 0.327130, 0.005578
1821, 0.327100, 0.005292
1822, 0.326960, 0.005651
1823, 0.327000, 0.005764
1824, 0.326850, 0.005531
1825, 0.326960, 0.005802
1826, 0.326930, 0.005076
1827, 0.327030, 0.006001
1828, 0.326910, 0.005715
1829, 0.326690, 0.005429
1830, 0.327080, 0.005700
1831, 0.326910, 0.005012
1832, 0.326990, 0.005527
1833, 0.327050, 0.005809
1834, 0.326970, 0.005100
1835, 0.327170, 0.005958
1836, 0.326830, 0.005276
1837, 0.327000, 0.005703
1838, 0.327080, 0.005585
1839, 0.326820, 0.005231
1840, 0.326920, 0.005672
1841, 0.326850, 0.005229
1842, 0.326980, 0.005800
1843, 0.327040, 0.005632
1844, 0.326880, 0.005298
1845, 0.326980, 0.005793
1846, 0.326860, 0.005468
1847, 0.326980, 0.005533
1848, 0.326960, 0.005774
1849, 0.326830, 0.005146
1850, 0.326840, 0.005734
1851, 0.326750, 0.005166
1852, 0.326930, 0.005700
1853, 0.327040, 0.005648
1854, 0.326680, 0.005357
1855, 0.327060, 0.005770
1856, 0.327080, 0.005161
1857, 0.326950, 0.005801
1858, 0.327160, 0.005782
1859, 0.326860, 0.005183
1860, 0.327050, 0.005622
1861, 0.326810, 0.005186
1862, 0.326950, 0.005742
1863, 0.326950, 0.005728
1864, 0.326810, 0.005359
1865, 0.327100, 0.005704
1866, 0.326840, 0.005192
1867, 0.327130, 0.005813
1868, 0.326950, 0.005981
1869, 0.327120, 0.005313
1870, 0.327000, 0.005758
1871, 0.327020, 0.005646
1872, 0.326910, 0.005148
1873, 0.326760, 0.005705
1874, 0.326910, 0.005248
1875, 0.326860, 0.005711
1876, 0.326920, 0.005569
1877, 0.326830, 0.005119
1878, 0.326910, 0.005698
1879, 0.327030, 0.005189
1880, 0.327000, 0.005683
1881, 0.327000, 0.005985
1882, 0.327070, 0.005109
1883, 0.326910, 0.005992
1884, 0.326750, 0.005208
1885, 0.326810, 0.005580
1886, 0.327160, 0.005665
1887, 0.326870, 0.005266
1888, 0.326950, 0.005601
1889, 0.326920, 0.005280
1890, 0.326930, 0.005618
1891, 0.326970, 0.006051
1892, 0.326930, 0.005294
1893, 0.326990, 0.005777
1894, 0.326830, 0.005208
1895, 0.327130, 0.005784
1896, 0.327130, 0.005683
1897, 0.327100, 0.005237
1898, 0.326910, 0.005793
1899, 0.326850, 0.005354
1900, 0.326900, 0.005668
1901, 0.326870, 0.005665
1902, 0.326760, 0.005346
1903, 0.327010, 0.005454
1904, 0.326880, 0.005150
1905, 0.326910, 0.005748
1906, 0.327070, 0.005950
1907, 0.326700, 0.005112
1908, 0.326940, 0.005533
1909, 0.327130, 0.005124
1910, 0.326640, 0.005698
1911, 0.326930, 0.005668
1912, 0.326740, 0.005358
1913, 0.326880, 0.005788
1914, 0.326970, 0.005285
1915, 0.326830, 0.005694
1916, 0.327200, 0.005840
1917, 0.326880, 0.005288
1918, 0.327000, 0.005904
1919, 0.326890, 0.005219
1920, 0.326970, 0.005595
1921, 0.327010, 0.005864
1922, 0.326750, 0.005461
1923, 0.327090, 0.005632
1924, 0.326630, 0.005251
1925, 0.326940, 0.005882
1926, 0.327090, 0.005850
1927, 0.326780, 0.005215
1928, 0.327290, 0.005641
1929, 0.326850, 0.005121
1930, 0.327030, 0.005801
1931, 0.326950, 0.005728
1932, 0.326990, 0.005182
1933, 0.327000, 0.005641
1934, 0.326700, 0.005249
1935, 0.326970, 0.005905
1936, 0.326910, 0.005606
1937, 0.326970, 0.005351
1938, 0.326930, 0.005783
1939, 0.326790, 0.005284
1940, 0.327000, 0.005732
1941, 0.326930, 0.005652
1942, 0.327090, 0.005117
1943, 0.326980, 0.005524
1944, 0.327090, 0.005132
1945, 0.326890, 0.005777
1946, 0.327000, 0.005921
1947, 0.326800, 0.005225
1948, 0.326870, 0.005706
1949, 0.327020, 0.005152
1950, 0.327050, 0.005673
1951, 0.326910, 0.005793
1952, 0.326690, 0.005221
1953, 0.327070, 0.005629
1954, 0.327130, 0.005194
1955, 0.326880, 0.005707
1956, 0.327220, 0.005936
1957, 0.326610, 0.005142
1958, 0.326970, 0.005785
1959, 0.326700, 0.005419
1960, 0.326760, 0.005731
1961, 0.326850, 0.005505
1962, 0.327000, 0.005359
1963, 0.326930, 0.005800
1964, 0.326950, 0.005220
1965, 0.327020, 0.005800
1966, 0.326940, 0.005706
1967, 0.326980, 0.005014
1968, 0.326970, 0.005707
1969, 0.326760, 0.005428
1970, 0.327140, 0.005729
1971, 0.327030, 0.005587
1972, 0.326810, 0.005245
1973, 0.326980, 0.005703
1974, 0.326800, 0.005217
1975, 0.327040, 0.005737
1976, 0.327030, 0.005675
1977, 0.326940, 0.005240
1978, 0.327070, 0.005799
1979, 0.326960, 0.005499
1980, 0.327100, 0.005825
1981, 0.327010, 0.005728
1982, 0.326910, 0.005269
1983, 0.326870, 0.005813
1984, 0.326900, 0.005230
1985, 0.326990, 0.005695
1986, 0.326780, 0.005556
1987, 0.327140, 0.005331
1988, 0.326930, 0.005694
1989, 0.327050, 0.005143
1990, 0.327090, 0.005764
1991, 0.327040, 0.005845
1992, 0.326800, 0.005161
1993, 0.327040, 0.005755
1994, 0.326940, 0.005047
1995, 0.326890, 0.005758
1996, 0.326980, 0.005720
1997, 0.326790, 0.005145
1998, 0.326990, 0.005684
1999, 0.326880, 0.005172
2000, 0.326900, 0.005563
2001, 0.327100, 0.005622
