Container_size, 67108864,key_space, 296068
request bin, mean_latency, sd
0, 34.693170, 1.746539
1, 19.797160, 0.892367
2, 13.593720, 0.768875
3, 9.942350, 0.809545
4, 7.458640, 0.783454
5, 5.645970, 0.852438
6, 4.307940, 0.876968
7, 3.384800, 0.862828
8, 2.670030, 0.824255
9, 2.136980, 0.779091
10, 1.769960, 0.763166
11, 1.472760, 0.803774
12, 1.249260, 0.674075
13, 1.090610, 0.633537
14, 0.948280, 0.553778
15, 0.857420, 0.560618
16, 0.783470, 0.545785
17, 0.729660, 0.489078
18, 0.685910, 0.477254
19, 0.660030, 0.428941
20, 0.621480, 0.414459
21, 0.607320, 0.408576
22, 0.590100, 0.348595
23, 0.577540, 0.337930
24, 0.552790, 0.273318
25, 0.550500, 0.292825
26, 0.538340, 0.280093
27, 0.527200, 0.247545
28, 0.519140, 0.245441
29, 0.509500, 0.230585
30, 0.503340, 0.191287
31, 0.495620, 0.147891
32, 0.486710, 0.148997
33, 0.494130, 0.171563
34, 0.486380, 0.160110
35, 0.482340, 0.135860
36, 0.477850, 0.126131
37, 0.477140, 0.129581
38, 0.475500, 0.130475
39, 0.467600, 0.100951
40, 0.465050, 0.096470
41, 0.463550, 0.084936
42, 0.465440, 0.095932
43, 0.462980, 0.092520
44, 0.461330, 0.074568
45, 0.460080, 0.086712
46, 0.454360, 0.060443
47, 0.453190, 0.059618
48, 0.455080, 0.078494
49, 0.452920, 0.064358
50, 0.450980, 0.056343
51, 0.450580, 0.041933
52, 0.449990, 0.053875
53, 0.449590, 0.054660
54, 0.446340, 0.040273
55, 0.445160, 0.042160
56, 0.443470, 0.048106
57, 0.441430, 0.031379
58, 0.441110, 0.036472
59, 0.441120, 0.035484
60, 0.440230, 0.035246
61, 0.437750, 0.027819
62, 0.437680, 0.028739
63, 0.437360, 0.026355
64, 0.435230, 0.023841
65, 0.436600, 0.023746
66, 0.436150, 0.027785
67, 0.434460, 0.029853
68, 0.433980, 0.026454
69, 0.432570, 0.025518
70, 0.431750, 0.021821
71, 0.430850, 0.024394
72, 0.432050, 0.025897
73, 0.432400, 0.027509
74, 0.429880, 0.022284
75, 0.427970, 0.020296
76, 0.428180, 0.018456
77, 0.428270, 0.022902
78, 0.426810, 0.022317
79, 0.428480, 0.024741
80, 0.426070, 0.018429
81, 0.425870, 0.020243
82, 0.425520, 0.019585
83, 0.424860, 0.019947
84, 0.425430, 0.022177
85, 0.424790, 0.024609
86, 0.422830, 0.014506
87, 0.424510, 0.019815
88, 0.422740, 0.016054
89, 0.425710, 0.022572
90, 0.423620, 0.017840
91, 0.421610, 0.023365
92, 0.422210, 0.019236
93, 0.420720, 0.015947
94, 0.420680, 0.016055
95, 0.419820, 0.018703
96, 0.419650, 0.022134
97, 0.421180, 0.021297
98, 0.419420, 0.021969
99, 0.418640, 0.015839
100, 0.418150, 0.014026
101, 0.418270, 0.014856
102, 0.418130, 0.014618
103, 0.418980, 0.017623
104, 0.419020, 0.020729
105, 0.416590, 0.012932
106, 0.416550, 0.014487
107, 0.417640, 0.017214
108, 0.418110, 0.018635
109, 0.415460, 0.014095
110, 0.415190, 0.013626
111, 0.416270, 0.017286
112, 0.416270, 0.015768
113, 0.414580, 0.014363
114, 0.415210, 0.016660
115, 0.416780, 0.017764
116, 0.413740, 0.014403
117, 0.415070, 0.015926
118, 0.413980, 0.015385
119, 0.413780, 0.015169
120, 0.413330, 0.012859
121, 0.413440, 0.015637
122, 0.414810, 0.021011
123, 0.414300, 0.018309
124, 0.415180, 0.018560
125, 0.412530, 0.013328
126, 0.412830, 0.015188
127, 0.412790, 0.015179
128, 0.412690, 0.016510
129, 0.413440, 0.016005
130, 0.411840, 0.013294
131, 0.411590, 0.014589
132, 0.412590, 0.015572
133, 0.412170, 0.020507
134, 0.410810, 0.013867
135, 0.412280, 0.016256
136, 0.413480, 0.018736
137, 0.410510, 0.014494
138, 0.411510, 0.015790
139, 0.411300, 0.016813
140, 0.411100, 0.015669
141, 0.411520, 0.016598
142, 0.410080, 0.013416
143, 0.410610, 0.016620
144, 0.410550, 0.015964
145, 0.410500, 0.014970
146, 0.410480, 0.015834
147, 0.410740, 0.014881
148, 0.410190, 0.015669
149, 0.410620, 0.016722
150, 0.408960, 0.013784
151, 0.410090, 0.015789
152, 0.409430, 0.014268
153, 0.409170, 0.014044
154, 0.410920, 0.017111
155, 0.409660, 0.015017
156, 0.409260, 0.014501
157, 0.409570, 0.014992
158, 0.409660, 0.016295
159, 0.409540, 0.015129
160, 0.410090, 0.017165
161, 0.409380, 0.014969
162, 0.408450, 0.013569
163, 0.409890, 0.017436
164, 0.409890, 0.016154
165, 0.408830, 0.014632
166, 0.409600, 0.017126
167, 0.407570, 0.013806
168, 0.408440, 0.015570
169, 0.408070, 0.014603
170, 0.408240, 0.014426
171, 0.408660, 0.016600
172, 0.408560, 0.015737
173, 0.408430, 0.016603
174, 0.409020, 0.017713
175, 0.407680, 0.013926
176, 0.409160, 0.016850
177, 0.407730, 0.013518
178, 0.407780, 0.015126
179, 0.409860, 0.019721
180, 0.407550, 0.013791
181, 0.408610, 0.017399
182, 0.408690, 0.017865
183, 0.407200, 0.015107
184, 0.407450, 0.014512
185, 0.407010, 0.013653
186, 0.407720, 0.016153
187, 0.407740, 0.014359
188, 0.408090, 0.015333
189, 0.407030, 0.015126
190, 0.408880, 0.017604
191, 0.406630, 0.014569
192, 0.407380, 0.014799
193, 0.408490, 0.017061
194, 0.407400, 0.014547
195, 0.407250, 0.013515
196, 0.408380, 0.016803
197, 0.407230, 0.015184
198, 0.407010, 0.013501
199, 0.408610, 0.017334
200, 0.407770, 0.015005
201, 0.407650, 0.016253
202, 0.407080, 0.014623
203, 0.407640, 0.015956
204, 0.407740, 0.016555
205, 0.407630, 0.014933
206, 0.407790, 0.016279
207, 0.406960, 0.015555
208, 0.406830, 0.013408
209, 0.406490, 0.014829
210, 0.407990, 0.017624
211, 0.407470, 0.016814
212, 0.406570, 0.014977
213, 0.407080, 0.013761
214, 0.406370, 0.014234
215, 0.406170, 0.013637
216, 0.406640, 0.014196
217, 0.407540, 0.016613
218, 0.408030, 0.023277
219, 0.406740, 0.014686
220, 0.407070, 0.015128
221, 0.406540, 0.014388
222, 0.406090, 0.013949
223, 0.407440, 0.015675
224, 0.406320, 0.014213
225, 0.407190, 0.019927
226, 0.406580, 0.014502
227, 0.406210, 0.014593
228, 0.406770, 0.013380
229, 0.406170, 0.014923
230, 0.406170, 0.013825
231, 0.405800, 0.014201
232, 0.406010, 0.014402
233, 0.407490, 0.015311
234, 0.406720, 0.015861
235, 0.406670, 0.013830
236, 0.406490, 0.015208
237, 0.405730, 0.014399
238, 0.406060, 0.013404
239, 0.406080, 0.015088
240, 0.406270, 0.013802
241, 0.407290, 0.016791
242, 0.408080, 0.018876
243, 0.408740, 0.018650
244, 0.407250, 0.017695
245, 0.406540, 0.013729
246, 0.406140, 0.014520
247, 0.406790, 0.016621
248, 0.406400, 0.014045
249, 0.407130, 0.017579
250, 0.406230, 0.013785
251, 0.406450, 0.014839
252, 0.405730, 0.014159
253, 0.406560, 0.013569
254, 0.406120, 0.014854
255, 0.406780, 0.014013
256, 0.406540, 0.016470
257, 0.406680, 0.014816
258, 0.406680, 0.016301
259, 0.406650, 0.015007
260, 0.405670, 0.013745
261, 0.406660, 0.017280
262, 0.406250, 0.014929
263, 0.406760, 0.013558
264, 0.405870, 0.014970
265, 0.406450, 0.015656
266, 0.406520, 0.015521
267, 0.405940, 0.014842
268, 0.405790, 0.013839
269, 0.406850, 0.017556
270, 0.407010, 0.015703
271, 0.405380, 0.014499
272, 0.405790, 0.014258
273, 0.405750, 0.014106
274, 0.406870, 0.016825
275, 0.406260, 0.014117
276, 0.405780, 0.014526
277, 0.407480, 0.017063
278, 0.406680, 0.014856
279, 0.406120, 0.014774
280, 0.405910, 0.014027
281, 0.405980, 0.014857
282, 0.405830, 0.014809
283, 0.405410, 0.013835
284, 0.406500, 0.017277
285, 0.405780, 0.013693
286, 0.405460, 0.015093
287, 0.407540, 0.018477
288, 0.406150, 0.013839
289, 0.406610, 0.016599
290, 0.407160, 0.016859
291, 0.406020, 0.014558
292, 0.408090, 0.017871
293, 0.406090, 0.014007
294, 0.405650, 0.014733
295, 0.406100, 0.014035
296, 0.406140, 0.014561
297, 0.406200, 0.015781
298, 0.405970, 0.013942
299, 0.405850, 0.015131
300, 0.406120, 0.014378
301, 0.406390, 0.016022
302, 0.405830, 0.015008
303, 0.405940, 0.013311
304, 0.406330, 0.016808
305, 0.405810, 0.013304
306, 0.406760, 0.015866
307, 0.406440, 0.016616
308, 0.406280, 0.013872
309, 0.405730, 0.014719
310, 0.406110, 0.014235
311, 0.406710, 0.017531
312, 0.405840, 0.014450
313, 0.406130, 0.013436
314, 0.406270, 0.017508
315, 0.406760, 0.015416
316, 0.405500, 0.014895
317, 0.406010, 0.014318
318, 0.405950, 0.013979
319, 0.406300, 0.015461
320, 0.406940, 0.016373
321, 0.405350, 0.014627
322, 0.406500, 0.016150
323, 0.405790, 0.013799
324, 0.406030, 0.014887
325, 0.406280, 0.015321
326, 0.405320, 0.014373
327, 0.405850, 0.014438
328, 0.405690, 0.013902
329, 0.405390, 0.014863
330, 0.406560, 0.016753
331, 0.405490, 0.015203
332, 0.405880, 0.014870
333, 0.405850, 0.013432
334, 0.405960, 0.014573
335, 0.406340, 0.015196
336, 0.407240, 0.018133
337, 0.406350, 0.014969
338, 0.405610, 0.013452
339, 0.406130, 0.015679
340, 0.405390, 0.013335
341, 0.406330, 0.015801
342, 0.405700, 0.014537
343, 0.406420, 0.015162
344, 0.405790, 0.015152
345, 0.405400, 0.013768
346, 0.405220, 0.014624
347, 0.405700, 0.014271
348, 0.405830, 0.013654
349, 0.406050, 0.014729
350, 0.405580, 0.013921
351, 0.406290, 0.016371
352, 0.405300, 0.015008
353, 0.405400, 0.013494
354, 0.406440, 0.015476
355, 0.405450, 0.014475
356, 0.406740, 0.016667
357, 0.405750, 0.014770
358, 0.405330, 0.013788
359, 0.406070, 0.015087
360, 0.406400, 0.015777
361, 0.406090, 0.014425
362, 0.405360, 0.014503
363, 0.405410, 0.013738
364, 0.405950, 0.014837
365, 0.405180, 0.013352
366, 0.405660, 0.015255
367, 0.405710, 0.014547
368, 0.405560, 0.013671
369, 0.405650, 0.014710
370, 0.405080, 0.013707
371, 0.405730, 0.014451
372, 0.405160, 0.014496
373, 0.405290, 0.013967
374, 0.406440, 0.016082
375, 0.405630, 0.013683
376, 0.405120, 0.014556
377, 0.406180, 0.015851
378, 0.405130, 0.013830
379, 0.406030, 0.014977
380, 0.406770, 0.016327
381, 0.405200, 0.013795
382, 0.405440, 0.014245
383, 0.405430, 0.013464
384, 0.405280, 0.014413
385, 0.405550, 0.014747
386, 0.405200, 0.014148
387, 0.405230, 0.014727
388, 0.405300, 0.014160
389, 0.405390, 0.014834
390, 0.405750, 0.014770
391, 0.405370, 0.013778
392, 0.405760, 0.014319
393, 0.405390, 0.013643
394, 0.404800, 0.014697
395, 0.406560, 0.016965
396, 0.405120, 0.014156
397, 0.404990, 0.014790
398, 0.405070, 0.013825
399, 0.405150, 0.014845
400, 0.405590, 0.014208
401, 0.405160, 0.014043
402, 0.405790, 0.014522
403, 0.406650, 0.016591
404, 0.406290, 0.017266
405, 0.405360, 0.014376
406, 0.405730, 0.014019
407, 0.405320, 0.014719
408, 0.405150, 0.013873
409, 0.406060, 0.015064
410, 0.405200, 0.014630
411, 0.405560, 0.014040
412, 0.405240, 0.014990
413, 0.405420, 0.013457
414, 0.405250, 0.014422
415, 0.406260, 0.015980
416, 0.405380, 0.013706
417, 0.405440, 0.014377
418, 0.405070, 0.013944
419, 0.404990, 0.014990
420, 0.406320, 0.016834
421, 0.405740, 0.013384
422, 0.405860, 0.014401
423, 0.405650, 0.013701
424, 0.405100, 0.014588
425, 0.404780, 0.014677
426, 0.405650, 0.014105
427, 0.405210, 0.014923
428, 0.405240, 0.013663
429, 0.405870, 0.014629
430, 0.405370, 0.014405
431, 0.405050, 0.013800
432, 0.405250, 0.015111
433, 0.406310, 0.016643
434, 0.405750, 0.014898
435, 0.405760, 0.014469
436, 0.404990, 0.013992
437, 0.405510, 0.014338
438, 0.405060, 0.014067
439, 0.405290, 0.015471
440, 0.404860, 0.014143
441, 0.405570, 0.014395
442, 0.405460, 0.014488
443, 0.406020, 0.016801
444, 0.405040, 0.014790
445, 0.405270, 0.014633
446, 0.405580, 0.013692
447, 0.405310, 0.014873
448, 0.405070, 0.013880
449, 0.405740, 0.014578
450, 0.405180, 0.014415
451, 0.405670, 0.013827
452, 0.405120, 0.014004
453, 0.405190, 0.013818
454, 0.405200, 0.014527
455, 0.405210, 0.015077
456, 0.405230, 0.014000
457, 0.405000, 0.014668
458, 0.405410, 0.013871
459, 0.405520, 0.014666
460, 0.405150, 0.014443
461, 0.405570, 0.013907
462, 0.405480, 0.014825
463, 0.405420, 0.014498
464, 0.404790, 0.014835
465, 0.405590, 0.014557
466, 0.404600, 0.013900
467, 0.405360, 0.014839
468, 0.405440, 0.014232
469, 0.404630, 0.014739
470, 0.405280, 0.015012
471, 0.405030, 0.014171
472, 0.405470, 0.014488
473, 0.405460, 0.013862
474, 0.405200, 0.014424
475, 0.405590, 0.014715
476, 0.405190, 0.013551
477, 0.405210, 0.014862
478, 0.405620, 0.014629
479, 0.405410, 0.014944
480, 0.405040, 0.014642
481, 0.405970, 0.013629
482, 0.405070, 0.014616
483, 0.405440, 0.013826
484, 0.405490, 0.014733
485, 0.405210, 0.015228
486, 0.405300, 0.013914
487, 0.405230, 0.014759
488, 0.405360, 0.013750
489, 0.404790, 0.014365
490, 0.405530, 0.014624
491, 0.405220, 0.013693
492, 0.405110, 0.014371
493, 0.405560, 0.014242
494, 0.404810, 0.015000
495, 0.404810, 0.014665
496, 0.405350, 0.013911
497, 0.404970, 0.014626
498, 0.405690, 0.014172
499, 0.405470, 0.014373
500, 0.405450, 0.015148
501, 0.405440, 0.013808
502, 0.404700, 0.014934
503, 0.405000, 0.013576
504, 0.405070, 0.014571
505, 0.405280, 0.014782
506, 0.405910, 0.013546
507, 0.405070, 0.015495
508, 0.405390, 0.014061
509, 0.405420, 0.014728
510, 0.405080, 0.014984
511, 0.405500, 0.014128
512, 0.404940, 0.014816
513, 0.405890, 0.013907
514, 0.405300, 0.014788
515, 0.405470, 0.015089
516, 0.405730, 0.014261
517, 0.405600, 0.014661
518, 0.405570, 0.013624
519, 0.405330, 0.014390
520, 0.405930, 0.015126
521, 0.405080, 0.013829
522, 0.405260, 0.015471
523, 0.405270, 0.013814
524, 0.405650, 0.014504
525, 0.405320, 0.014717
526, 0.405680, 0.014108
527, 0.405760, 0.014589
528, 0.405530, 0.013917
529, 0.405080, 0.014860
530, 0.405600, 0.015108
531, 0.405260, 0.013942
532, 0.405390, 0.015174
533, 0.405570, 0.013502
534, 0.405640, 0.014925
535, 0.406380, 0.017988
536, 0.405230, 0.014042
537, 0.405760, 0.015308
538, 0.405210, 0.013844
539, 0.405210, 0.014790
540, 0.405200, 0.014509
541, 0.405400, 0.013993
542, 0.405620, 0.014689
543, 0.405180, 0.013408
544, 0.405090, 0.014717
545, 0.405050, 0.014559
546, 0.405480, 0.013813
547, 0.405270, 0.015321
548, 0.405240, 0.013925
549, 0.405350, 0.015154
550, 0.405360, 0.014580
551, 0.405220, 0.014155
552, 0.404970, 0.015238
553, 0.404990, 0.014053
554, 0.406230, 0.016499
555, 0.405050, 0.014939
556, 0.405250, 0.013771
557, 0.405650, 0.014557
558, 0.405460, 0.013766
559, 0.405520, 0.015295
560, 0.405980, 0.014657
561, 0.404890, 0.013774
562, 0.405110, 0.014607
563, 0.405180, 0.014166
564, 0.405570, 0.014693
565, 0.405320, 0.014891
566, 0.405260, 0.013652
567, 0.405830, 0.015330
568, 0.405880, 0.014625
569, 0.405780, 0.015532
570, 0.405780, 0.014703
571, 0.405600, 0.013882
572, 0.405240, 0.014529
573, 0.405530, 0.014592
574, 0.405090, 0.013733
575, 0.405100, 0.015087
576, 0.405200, 0.014011
577, 0.405430, 0.014406
578, 0.405480, 0.014933
579, 0.405200, 0.014191
580, 0.405450, 0.015180
581, 0.405580, 0.014199
582, 0.405260, 0.014745
583, 0.405380, 0.014492
584, 0.405420, 0.013492
585, 0.405500, 0.015002
586, 0.405530, 0.013696
587, 0.405120, 0.014515
588, 0.405420, 0.014625
589, 0.405560, 0.014039
590, 0.405500, 0.014785
591, 0.405250, 0.013723
592, 0.405150, 0.014379
593, 0.405400, 0.014690
594, 0.405300, 0.013304
595, 0.405430, 0.014303
596, 0.405080, 0.014724
597, 0.405550, 0.014436
598, 0.404930, 0.014670
599, 0.406030, 0.014028
600, 0.405350, 0.014243
601, 0.406330, 0.016137
602, 0.404770, 0.014896
603, 0.404760, 0.014363
604, 0.405270, 0.014406
605, 0.405120, 0.015150
606, 0.405170, 0.013486
607, 0.405610, 0.014157
608, 0.404740, 0.014285
609, 0.405690, 0.013635
610, 0.405220, 0.014512
611, 0.405310, 0.014472
612, 0.405080, 0.014552
613, 0.405130, 0.014954
614, 0.405520, 0.013234
615, 0.405210, 0.014617
616, 0.405150, 0.013187
617, 0.405590, 0.014202
618, 0.405040, 0.014661
619, 0.405750, 0.013773
620, 0.405140, 0.014278
621, 0.404740, 0.014418
622, 0.405010, 0.014754
623, 0.405130, 0.014470
624, 0.405410, 0.014478
625, 0.405080, 0.014889
626, 0.405160, 0.014233
627, 0.405300, 0.014613
628, 0.404780, 0.014622
629, 0.405520, 0.014200
630, 0.405100, 0.015030
631, 0.405190, 0.014277
632, 0.405090, 0.014921
633, 0.404980, 0.015486
634, 0.404960, 0.014187
635, 0.405150, 0.014669
636, 0.404840, 0.013977
637, 0.405390, 0.014953
638, 0.404880, 0.014305
639, 0.405460, 0.013620
640, 0.404860, 0.014422
641, 0.405080, 0.014189
642, 0.404760, 0.014450
643, 0.404780, 0.014556
644, 0.405190, 0.014080
645, 0.404820, 0.014641
646, 0.404980, 0.013686
647, 0.405400, 0.014269
648, 0.404850, 0.015017
649, 0.405190, 0.013851
650, 0.405240, 0.014540
651, 0.405180, 0.014022
652, 0.405000, 0.014518
653, 0.405320, 0.014965
654, 0.405150, 0.013989
655, 0.405150, 0.014835
656, 0.405230, 0.013980
657, 0.405440, 0.014453
658, 0.405440, 0.014854
659, 0.405230, 0.013811
660, 0.404910, 0.014454
661, 0.405110, 0.013835
662, 0.404910, 0.014496
663, 0.405170, 0.015053
664, 0.405500, 0.013801
665, 0.405090, 0.014466
666, 0.405050, 0.013959
667, 0.404930, 0.014774
668, 0.405250, 0.014657
669, 0.405060, 0.013672
670, 0.405020, 0.014449
671, 0.405280, 0.014278
672, 0.404610, 0.014856
673, 0.405680, 0.014777
674, 0.404890, 0.013562
675, 0.405260, 0.014555
676, 0.405060, 0.013853
677, 0.404900, 0.014321
678, 0.405580, 0.015084
679, 0.405370, 0.013723
680, 0.404680, 0.014589
681, 0.404750, 0.013712
682, 0.404850, 0.014494
683, 0.405590, 0.014672
684, 0.405200, 0.013692
685, 0.405400, 0.015640
686, 0.405190, 0.013955
687, 0.405240, 0.014249
688, 0.405020, 0.014828
689, 0.405410, 0.013710
690, 0.404340, 0.014647
691, 0.405150, 0.013475
692, 0.405280, 0.014753
693, 0.405450, 0.015484
694, 0.405230, 0.014090
695, 0.405340, 0.014270
696, 0.405110, 0.014043
697, 0.405270, 0.014718
698, 0.405600, 0.014685
699, 0.405260, 0.013868
700, 0.404800, 0.014433
701, 0.404900, 0.013762
702, 0.405160, 0.014614
703, 0.405070, 0.014983
704, 0.405260, 0.013499
705, 0.405110, 0.015207
706, 0.405280, 0.013782
707, 0.405180, 0.014467
708, 0.405360, 0.014905
709, 0.405050, 0.013757
710, 0.405050, 0.014439
711, 0.405140, 0.014161
712, 0.405140, 0.014955
713, 0.405470, 0.014926
714, 0.405520, 0.014276
715, 0.405660, 0.014885
716, 0.404790, 0.013898
717, 0.405000, 0.014687
718, 0.405300, 0.014334
719, 0.405010, 0.013805
720, 0.404930, 0.014597
721, 0.404730, 0.013405
722, 0.404800, 0.014886
723, 0.405120, 0.014699
724, 0.404740, 0.014246
725, 0.405050, 0.014622
726, 0.405330, 0.013666
727, 0.404920, 0.014616
728, 0.405460, 0.014880
729, 0.404770, 0.013447
730, 0.404750, 0.014934
731, 0.404730, 0.013905
732, 0.405080, 0.014348
733, 0.405220, 0.014983
734, 0.405190, 0.013522
735, 0.404430, 0.014890
736, 0.404710, 0.013781
737, 0.404860, 0.015616
738, 0.405290, 0.014754
739, 0.404530, 0.014038
740, 0.404760, 0.014882
741, 0.404950, 0.014106
742, 0.405050, 0.014882
743, 0.404780, 0.014641
744, 0.405150, 0.013896
745, 0.405070, 0.015586
746, 0.404670, 0.013203
747, 0.404980, 0.015283
748, 0.404960, 0.014281
749, 0.404570, 0.013703
750, 0.405090, 0.014482
751, 0.404900, 0.014230
752, 0.404850, 0.015066
753, 0.404850, 0.014833
754, 0.404410, 0.013830
755, 0.405440, 0.014407
756, 0.405000, 0.014916
757, 0.404740, 0.013979
758, 0.404840, 0.014847
759, 0.404550, 0.013823
760, 0.404510, 0.015274
761, 0.404690, 0.014378
762, 0.404320, 0.013546
763, 0.405360, 0.014873
764, 0.404820, 0.013493
765, 0.404880, 0.014409
766, 0.404990, 0.015066
767, 0.404910, 0.013713
768, 0.404880, 0.014840
769, 0.405150, 0.013766
770, 0.405110, 0.014849
771, 0.404480, 0.014239
772, 0.404630, 0.014457
773, 0.404800, 0.014896
774, 0.404620, 0.013573
775, 0.404520, 0.014696
776, 0.405200, 0.014265
777, 0.404980, 0.013817
778, 0.404760, 0.014689
779, 0.404670, 0.013864
780, 0.404990, 0.014970
781, 0.405210, 0.014613
782, 0.404790, 0.013700
783, 0.405010, 0.014443
784, 0.405030, 0.013810
785, 0.404950, 0.015206
786, 0.405010, 0.014250
787, 0.404980, 0.013783
788, 0.405220, 0.015333
789, 0.405280, 0.014453
790, 0.405010, 0.014724
791, 0.404860, 0.014778
792, 0.405220, 0.013821
793, 0.404820, 0.014416
794, 0.405230, 0.014018
795, 0.405070, 0.014614
796, 0.404740, 0.014873
797, 0.405670, 0.014092
798, 0.404870, 0.014579
799, 0.405280, 0.013819
800, 0.405110, 0.014540
801, 0.404690, 0.014560
802, 0.405170, 0.013627
803, 0.404900, 0.014794
804, 0.405420, 0.014554
805, 0.405100, 0.015038
806, 0.404650, 0.014103
807, 0.405180, 0.014017
808, 0.405080, 0.014792
809, 0.404980, 0.013752
810, 0.404960, 0.014248
811, 0.404840, 0.014493
812, 0.405060, 0.014031
813, 0.405130, 0.014440
814, 0.404530, 0.013614
815, 0.404760, 0.014724
816, 0.405120, 0.014396
817, 0.405180, 0.013582
818, 0.405480, 0.014798
819, 0.404970, 0.013527
820, 0.405090, 0.014998
821, 0.404980, 0.014812
822, 0.405050, 0.014003
823, 0.405060, 0.014983
824, 0.404770, 0.013597
825, 0.405090, 0.014654
826, 0.405060, 0.015013
827, 0.405440, 0.013685
828, 0.405070, 0.015001
829, 0.405080, 0.014090
830, 0.404810, 0.014765
831, 0.405110, 0.014642
832, 0.405390, 0.014037
833, 0.404690, 0.014994
834, 0.404890, 0.014041
835, 0.405140, 0.014495
836, 0.405000, 0.014797
837, 0.404920, 0.013752
838, 0.404900, 0.015093
839, 0.404720, 0.014363
840, 0.405210, 0.014986
841, 0.404650, 0.014580
842, 0.405140, 0.013731
843, 0.404940, 0.014691
844, 0.404620, 0.013869
845, 0.404930, 0.014282
846, 0.404820, 0.014663
847, 0.405480, 0.014032
848, 0.404780, 0.014589
849, 0.405000, 0.014216
850, 0.404200, 0.014926
851, 0.404990, 0.014911
852, 0.405050, 0.013998
853, 0.405380, 0.014509
854, 0.404990, 0.013259
855, 0.405010, 0.014525
856, 0.404930, 0.014778
857, 0.404970, 0.014345
858, 0.404930, 0.014810
859, 0.405150, 0.013754
860, 0.404950, 0.014770
861, 0.405270, 0.015025
862, 0.405320, 0.013357
863, 0.404690, 0.014740
864, 0.405290, 0.013899
865, 0.404830, 0.014553
866, 0.405250, 0.014425
867, 0.405550, 0.013858
868, 0.404250, 0.014874
869, 0.405330, 0.013777
870, 0.405070, 0.014726
871, 0.404510, 0.015144
872, 0.405480, 0.013544
873, 0.404820, 0.014705
874, 0.405140, 0.013861
875, 0.404940, 0.014257
876, 0.404500, 0.014808
877, 0.405200, 0.013134
878, 0.404480, 0.015385
879, 0.405140, 0.014533
880, 0.405300, 0.014934
881, 0.404830, 0.015289
882, 0.405300, 0.013541
883, 0.404460, 0.014934
884, 0.405300, 0.014062
885, 0.405250, 0.014408
886, 0.404790, 0.014864
887, 0.405430, 0.013971
888, 0.404090, 0.014963
889, 0.404990, 0.013715
890, 0.404720, 0.014544
891, 0.404730, 0.014927
892, 0.404910, 0.013417
893, 0.404610, 0.014820
894, 0.405000, 0.013926
895, 0.404800, 0.014177
896, 0.404730, 0.014782
897, 0.405110, 0.013716
898, 0.404910, 0.014551
899, 0.405380, 0.013490
900, 0.404430, 0.014283
901, 0.404790, 0.015004
902, 0.405180, 0.014064
903, 0.404900, 0.014724
904, 0.405410, 0.014012
905, 0.404910, 0.014283
906, 0.405340, 0.015295
907, 0.405180, 0.013589
908, 0.405130, 0.015618
909, 0.405190, 0.013691
910, 0.405210, 0.014517
911, 0.405490, 0.014855
912, 0.404920, 0.013658
913, 0.404680, 0.014271
914, 0.405340, 0.013783
915, 0.405430, 0.014533
916, 0.405760, 0.014747
917, 0.404770, 0.013811
918, 0.405010, 0.015093
919, 0.405390, 0.013998
920, 0.405130, 0.014255
921, 0.405500, 0.014950
922, 0.405090, 0.014078
923, 0.405350, 0.015377
924, 0.405180, 0.013831
925, 0.404950, 0.014600
926, 0.405380, 0.014873
927, 0.404830, 0.014337
928, 0.405200, 0.014209
929, 0.405320, 0.013960
930, 0.405090, 0.014973
931, 0.405400, 0.015100
932, 0.405190, 0.014218
933, 0.405030, 0.014733
934, 0.404740, 0.014009
935, 0.405200, 0.014441
936, 0.405490, 0.014910
937, 0.405020, 0.013887
938, 0.405390, 0.015487
939, 0.404680, 0.013746
940, 0.405070, 0.014542
941, 0.405100, 0.014942
942, 0.405380, 0.013911
943, 0.405120, 0.014902
944, 0.405090, 0.014830
945, 0.405520, 0.014191
946, 0.405430, 0.015406
947, 0.404740, 0.013482
948, 0.405180, 0.014443
949, 0.405030, 0.014405
950, 0.405210, 0.014185
951, 0.405110, 0.014930
952, 0.404960, 0.013796
953, 0.405380, 0.015104
954, 0.404880, 0.014540
955, 0.405040, 0.013903
956, 0.405250, 0.015082
957, 0.404850, 0.014009
958, 0.404920, 0.014424
959, 0.404650, 0.015090
960, 0.404880, 0.014346
961, 0.405370, 0.014843
962, 0.405080, 0.013872
963, 0.405120, 0.014660
964, 0.404940, 0.014332
965, 0.405080, 0.014162
966, 0.405310, 0.014713
967, 0.404770, 0.014218
968, 0.404790, 0.015074
969, 0.404900, 0.014233
970, 0.405330, 0.014016
971, 0.405000, 0.014950
972, 0.404960, 0.014183
973, 0.405250, 0.014705
974, 0.405450, 0.014948
975, 0.404820, 0.013845
976, 0.405230, 0.015058
977, 0.404560, 0.013660
978, 0.404830, 0.014677
979, 0.404750, 0.014709
980, 0.405080, 0.013955
981, 0.405240, 0.014889
982, 0.405310, 0.014533
983, 0.405760, 0.014588
984, 0.405090, 0.014979
985, 0.404680, 0.013659
986, 0.404950, 0.014589
987, 0.404980, 0.013765
988, 0.404990, 0.014801
989, 0.404400, 0.014453
990, 0.405560, 0.014595
991, 0.404950, 0.014833
992, 0.405570, 0.013224
993, 0.405000, 0.014801
994, 0.405050, 0.014319
995, 0.405290, 0.013903
996, 0.405070, 0.014687
997, 0.404930, 0.013943
998, 0.405130, 0.014980
999, 0.404470, 0.014781
1000, 0.405090, 0.014033
1001, 0.404640, 0.015126
1002, 0.404990, 0.014082
1003, 0.405120, 0.014960
1004, 0.404960, 0.015408
1005, 0.404760, 0.013568
1006, 0.405090, 0.014869
1007, 0.404780, 0.014103
1008, 0.404910, 0.014736
1009, 0.404630, 0.014568
1010, 0.405220, 0.013771
1011, 0.405140, 0.014638
1012, 0.404810, 0.014081
1013, 0.404960, 0.014873
1014, 0.405130, 0.014965
1015, 0.405180, 0.013843
1016, 0.405150, 0.014271
1017, 0.404750, 0.013849
1018, 0.404670, 0.014745
1019, 0.405090, 0.015258
1020, 0.405280, 0.013594
1021, 0.404340, 0.014540
1022, 0.405010, 0.014275
1023, 0.405040, 0.015180
1024, 0.404880, 0.014595
1025, 0.406500, 0.013957
1026, 0.404880, 0.015403
1027, 0.404810, 0.013243
1028, 0.405110, 0.014736
1029, 0.405650, 0.014914
1030, 0.405050, 0.014032
1031, 0.405080, 0.015119
1032, 0.405380, 0.013623
1033, 0.405300, 0.014423
1034, 0.405020, 0.015193
1035, 0.404630, 0.013875
1036, 0.405040, 0.014457
1037, 0.405370, 0.013978
1038, 0.405250, 0.014601
1039, 0.405330, 0.014585
1040, 0.404850, 0.014140
1041, 0.405160, 0.014764
1042, 0.405150, 0.014391
1043, 0.404920, 0.014511
1044, 0.405730, 0.014584
1045, 0.404590, 0.014083
1046, 0.404980, 0.014570
1047, 0.405040, 0.013471
1048, 0.404490, 0.014939
1049, 0.405000, 0.014575
1050, 0.404630, 0.013782
1051, 0.404780, 0.015112
1052, 0.404810, 0.013938
1053, 0.404960, 0.014172
1054, 0.404940, 0.014355
1055, 0.405060, 0.013945
1056, 0.404260, 0.014798
1057, 0.405530, 0.013800
1058, 0.404700, 0.014777
1059, 0.405340, 0.014960
1060, 0.405250, 0.014436
1061, 0.404040, 0.014987
1062, 0.405190, 0.013937
1063, 0.404970, 0.014650
1064, 0.404930, 0.015445
1065, 0.405630, 0.013703
1066, 0.404380, 0.014548
1067, 0.404980, 0.013867
1068, 0.404840, 0.014946
1069, 0.404980, 0.014531
1070, 0.405330, 0.014071
1071, 0.404710, 0.015691
1072, 0.405060, 0.014165
1073, 0.405120, 0.014876
1074, 0.405510, 0.014739
1075, 0.405780, 0.013590
1076, 0.404590, 0.014732
1077, 0.404990, 0.014290
1078, 0.404890, 0.014965
1079, 0.405310, 0.014551
1080, 0.405140, 0.014063
1081, 0.405230, 0.014727
1082, 0.405100, 0.013821
1083, 0.405090, 0.014326
1084, 0.404860, 0.014882
1085, 0.405250, 0.013815
1086, 0.404990, 0.015170
1087, 0.405230, 0.013384
1088, 0.405230, 0.014907
1089, 0.405230, 0.014969
1090, 0.405080, 0.014074
1091, 0.405330, 0.014826
1092, 0.405230, 0.014019
1093, 0.404880, 0.015092
1094, 0.405320, 0.014612
1095, 0.405480, 0.014299
1096, 0.404510, 0.014664
1097, 0.405100, 0.014015
1098, 0.405040, 0.014948
1099, 0.404790, 0.014694
1100, 0.404720, 0.014079
1101, 0.404780, 0.015644
1102, 0.404810, 0.014174
1103, 0.405030, 0.015048
1104, 0.405390, 0.014225
1105, 0.405370, 0.013320
1106, 0.404820, 0.015024
1107, 0.405170, 0.014208
1108, 0.405330, 0.015199
1109, 0.405230, 0.014444
1110, 0.404900, 0.014052
1111, 0.405160, 0.015068
1112, 0.405400, 0.013523
1113, 0.405280, 0.015063
1114, 0.404900, 0.014470
1115, 0.404890, 0.014379
1116, 0.404820, 0.015093
1117, 0.405240, 0.013313
1118, 0.405370, 0.014059
1119, 0.405510, 0.014547
1120, 0.404650, 0.014611
1121, 0.405250, 0.014494
1122, 0.405180, 0.013633
1123, 0.405000, 0.015314
1124, 0.405120, 0.014774
1125, 0.405440, 0.013693
1126, 0.405280, 0.015064
1127, 0.404580, 0.014007
1128, 0.404950, 0.014842
1129, 0.404830, 0.015033
1130, 0.404780, 0.014236
1131, 0.405560, 0.014800
1132, 0.404880, 0.013730
1133, 0.405190, 0.015365
1134, 0.405150, 0.014413
1135, 0.405090, 0.014560
1136, 0.404970, 0.014876
1137, 0.405090, 0.014729
1138, 0.404820, 0.014036
1139, 0.405320, 0.014022
1140, 0.404750, 0.014130
1141, 0.405570, 0.014722
1142, 0.404760, 0.014224
1143, 0.405280, 0.014025
1144, 0.405730, 0.014561
1145, 0.404580, 0.014095
1146, 0.404800, 0.014843
1147, 0.405430, 0.014401
1148, 0.404960, 0.014163
1149, 0.405140, 0.014776
1150, 0.405060, 0.013813
1151, 0.404690, 0.014853
1152, 0.404990, 0.014262
1153, 0.404830, 0.014083
1154, 0.404940, 0.014740
1155, 0.404960, 0.014284
1156, 0.405100, 0.014836
1157, 0.405230, 0.014962
1158, 0.404990, 0.013677
1159, 0.405530, 0.015223
1160, 0.404830, 0.014189
1161, 0.404910, 0.014779
1162, 0.405160, 0.014546
1163, 0.404640, 0.013490
1164, 0.405080, 0.014504
1165, 0.404750, 0.013562
1166, 0.404950, 0.014808
1167, 0.405340, 0.014595
1168, 0.405150, 0.013525
1169, 0.405100, 0.014605
1170, 0.405540, 0.013689
1171, 0.405440, 0.014185
1172, 0.405090, 0.014112
1173, 0.404890, 0.013511
1174, 0.405250, 0.014626
1175, 0.405170, 0.014529
1176, 0.404780, 0.014623
1177, 0.404890, 0.014656
1178, 0.405520, 0.013972
1179, 0.405150, 0.014881
1180, 0.404870, 0.013702
1181, 0.404970, 0.014023
1182, 0.404760, 0.014608
1183, 0.405390, 0.014021
1184, 0.405280, 0.014832
1185, 0.404850, 0.013947
1186, 0.404630, 0.014530
1187, 0.405280, 0.015112
1188, 0.405060, 0.014142
1189, 0.404710, 0.014379
1190, 0.405170, 0.013722
1191, 0.405120, 0.014751
1192, 0.404770, 0.014683
1193, 0.405010, 0.013544
1194, 0.404400, 0.015071
1195, 0.404890, 0.013656
1196, 0.404620, 0.014783
1197, 0.404770, 0.015273
1198, 0.404840, 0.013511
1199, 0.405110, 0.014527
1200, 0.404600, 0.013965
1201, 0.405010, 0.014195
1202, 0.404860, 0.014900
1203, 0.405120, 0.013898
1204, 0.404850, 0.014931
1205, 0.404310, 0.013618
1206, 0.404950, 0.014606
1207, 0.404920, 0.014950
1208, 0.404730, 0.013557
1209, 0.405090, 0.015045
1210, 0.404600, 0.014036
1211, 0.404790, 0.014823
1212, 0.405050, 0.014879
1213, 0.405150, 0.013584
1214, 0.405010, 0.014531
1215, 0.404580, 0.013714
1216, 0.404930, 0.014780
1217, 0.404810, 0.014793
1218, 0.405180, 0.013717
1219, 0.404860, 0.014619
1220, 0.405160, 0.014065
1221, 0.404600, 0.014905
1222, 0.404930, 0.014743
1223, 0.405200, 0.013907
1224, 0.404740, 0.014710
1225, 0.404930, 0.013821
1226, 0.405140, 0.014907
1227, 0.404870, 0.015145
1228, 0.404630, 0.013556
1229, 0.405220, 0.014326
1230, 0.404770, 0.013861
1231, 0.404850, 0.014213
1232, 0.404860, 0.014535
1233, 0.404900, 0.013761
1234, 0.405190, 0.015009
1235, 0.405060, 0.013885
1236, 0.404880, 0.014982
1237, 0.405290, 0.014479
1238, 0.404820, 0.013597
1239, 0.405000, 0.014701
1240, 0.405010, 0.013837
1241, 0.405160, 0.015128
1242, 0.405210, 0.014715
1243, 0.404600, 0.013457
1244, 0.404970, 0.014625
1245, 0.405080, 0.013377
1246, 0.404810, 0.014561
1247, 0.405320, 0.014700
1248, 0.404640, 0.013752
1249, 0.404740, 0.014984
1250, 0.405150, 0.014086
1251, 0.404810, 0.014382
1252, 0.404650, 0.014470
1253, 0.405120, 0.013646
1254, 0.404910, 0.015201
1255, 0.404850, 0.013480
1256, 0.404650, 0.015096
1257, 0.404640, 0.014756
1258, 0.404980, 0.013762
1259, 0.403940, 0.014515
1260, 0.405100, 0.014204
1261, 0.404800, 0.014251
1262, 0.405120, 0.014951
1263, 0.405360, 0.013747
1264, 0.404400, 0.015270
1265, 0.404930, 0.013837
1266, 0.405190, 0.014733
1267, 0.404890, 0.014507
1268, 0.405400, 0.013542
1269, 0.404390, 0.014617
1270, 0.405380, 0.014032
1271, 0.404750, 0.014843
1272, 0.405020, 0.014977
1273, 0.405230, 0.013542
1274, 0.404420, 0.014637
1275, 0.404800, 0.013607
1276, 0.404760, 0.014904
1277, 0.404530, 0.015065
1278, 0.405070, 0.013468
1279, 0.404900, 0.014524
1280, 0.405090, 0.013561
1281, 0.404540, 0.014555
1282, 0.404640, 0.014697
1283, 0.405220, 0.014350
1284, 0.404910, 0.014507
1285, 0.404980, 0.013846
1286, 0.405220, 0.014931
1287, 0.405220, 0.014928
1288, 0.405490, 0.013696
1289, 0.405260, 0.014376
1290, 0.405270, 0.014073
1291, 0.404590, 0.014627
1292, 0.404940, 0.014634
1293, 0.405400, 0.014135
1294, 0.405020, 0.014592
1295, 0.405040, 0.014006
1296, 0.405110, 0.014425
1297, 0.405140, 0.014799
1298, 0.405370, 0.013900
1299, 0.404990, 0.013993
1300, 0.404840, 0.014080
1301, 0.405060, 0.015493
1302, 0.405510, 0.014410
1303, 0.405640, 0.013897
1304, 0.405030, 0.014978
1305, 0.404920, 0.013669
1306, 0.405180, 0.014567
1307, 0.405550, 0.014959
1308, 0.405430, 0.013785
1309, 0.405440, 0.015073
1310, 0.405210, 0.013942
1311, 0.405320, 0.015186
1312, 0.405230, 0.014940
1313, 0.405200, 0.014093
1314, 0.404820, 0.014475
1315, 0.405180, 0.013714
1316, 0.404810, 0.015004
1317, 0.405230, 0.015034
1318, 0.405040, 0.013637
1319, 0.405120, 0.014862
1320, 0.405260, 0.013020
1321, 0.404400, 0.014586
1322, 0.405080, 0.015040
1323, 0.405150, 0.014927
1324, 0.404900, 0.014777
1325, 0.405100, 0.013651
1326, 0.404920, 0.013967
1327, 0.404930, 0.014739
1328, 0.404720, 0.013724
1329, 0.405120, 0.014562
1330, 0.404970, 0.014848
1331, 0.405380, 0.013894
1332, 0.405130, 0.014294
1333, 0.404760, 0.014053
1334, 0.405400, 0.014350
1335, 0.405190, 0.014557
1336, 0.405080, 0.013857
1337, 0.405330, 0.014528
1338, 0.404940, 0.014115
1339, 0.404850, 0.015098
1340, 0.405620, 0.014803
1341, 0.404860, 0.013041
1342, 0.405710, 0.014812
1343, 0.405070, 0.013984
1344, 0.405270, 0.014796
1345, 0.405490, 0.014959
1346, 0.405410, 0.014758
1347, 0.405350, 0.014911
1348, 0.405130, 0.013622
1349, 0.405350, 0.015127
1350, 0.405200, 0.014954
1351, 0.404950, 0.013454
1352, 0.405320, 0.014405
1353, 0.405200, 0.014193
1354, 0.404860, 0.015207
1355, 0.405710, 0.014741
1356, 0.404630, 0.013894
1357, 0.405440, 0.014135
1358, 0.404850, 0.013972
1359, 0.405050, 0.014218
1360, 0.405340, 0.015068
1361, 0.405190, 0.013962
1362, 0.405290, 0.014780
1363, 0.405070, 0.014011
1364, 0.404560, 0.014645
1365, 0.404810, 0.014677
1366, 0.405550, 0.013750
1367, 0.405310, 0.014678
1368, 0.405190, 0.014509
1369, 0.405130, 0.014389
1370, 0.405170, 0.015057
1371, 0.405220, 0.013609
1372, 0.404820, 0.014723
1373, 0.404880, 0.013896
1374, 0.405110, 0.014748
1375, 0.404740, 0.014453
1376, 0.405290, 0.013695
1377, 0.404660, 0.014379
1378, 0.405340, 0.013659
1379, 0.405280, 0.014630
1380, 0.404710, 0.014671
1381, 0.404720, 0.013799
1382, 0.405000, 0.014898
1383, 0.404910, 0.014127
1384, 0.405250, 0.014859
1385, 0.404670, 0.014865
1386, 0.405020, 0.014295
1387, 0.405070, 0.014907
1388, 0.404790, 0.014109
1389, 0.405010, 0.014542
1390, 0.404930, 0.014889
1391, 0.405460, 0.014172
1392, 0.405080, 0.014951
1393, 0.404810, 0.014153
1394, 0.404440, 0.014496
1395, 0.404970, 0.014885
1396, 0.404990, 0.013905
1397, 0.405270, 0.014769
1398, 0.404910, 0.014140
1399, 0.405190, 0.014432
1400, 0.404940, 0.014826
1401, 0.404890, 0.013572
1402, 0.404750, 0.014647
1403, 0.404840, 0.014474
1404, 0.405280, 0.014518
1405, 0.404330, 0.015003
1406, 0.405000, 0.013718
1407, 0.404590, 0.014513
1408, 0.405050, 0.013975
1409, 0.404380, 0.015098
1410, 0.404720, 0.014890
1411, 0.405350, 0.013797
1412, 0.404570, 0.015241
1413, 0.404730, 0.014641
1414, 0.404810, 0.014768
1415, 0.404790, 0.015228
1416, 0.404730, 0.014068
1417, 0.404670, 0.015003
1418, 0.404720, 0.013857
1419, 0.405260, 0.014737
1420, 0.404470, 0.015517
1421, 0.405100, 0.014308
1422, 0.404390, 0.015319
1423, 0.404910, 0.014158
1424, 0.405340, 0.015274
1425, 0.405060, 0.015094
1426, 0.404700, 0.013985
1427, 0.405460, 0.015444
1428, 0.405190, 0.013832
1429, 0.404440, 0.014643
1430, 0.404700, 0.014670
1431, 0.404950, 0.014256
1432, 0.404900, 0.014917
1433, 0.404850, 0.014352
1434, 0.404750, 0.015165
1435, 0.404840, 0.015423
1436, 0.405010, 0.013563
1437, 0.404820, 0.014890
1438, 0.404830, 0.013648
1439, 0.404860, 0.014577
1440, 0.404690, 0.014434
1441, 0.405010, 0.013626
1442, 0.404410, 0.014884
1443, 0.404860, 0.013318
1444, 0.404880, 0.015019
1445, 0.405090, 0.014433
1446, 0.405780, 0.013917
1447, 0.404290, 0.015047
1448, 0.404790, 0.013729
1449, 0.404850, 0.014624
1450, 0.404800, 0.014812
1451, 0.405190, 0.013755
1452, 0.404720, 0.015308
1453, 0.404760, 0.014017
1454, 0.404700, 0.014541
1455, 0.404950, 0.014422
1456, 0.405360, 0.013568
1457, 0.404040, 0.015224
1458, 0.404910, 0.013260
1459, 0.404740, 0.014507
1460, 0.404750, 0.014391
1461, 0.405290, 0.013915
1462, 0.404270, 0.014332
1463, 0.404660, 0.013512
1464, 0.405150, 0.014395
1465, 0.404880, 0.014762
1466, 0.405110, 0.013859
1467, 0.404050, 0.014409
1468, 0.404980, 0.013517
1469, 0.404620, 0.014396
1470, 0.404670, 0.014464
1471, 0.404960, 0.013732
1472, 0.404530, 0.014645
1473, 0.404770, 0.013179
1474, 0.404730, 0.014742
1475, 0.405040, 0.014440
1476, 0.405030, 0.013332
1477, 0.404720, 0.014390
1478, 0.404840, 0.013404
1479, 0.404730, 0.014373
1480, 0.404990, 0.014375
1481, 0.405300, 0.013183
1482, 0.404600, 0.014400
1483, 0.404940, 0.013377
1484, 0.404440, 0.014392
1485, 0.405100, 0.014431
1486, 0.405230, 0.013614
1487, 0.404580, 0.014736
1488, 0.405130, 0.013594
1489, 0.404620, 0.014400
1490, 0.405140, 0.014376
1491, 0.405250, 0.013377
1492, 0.404660, 0.014113
1493, 0.405070, 0.013525
1494, 0.404520, 0.014303
1495, 0.404900, 0.013981
1496, 0.405180, 0.013298
1497, 0.404730, 0.014255
1498, 0.405010, 0.013051
1499, 0.405410, 0.014749
1500, 0.405000, 0.014168
1501, 0.404770, 0.013391
1502, 0.404780, 0.014969
1503, 0.404510, 0.013677
1504, 0.404830, 0.014251
1505, 0.404990, 0.014121
1506, 0.405080, 0.013498
1507, 0.404880, 0.014521
1508, 0.405090, 0.014175
1509, 0.405170, 0.014735
1510, 0.405180, 0.014600
1511, 0.404990, 0.013507
1512, 0.405000, 0.014581
1513, 0.405090, 0.013163
1514, 0.404660, 0.014514
1515, 0.404690, 0.014191
1516, 0.404730, 0.013671
1517, 0.404690, 0.014347
1518, 0.404990, 0.013748
1519, 0.404360, 0.014375
1520, 0.405520, 0.014075
1521, 0.404960, 0.013662
1522, 0.404240, 0.014261
1523, 0.405090, 0.013476
1524, 0.404770, 0.014759
1525, 0.404850, 0.014585
1526, 0.404700, 0.013909
1527, 0.405300, 0.014363
1528, 0.404810, 0.014366
1529, 0.404370, 0.013542
1530, 0.405300, 0.014157
1531, 0.404640, 0.013607
1532, 0.404770, 0.014428
1533, 0.405370, 0.014453
1534, 0.404230, 0.013737
1535, 0.404860, 0.014487
1536, 0.404890, 0.013238
1537, 0.404510, 0.014585
1538, 0.405130, 0.013925
1539, 0.404470, 0.013786
1540, 0.405510, 0.014160
1541, 0.404600, 0.013333
1542, 0.404250, 0.013989
1543, 0.405520, 0.014541
1544, 0.404930, 0.013613
1545, 0.404720, 0.014183
1546, 0.404860, 0.013799
1547, 0.405050, 0.014530
1548, 0.404730, 0.014176
1549, 0.404340, 0.013708
1550, 0.404870, 0.014409
1551, 0.404480, 0.013014
1552, 0.404300, 0.014341
1553, 0.404670, 0.014529
1554, 0.404210, 0.013927
1555, 0.404940, 0.014325
1556, 0.404950, 0.013275
1557, 0.405130, 0.014565
1558, 0.405100, 0.014456
1559, 0.405070, 0.013898
1560, 0.405750, 0.014399
1561, 0.404400, 0.013508
1562, 0.404510, 0.014114
1563, 0.404790, 0.014290
1564, 0.405250, 0.013916
1565, 0.405070, 0.014546
1566, 0.405010, 0.013730
1567, 0.404840, 0.014555
1568, 0.404530, 0.014055
1569, 0.405310, 0.014136
1570, 0.405190, 0.014234
1571, 0.404980, 0.013293
1572, 0.404620, 0.014603
1573, 0.404610, 0.014260
1574, 0.404940, 0.013889
1575, 0.404950, 0.014128
1576, 0.405050, 0.014226
1577, 0.405160, 0.014226
1578, 0.404930, 0.014639
1579, 0.405280, 0.013491
1580, 0.405040, 0.014677
1581, 0.404560, 0.013469
1582, 0.405070, 0.014554
1583, 0.405270, 0.014732
1584, 0.405020, 0.013902
1585, 0.404940, 0.014250
1586, 0.405040, 0.013380
1587, 0.405140, 0.014318
1588, 0.404760, 0.014186
1589, 0.405030, 0.013273
1590, 0.405060, 0.014170
1591, 0.405070, 0.013871
1592, 0.404690, 0.014600
1593, 0.404910, 0.014287
1594, 0.404980, 0.013521
1595, 0.404720, 0.014284
1596, 0.405080, 0.013709
1597, 0.404820, 0.013874
1598, 0.404880, 0.014124
1599, 0.405430, 0.013820
1600, 0.405120, 0.014175
1601, 0.405130, 0.013321
1602, 0.404630, 0.013678
1603, 0.405270, 0.014264
1604, 0.405050, 0.013382
1605, 0.404930, 0.014338
1606, 0.404960, 0.013585
1607, 0.405350, 0.014514
1608, 0.404730, 0.013882
1609, 0.405290, 0.013492
1610, 0.404860, 0.014712
1611, 0.404740, 0.012999
1612, 0.405140, 0.014370
1613, 0.404870, 0.014235
1614, 0.404730, 0.014007
1615, 0.405070, 0.013969
1616, 0.404560, 0.013565
1617, 0.404970, 0.014004
1618, 0.404980, 0.014387
1619, 0.404890, 0.013365
1620, 0.405180, 0.014135
1621, 0.404540, 0.013363
1622, 0.404810, 0.014089
1623, 0.404980, 0.013754
1624, 0.405070, 0.013514
1625, 0.405020, 0.014345
1626, 0.404780, 0.013727
1627, 0.404480, 0.014208
1628, 0.404500, 0.014135
1629, 0.405010, 0.013575
1630, 0.404910, 0.014395
1631, 0.404910, 0.013166
1632, 0.405060, 0.014227
1633, 0.404750, 0.014210
1634, 0.405110, 0.014188
1635, 0.404900, 0.014047
1636, 0.405210, 0.013373
1637, 0.404490, 0.014368
1638, 0.404640, 0.013651
1639, 0.405310, 0.012664
1640, 0.404450, 0.014686
1641, 0.404790, 0.012677
1642, 0.405080, 0.013942
1643, 0.404750, 0.014429
1644, 0.405140, 0.013928
1645, 0.404880, 0.014126
1646, 0.405010, 0.012872
1647, 0.404390, 0.014109
1648, 0.404770, 0.013640
1649, 0.405920, 0.013073
1650, 0.404520, 0.014202
1651, 0.405300, 0.013468
1652, 0.405150, 0.013804
1653, 0.404950, 0.013939
1654, 0.405150, 0.012781
1655, 0.404260, 0.014125
1656, 0.404940, 0.013197
1657, 0.405040, 0.014599
1658, 0.405030, 0.014087
1659, 0.405780, 0.013375
1660, 0.404570, 0.014231
1661, 0.405410, 0.013492
1662, 0.404770, 0.014381
1663, 0.404780, 0.014097
1664, 0.405360, 0.013124
1665, 0.404970, 0.014257
1666, 0.404610, 0.013846
1667, 0.404970, 0.013999
1668, 0.404870, 0.013761
1669, 0.405510, 0.012966
1670, 0.404940, 0.014134
1671, 0.405100, 0.013724
1672, 0.404250, 0.014040
1673, 0.404830, 0.013820
1674, 0.404920, 0.013729
1675, 0.404880, 0.013956
1676, 0.405430, 0.013588
1677, 0.404370, 0.014290
1678, 0.405140, 0.014174
1679, 0.405530, 0.013235
1680, 0.404940, 0.014102
1681, 0.405060, 0.013642
1682, 0.404660, 0.013898
1683, 0.404970, 0.013843
1684, 0.405460, 0.013480
1685, 0.404600, 0.013703
1686, 0.404870, 0.012550
1687, 0.404480, 0.014347
1688, 0.405200, 0.014276
1689, 0.405580, 0.012998
1690, 0.404940, 0.014334
1691, 0.404970, 0.013493
1692, 0.405020, 0.014577
1693, 0.405040, 0.014284
1694, 0.405100, 0.013320
1695, 0.405230, 0.013867
1696, 0.404900, 0.013000
1697, 0.404870, 0.013842
1698, 0.405310, 0.013907
1699, 0.404770, 0.013540
1700, 0.404500, 0.013559
1701, 0.405030, 0.013321
1702, 0.405050, 0.013622
1703, 0.404920, 0.013945
1704, 0.404510, 0.013771
1705, 0.404850, 0.013813
1706, 0.404990, 0.013259
1707, 0.404510, 0.013952
1708, 0.404980, 0.013810
1709, 0.404910, 0.013164
1710, 0.405150, 0.014319
1711, 0.405120, 0.013452
1712, 0.404400, 0.014070
1713, 0.405250, 0.014015
1714, 0.404770, 0.013700
1715, 0.404950, 0.014012
1716, 0.405130, 0.013537
1717, 0.405030, 0.014122
1718, 0.405610, 0.014245
1719, 0.404830, 0.013678
1720, 0.404750, 0.013508
1721, 0.405030, 0.014331
1722, 0.404930, 0.013243
1723, 0.404980, 0.013856
1724, 0.404760, 0.012734
1725, 0.405100, 0.014253
1726, 0.405370, 0.014443
1727, 0.404480, 0.013498
1728, 0.405130, 0.014226
1729, 0.404950, 0.012658
1730, 0.404890, 0.014155
1731, 0.405170, 0.014185
1732, 0.404450, 0.013316
1733, 0.405060, 0.014095
1734, 0.404980, 0.013401
1735, 0.404460, 0.013947
1736, 0.405460, 0.013849
1737, 0.404450, 0.013389
1738, 0.405580, 0.013926
1739, 0.404740, 0.013206
1740, 0.405030, 0.014130
1741, 0.405120, 0.014225
1742, 0.405060, 0.013037
1743, 0.404830, 0.013494
1744, 0.404570, 0.013752
1745, 0.404460, 0.014062
1746, 0.404790, 0.014091
1747, 0.404690, 0.013319
1748, 0.404910, 0.014011
1749, 0.404640, 0.013394
1750, 0.405080, 0.014373
1751, 0.404880, 0.014567
1752, 0.405070, 0.013279
1753, 0.405000, 0.013529
1754, 0.404670, 0.013195
1755, 0.405300, 0.013980
1756, 0.404770, 0.013981
1757, 0.404870, 0.013299
1758, 0.404730, 0.013511
1759, 0.404880, 0.013312
1760, 0.404790, 0.014012
1761, 0.404550, 0.014305
1762, 0.405100, 0.013124
1763, 0.404480, 0.014373
1764, 0.404900, 0.013355
1765, 0.404780, 0.014263
1766, 0.404850, 0.013931
1767, 0.404800, 0.013205
1768, 0.404980, 0.013706
1769, 0.404830, 0.013158
1770, 0.404630, 0.013734
1771, 0.404650, 0.014552
1772, 0.404500, 0.013222
1773, 0.404710, 0.014192
1774, 0.405110, 0.013493
1775, 0.404970, 0.013807
1776, 0.404340, 0.013946
1777, 0.404810, 0.012796
1778, 0.404890, 0.014100
1779, 0.404710, 0.013707
1780, 0.404660, 0.014207
1781, 0.404900, 0.013907
1782, 0.404840, 0.012809
1783, 0.404490, 0.013974
1784, 0.404760, 0.013029
1785, 0.404490, 0.014128
1786, 0.404810, 0.013640
1787, 0.405310, 0.013589
1788, 0.404730, 0.013681
1789, 0.404650, 0.012693
1790, 0.404290, 0.013429
1791, 0.404640, 0.013900
1792, 0.405020, 0.012910
1793, 0.404480, 0.013381
1794, 0.404760, 0.013368
1795, 0.404280, 0.013825
1796, 0.404400, 0.014180
1797, 0.404770, 0.013296
1798, 0.404930, 0.013964
1799, 0.404670, 0.013032
1800, 0.404440, 0.013946
1801, 0.404510, 0.013869
1802, 0.405280, 0.013735
1803, 0.404680, 0.013873
1804, 0.404880, 0.013223
1805, 0.404610, 0.013626
1806, 0.404740, 0.014224
1807, 0.404200, 0.013315
1808, 0.404920, 0.014053
1809, 0.404510, 0.013172
1810, 0.404210, 0.014266
1811, 0.404320, 0.014309
1812, 0.404670, 0.013654
1813, 0.404780, 0.013847
1814, 0.404960, 0.013445
1815, 0.404480, 0.014291
1816, 0.404760, 0.013846
1817, 0.404700, 0.013811
1818, 0.404920, 0.013978
1819, 0.404520, 0.013203
1820, 0.404550, 0.014171
1821, 0.404760, 0.013640
1822, 0.404840, 0.012779
1823, 0.404190, 0.013564
1824, 0.404690, 0.013361
1825, 0.404390, 0.014184
1826, 0.404530, 0.014200
1827, 0.405000, 0.012954
1828, 0.404460, 0.013299
1829, 0.404460, 0.012880
1830, 0.404640, 0.014136
1831, 0.404660, 0.014217
1832, 0.404870, 0.013394
1833, 0.404110, 0.014111
1834, 0.404420, 0.013202
1835, 0.404610, 0.014256
1836, 0.404740, 0.013725
1837, 0.405140, 0.013302
1838, 0.404020, 0.013735
1839, 0.405110, 0.014001
1840, 0.404450, 0.014492
1841, 0.405070, 0.014367
1842, 0.405390, 0.013590
1843, 0.404220, 0.014087
1844, 0.404890, 0.013305
1845, 0.405160, 0.014306
1846, 0.404870, 0.013976
1847, 0.404930, 0.013536
1848, 0.404370, 0.013667
1849, 0.405100, 0.013338
1850, 0.404590, 0.014187
1851, 0.404710, 0.013890
1852, 0.405190, 0.013050
1853, 0.404860, 0.014019
1854, 0.405010, 0.013527
1855, 0.404910, 0.014018
1856, 0.404990, 0.014311
1857, 0.405490, 0.013418
1858, 0.404590, 0.013940
1859, 0.405240, 0.013205
1860, 0.404360, 0.014417
1861, 0.404940, 0.014067
1862, 0.404850, 0.013995
1863, 0.404930, 0.014295
1864, 0.404990, 0.012956
1865, 0.405070, 0.013987
1866, 0.404640, 0.014080
1867, 0.405360, 0.012844
1868, 0.404400, 0.014294
1869, 0.405050, 0.013415
1870, 0.404470, 0.013834
1871, 0.404750, 0.013887
1872, 0.404760, 0.013481
1873, 0.404710, 0.014034
1874, 0.404920, 0.013378
1875, 0.404610, 0.013895
1876, 0.404530, 0.013886
1877, 0.405240, 0.013254
1878, 0.404520, 0.013724
1879, 0.405010, 0.013167
1880, 0.404400, 0.014744
1881, 0.405140, 0.014206
1882, 0.404490, 0.013561
1883, 0.404550, 0.014093
1884, 0.404810, 0.013887
1885, 0.404700, 0.014219
1886, 0.404910, 0.013780
1887, 0.405130, 0.013080
1888, 0.404810, 0.013581
1889, 0.404890, 0.013525
1890, 0.404970, 0.014078
1891, 0.405320, 0.013740
1892, 0.404680, 0.013587
1893, 0.404830, 0.014111
1894, 0.404860, 0.013448
1895, 0.405180, 0.014175
1896, 0.404810, 0.014260
1897, 0.405120, 0.013915
1898, 0.405290, 0.013997
1899, 0.404550, 0.013263
1900, 0.404560, 0.014305
1901, 0.404760, 0.014136
1902, 0.404520, 0.013669
1903, 0.404900, 0.014179
1904, 0.404560, 0.013283
1905, 0.404380, 0.014140
1906, 0.405380, 0.013949
1907, 0.405080, 0.013564
1908, 0.405090, 0.014415
1909, 0.404900, 0.012946
1910, 0.404300, 0.014016
1911, 0.405000, 0.013970
1912, 0.404700, 0.013367
1913, 0.405060, 0.013890
1914, 0.405200, 0.013368
1915, 0.404210, 0.014154
1916, 0.405560, 0.014123
1917, 0.405180, 0.013187
1918, 0.404820, 0.014164
1919, 0.404990, 0.014166
1920, 0.404040, 0.013297
1921, 0.405060, 0.014136
1922, 0.404730, 0.013760
1923, 0.404620, 0.014061
1924, 0.405260, 0.014510
1925, 0.404450, 0.013237
1926, 0.405220, 0.013985
1927, 0.405110, 0.012976
1928, 0.405050, 0.014227
1929, 0.404640, 0.014839
1930, 0.404420, 0.013913
1931, 0.404780, 0.014235
1932, 0.404430, 0.012793
1933, 0.404600, 0.013716
1934, 0.404960, 0.014521
1935, 0.404690, 0.013661
1936, 0.405380, 0.014777
1937, 0.404560, 0.014152
1938, 0.404680, 0.014408
1939, 0.404690, 0.014475
1940, 0.404700, 0.013465
1941, 0.405150, 0.014768
1942, 0.404980, 0.014101
1943, 0.405070, 0.014722
1944, 0.405000, 0.014898
1945, 0.404800, 0.013991
1946, 0.405180, 0.014747
1947, 0.404510, 0.013467
1948, 0.405190, 0.014915
1949, 0.404570, 0.014826
1950, 0.404960, 0.013756
1951, 0.404600, 0.014607
1952, 0.404600, 0.014516
1953, 0.404850, 0.014545
1954, 0.405030, 0.015035
1955, 0.404820, 0.013415
1956, 0.405100, 0.014748
1957, 0.404820, 0.013561
1958, 0.404910, 0.014522
1959, 0.404070, 0.014422
1960, 0.404450, 0.013270
1961, 0.404720, 0.014637
1962, 0.404590, 0.014122
1963, 0.404600, 0.014989
1964, 0.404320, 0.014900
1965, 0.404790, 0.013849
1966, 0.405220, 0.015064
1967, 0.404960, 0.013961
1968, 0.404970, 0.014108
1969, 0.404810, 0.014251
1970, 0.404720, 0.013612
1971, 0.404280, 0.014268
1972, 0.404970, 0.013729
1973, 0.404690, 0.014235
1974, 0.404960, 0.014868
1975, 0.404750, 0.013449
1976, 0.405370, 0.014372
1977, 0.404870, 0.014047
1978, 0.404930, 0.014333
1979, 0.404660, 0.014326
1980, 0.404820, 0.013323
1981, 0.405050, 0.015005
1982, 0.404570, 0.013398
1983, 0.404620, 0.014679
1984, 0.404730, 0.014603
1985, 0.405290, 0.013780
1986, 0.404910, 0.014467
1987, 0.404990, 0.013655
1988, 0.404800, 0.015853
1989, 0.404700, 0.014642
1990, 0.405380, 0.013545
1991, 0.405010, 0.014299
1992, 0.404970, 0.013684
1993, 0.404850, 0.014297
1994, 0.404780, 0.014193
1995, 0.404780, 0.013952
1996, 0.405740, 0.014501
1997, 0.405030, 0.013709
1998, 0.405030, 0.014895
1999, 0.405010, 0.014335
2000, 0.405020, 0.013562
2001, 0.405310, 0.014124
