Container_size, 33554432,key_space, 148034
request bin, mean_latency, sd
0, 27.140070, 1.270835
1, 11.681370, 0.778539
2, 6.487140, 0.817900
3, 3.823710, 0.825146
4, 2.396100, 0.777352
5, 1.580360, 0.795590
6, 1.134000, 0.686455
7, 0.872530, 0.581333
8, 0.732060, 0.531503
9, 0.640710, 0.433509
10, 0.593680, 0.387625
11, 0.566510, 0.370538
12, 0.535560, 0.281031
13, 0.517980, 0.259206
14, 0.496710, 0.205180
15, 0.485160, 0.186818
16, 0.478610, 0.174421
17, 0.465960, 0.146474
18, 0.457210, 0.122303
19, 0.453480, 0.118073
20, 0.449370, 0.082053
21, 0.447230, 0.082224
22, 0.442050, 0.066307
23, 0.436150, 0.055675
24, 0.436070, 0.063134
25, 0.432730, 0.050299
26, 0.430560, 0.046432
27, 0.426280, 0.036766
28, 0.425970, 0.027410
29, 0.423050, 0.034052
30, 0.420390, 0.024116
31, 0.418410, 0.031327
32, 0.417300, 0.025360
33, 0.415100, 0.022213
34, 0.414690, 0.031172
35, 0.412190, 0.029739
36, 0.410380, 0.019892
37, 0.407700, 0.022968
38, 0.407100, 0.016689
39, 0.408950, 0.022403
40, 0.407350, 0.022480
41, 0.405760, 0.022278
42, 0.405690, 0.020423
43, 0.400390, 0.019286
44, 0.404360, 0.022648
45, 0.399790, 0.014442
46, 0.400210, 0.026512
47, 0.397670, 0.015920
48, 0.396350, 0.015722
49, 0.394900, 0.017624
50, 0.395150, 0.015136
51, 0.391990, 0.013706
52, 0.392950, 0.015114
53, 0.392390, 0.016228
54, 0.389080, 0.012766
55, 0.388620, 0.011876
56, 0.388680, 0.013930
57, 0.388020, 0.014065
58, 0.386380, 0.013710
59, 0.385270, 0.012829
60, 0.387170, 0.017983
61, 0.386680, 0.020900
62, 0.384750, 0.015638
63, 0.383630, 0.014729
64, 0.383210, 0.015887
65, 0.382990, 0.014244
66, 0.381610, 0.014790
67, 0.379900, 0.013206
68, 0.380350, 0.019056
69, 0.378400, 0.012296
70, 0.379170, 0.014301
71, 0.377190, 0.012780
72, 0.377490, 0.014514
73, 0.376420, 0.012631
74, 0.375480, 0.012800
75, 0.376220, 0.014470
76, 0.374420, 0.012810
77, 0.373880, 0.011776
78, 0.373650, 0.013165
79, 0.373140, 0.014201
80, 0.373470, 0.014072
81, 0.372680, 0.014363
82, 0.371470, 0.013512
83, 0.372060, 0.019255
84, 0.370730, 0.014225
85, 0.370140, 0.013695
86, 0.371290, 0.016873
87, 0.369280, 0.012956
88, 0.369630, 0.014102
89, 0.369170, 0.014273
90, 0.368790, 0.014208
91, 0.367730, 0.012840
92, 0.366900, 0.012315
93, 0.366670, 0.013239
94, 0.366780, 0.014144
95, 0.366090, 0.013704
96, 0.365760, 0.014498
97, 0.366150, 0.015011
98, 0.365220, 0.014427
99, 0.364510, 0.013960
100, 0.363600, 0.012613
101, 0.363960, 0.014584
102, 0.362920, 0.012447
103, 0.362930, 0.013289
104, 0.362730, 0.013249
105, 0.361960, 0.012295
106, 0.362370, 0.014889
107, 0.361340, 0.012648
108, 0.362110, 0.014995
109, 0.361500, 0.014037
110, 0.360250, 0.012621
111, 0.360030, 0.013495
112, 0.360240, 0.014072
113, 0.360500, 0.014980
114, 0.359090, 0.013585
115, 0.359520, 0.014589
116, 0.359530, 0.014629
117, 0.357900, 0.012458
118, 0.358030, 0.013628
119, 0.358140, 0.013929
120, 0.358370, 0.014089
121, 0.357940, 0.015083
122, 0.357330, 0.012955
123, 0.357280, 0.014511
124, 0.356770, 0.013804
125, 0.356300, 0.012459
126, 0.355950, 0.013685
127, 0.355660, 0.012606
128, 0.356180, 0.014995
129, 0.356080, 0.014597
130, 0.355070, 0.012686
131, 0.355240, 0.014633
132, 0.354860, 0.013017
133, 0.354900, 0.014724
134, 0.354250, 0.013966
135, 0.354170, 0.013087
136, 0.354080, 0.014416
137, 0.353740, 0.013494
138, 0.353480, 0.014838
139, 0.353400, 0.013809
140, 0.353540, 0.013874
141, 0.354200, 0.016214
142, 0.353320, 0.012906
143, 0.352290, 0.014190
144, 0.352080, 0.013904
145, 0.352440, 0.014802
146, 0.351890, 0.013810
147, 0.351630, 0.012717
148, 0.351360, 0.014334
149, 0.350930, 0.014054
150, 0.351220, 0.012989
151, 0.351470, 0.015189
152, 0.350860, 0.012767
153, 0.350780, 0.014131
154, 0.350630, 0.014268
155, 0.350400, 0.013055
156, 0.350650, 0.015343
157, 0.349800, 0.012607
158, 0.349990, 0.014270
159, 0.350040, 0.014337
160, 0.349560, 0.013489
161, 0.349260, 0.014364
162, 0.349150, 0.013630
163, 0.348980, 0.014068
164, 0.349320, 0.014368
165, 0.349690, 0.014464
166, 0.348750, 0.014752
167, 0.348790, 0.013074
168, 0.348380, 0.014180
169, 0.348450, 0.014697
170, 0.348120, 0.013659
171, 0.348970, 0.016420
172, 0.347530, 0.013259
173, 0.347880, 0.014511
174, 0.348440, 0.015867
175, 0.347320, 0.013437
176, 0.347520, 0.014123
177, 0.348280, 0.014659
178, 0.347520, 0.014839
179, 0.347210, 0.014300
180, 0.346730, 0.013684
181, 0.346270, 0.014476
182, 0.347570, 0.014660
183, 0.346700, 0.014378
184, 0.346250, 0.014806
185, 0.346420, 0.013446
186, 0.346090, 0.015213
187, 0.346550, 0.013386
188, 0.346390, 0.014464
189, 0.346000, 0.014626
190, 0.345820, 0.013681
191, 0.345520, 0.014661
192, 0.346080, 0.013485
193, 0.345590, 0.014545
194, 0.345630, 0.014996
195, 0.345460, 0.013441
196, 0.345230, 0.014275
197, 0.345350, 0.013445
198, 0.345370, 0.014756
199, 0.345250, 0.014732
200, 0.344820, 0.013804
201, 0.345540, 0.016176
202, 0.344930, 0.013628
203, 0.344690, 0.014763
204, 0.344650, 0.014814
205, 0.345140, 0.014479
206, 0.344350, 0.014495
207, 0.344450, 0.013985
208, 0.344150, 0.013626
209, 0.343940, 0.014515
210, 0.344230, 0.013209
211, 0.344650, 0.014774
212, 0.343910, 0.014681
213, 0.344020, 0.013632
214, 0.343630, 0.014139
215, 0.344000, 0.013807
216, 0.343920, 0.014752
217, 0.343720, 0.014986
218, 0.343390, 0.014081
219, 0.343310, 0.014722
220, 0.343670, 0.013318
221, 0.343210, 0.014483
222, 0.343490, 0.014983
223, 0.343450, 0.014173
224, 0.343030, 0.014915
225, 0.343510, 0.014120
226, 0.342850, 0.014445
227, 0.343150, 0.014460
228, 0.343120, 0.014144
229, 0.342770, 0.014528
230, 0.342760, 0.013472
231, 0.342630, 0.015173
232, 0.342580, 0.014471
233, 0.342740, 0.014184
234, 0.342720, 0.014580
235, 0.342950, 0.013725
236, 0.342480, 0.015411
237, 0.342220, 0.014620
238, 0.342390, 0.013695
239, 0.342210, 0.015083
240, 0.343250, 0.015762
241, 0.342210, 0.014690
242, 0.341940, 0.014710
243, 0.342300, 0.014308
244, 0.341640, 0.014980
245, 0.342220, 0.013904
246, 0.342080, 0.014811
247, 0.341820, 0.014871
248, 0.342600, 0.015486
249, 0.341980, 0.014717
250, 0.341610, 0.013971
251, 0.341760, 0.014968
252, 0.342220, 0.015843
253, 0.341940, 0.014126
254, 0.341470, 0.014443
255, 0.341480, 0.014114
256, 0.341360, 0.014581
257, 0.341360, 0.014783
258, 0.341970, 0.013585
259, 0.341420, 0.014568
260, 0.341220, 0.013669
261, 0.341390, 0.015503
262, 0.341230, 0.014566
263, 0.341240, 0.013792
264, 0.341930, 0.016249
265, 0.341170, 0.013997
266, 0.340950, 0.015353
267, 0.340890, 0.014548
268, 0.340990, 0.014217
269, 0.341090, 0.014957
270, 0.340980, 0.014076
271, 0.341230, 0.014706
272, 0.341010, 0.015190
273, 0.341640, 0.015422
274, 0.340910, 0.014516
275, 0.340730, 0.014107
276, 0.340910, 0.014618
277, 0.340790, 0.014987
278, 0.340780, 0.014247
279, 0.340770, 0.015068
280, 0.340720, 0.014213
281, 0.340930, 0.015049
282, 0.340890, 0.015197
283, 0.340650, 0.014229
284, 0.340570, 0.014682
285, 0.340210, 0.013831
286, 0.340860, 0.014897
287, 0.340470, 0.014876
288, 0.340470, 0.014245
289, 0.340400, 0.015014
290, 0.340170, 0.014496
291, 0.340470, 0.014895
292, 0.340380, 0.014882
293, 0.340420, 0.014225
294, 0.340500, 0.015500
295, 0.340190, 0.014782
296, 0.340840, 0.015408
297, 0.340290, 0.015270
298, 0.340160, 0.014672
299, 0.340270, 0.015360
300, 0.340110, 0.014054
301, 0.340250, 0.015269
302, 0.340050, 0.015085
303, 0.340620, 0.016601
304, 0.340210, 0.015223
305, 0.340710, 0.015586
306, 0.340400, 0.015623
307, 0.340230, 0.015159
308, 0.339920, 0.014126
309, 0.340060, 0.014940
310, 0.339710, 0.014328
311, 0.340170, 0.015755
312, 0.339990, 0.015105
313, 0.339580, 0.014261
314, 0.340060, 0.015294
315, 0.339930, 0.014266
316, 0.340030, 0.014979
317, 0.340220, 0.014838
318, 0.339540, 0.014072
319, 0.340000, 0.015620
320, 0.339810, 0.014642
321, 0.339570, 0.015276
322, 0.339790, 0.015110
323, 0.339680, 0.013989
324, 0.339700, 0.015064
325, 0.339710, 0.014162
326, 0.339570, 0.014908
327, 0.339900, 0.015271
328, 0.339740, 0.014998
329, 0.339760, 0.015035
330, 0.339780, 0.014106
331, 0.339510, 0.015142
332, 0.339570, 0.014887
333, 0.339560, 0.014144
334, 0.339450, 0.015107
335, 0.339720, 0.014139
336, 0.339540, 0.015214
337, 0.339630, 0.014897
338, 0.339480, 0.014465
339, 0.339590, 0.015189
340, 0.339670, 0.014173
341, 0.339470, 0.014874
342, 0.339870, 0.015365
343, 0.340510, 0.016651
344, 0.339490, 0.015854
345, 0.339560, 0.014254
346, 0.339340, 0.015409
347, 0.339820, 0.015716
348, 0.339330, 0.014591
349, 0.339610, 0.015482
350, 0.339450, 0.014413
351, 0.339510, 0.015700
352, 0.339970, 0.015192
353, 0.339760, 0.014879
354, 0.339500, 0.015844
355, 0.339870, 0.014927
356, 0.339130, 0.015738
357, 0.339750, 0.015504
358, 0.339410, 0.015081
359, 0.339680, 0.015393
360, 0.339400, 0.014577
361, 0.339340, 0.016312
362, 0.339600, 0.016073
363, 0.339770, 0.014535
364, 0.339840, 0.015828
365, 0.339520, 0.014289
366, 0.339230, 0.015748
367, 0.339560, 0.015449
368, 0.339400, 0.014462
369, 0.339220, 0.016482
370, 0.339370, 0.014357
371, 0.339280, 0.015561
372, 0.339320, 0.015273
373, 0.339170, 0.014408
374, 0.339050, 0.015676
375, 0.339260, 0.014298
376, 0.339550, 0.015351
377, 0.339300, 0.015846
378, 0.338900, 0.014760
379, 0.339020, 0.015635
380, 0.339160, 0.014769
381, 0.339180, 0.015802
382, 0.339420, 0.015500
383, 0.339050, 0.014517
384, 0.338980, 0.015638
385, 0.339060, 0.014480
386, 0.339200, 0.015761
387, 0.339060, 0.015489
388, 0.339120, 0.014039
389, 0.338920, 0.015548
390, 0.339190, 0.014253
391, 0.338920, 0.015826
392, 0.339010, 0.015848
393, 0.338940, 0.014566
394, 0.339050, 0.016472
395, 0.339330, 0.013987
396, 0.338760, 0.015733
397, 0.339010, 0.015561
398, 0.338730, 0.014155
399, 0.339170, 0.015551
400, 0.339370, 0.014218
401, 0.339010, 0.015564
402, 0.338950, 0.015959
403, 0.338810, 0.014563
404, 0.339020, 0.015336
405, 0.339100, 0.014682
406, 0.338850, 0.015936
407, 0.338820, 0.015142
408, 0.338940, 0.014695
409, 0.338760, 0.015760
410, 0.339270, 0.015416
411, 0.339070, 0.014595
412, 0.338590, 0.015484
413, 0.339000, 0.014291
414, 0.339170, 0.015421
415, 0.338890, 0.015045
416, 0.338720, 0.014504
417, 0.338480, 0.015596
418, 0.339020, 0.014007
419, 0.339080, 0.015549
420, 0.338650, 0.015309
421, 0.338600, 0.014406
422, 0.338810, 0.015145
423, 0.339390, 0.014340
424, 0.338820, 0.014800
425, 0.338760, 0.015053
426, 0.338870, 0.014248
427, 0.338500, 0.015378
428, 0.338970, 0.014367
429, 0.338720, 0.015864
430, 0.338770, 0.015230
431, 0.338700, 0.014485
432, 0.338650, 0.015398
433, 0.338710, 0.014354
434, 0.338830, 0.015426
435, 0.338870, 0.015070
436, 0.338650, 0.014861
437, 0.338380, 0.015123
438, 0.338790, 0.013867
439, 0.338650, 0.015002
440, 0.338670, 0.014836
441, 0.338710, 0.014264
442, 0.338550, 0.015152
443, 0.338810, 0.014734
444, 0.338610, 0.015535
445, 0.338410, 0.015120
446, 0.339140, 0.014010
447, 0.338660, 0.015274
448, 0.338890, 0.014276
449, 0.338490, 0.015286
450, 0.338310, 0.015302
451, 0.339000, 0.014708
452, 0.338520, 0.015474
453, 0.338690, 0.013875
454, 0.338530, 0.014973
455, 0.338420, 0.014965
456, 0.338900, 0.014318
457, 0.338630, 0.015416
458, 0.338850, 0.014434
459, 0.338640, 0.015175
460, 0.338380, 0.015115
461, 0.339000, 0.014771
462, 0.338600, 0.015031
463, 0.338590, 0.014516
464, 0.338460, 0.014779
465, 0.338370, 0.015016
466, 0.338810, 0.014076
467, 0.338590, 0.014980
468, 0.338600, 0.014014
469, 0.338710, 0.015403
470, 0.338640, 0.014470
471, 0.338990, 0.014032
472, 0.338790, 0.015084
473, 0.338490, 0.014160
474, 0.338570, 0.015319
475, 0.338690, 0.014790
476, 0.338700, 0.013728
477, 0.338720, 0.015686
478, 0.338340, 0.013517
479, 0.338720, 0.015021
480, 0.338580, 0.014868
481, 0.338730, 0.014725
482, 0.338800, 0.015059
483, 0.338400, 0.014413
484, 0.338760, 0.015083
485, 0.338300, 0.014980
486, 0.338600, 0.015253
487, 0.338720, 0.015366
488, 0.338280, 0.013983
489, 0.338560, 0.014636
490, 0.338490, 0.015228
491, 0.338390, 0.014255
492, 0.338550, 0.014922
493, 0.338480, 0.014111
494, 0.339120, 0.015323
495, 0.338490, 0.015068
496, 0.338240, 0.013918
497, 0.338750, 0.014846
498, 0.338150, 0.014257
499, 0.338850, 0.014716
500, 0.338580, 0.015085
501, 0.338370, 0.014298
502, 0.338420, 0.015108
503, 0.338470, 0.013924
504, 0.338400, 0.015001
505, 0.338700, 0.014856
506, 0.338650, 0.014361
507, 0.338660, 0.014875
508, 0.338200, 0.014053
509, 0.338600, 0.014625
510, 0.338340, 0.014919
511, 0.338340, 0.014326
512, 0.338450, 0.015092
513, 0.338800, 0.013999
514, 0.338670, 0.014976
515, 0.338710, 0.015046
516, 0.338040, 0.013999
517, 0.338780, 0.015218
518, 0.338830, 0.014056
519, 0.338540, 0.015318
520, 0.338450, 0.014387
521, 0.338340, 0.014537
522, 0.338640, 0.015089
523, 0.338620, 0.014113
524, 0.338280, 0.015037
525, 0.338440, 0.015148
526, 0.338280, 0.014489
527, 0.338600, 0.015563
528, 0.338530, 0.013913
529, 0.338370, 0.015054
530, 0.338800, 0.015095
531, 0.338310, 0.014275
532, 0.338490, 0.015101
533, 0.338460, 0.013959
534, 0.338230, 0.015332
535, 0.338680, 0.014928
536, 0.338410, 0.014327
537, 0.338340, 0.015144
538, 0.338350, 0.014032
539, 0.338240, 0.015192
540, 0.338690, 0.014901
541, 0.338400, 0.014246
542, 0.338670, 0.015011
543, 0.338310, 0.014088
544, 0.338290, 0.015755
545, 0.338620, 0.015125
546, 0.338600, 0.013918
547, 0.338460, 0.014991
548, 0.338430, 0.013854
549, 0.338170, 0.015114
550, 0.338410, 0.014842
551, 0.338350, 0.013811
552, 0.338590, 0.015165
553, 0.338450, 0.014254
554, 0.338420, 0.015298
555, 0.338720, 0.014475
556, 0.338440, 0.014086
557, 0.338350, 0.014915
558, 0.338620, 0.013562
559, 0.338000, 0.014376
560, 0.338330, 0.014789
561, 0.338550, 0.014263
562, 0.338350, 0.014793
563, 0.338470, 0.014405
564, 0.338160, 0.014813
565, 0.339030, 0.014567
566, 0.338400, 0.014438
567, 0.338510, 0.015169
568, 0.338660, 0.013994
569, 0.338370, 0.015671
570, 0.338630, 0.015114
571, 0.338510, 0.013613
572, 0.338340, 0.015329
573, 0.338370, 0.013747
574, 0.338410, 0.015130
575, 0.338440, 0.014895
576, 0.338740, 0.014412
577, 0.338610, 0.015057
578, 0.338290, 0.014062
579, 0.338510, 0.014889
580, 0.338550, 0.015113
581, 0.338200, 0.014232
582, 0.338270, 0.015154
583, 0.338430, 0.013844
584, 0.338680, 0.015003
585, 0.338250, 0.014958
586, 0.338420, 0.014086
587, 0.338390, 0.015235
588, 0.338790, 0.013914
589, 0.338770, 0.015047
590, 0.338490, 0.015213
591, 0.338390, 0.013637
592, 0.338320, 0.015482
593, 0.338690, 0.014067
594, 0.338460, 0.014667
595, 0.338460, 0.015822
596, 0.338310, 0.013818
597, 0.337980, 0.015283
598, 0.338750, 0.013829
599, 0.338530, 0.015501
600, 0.338470, 0.014902
601, 0.338630, 0.013816
602, 0.338350, 0.015358
603, 0.338640, 0.014380
604, 0.338240, 0.015230
605, 0.338300, 0.015094
606, 0.338310, 0.014089
607, 0.338310, 0.015107
608, 0.338660, 0.015125
609, 0.338230, 0.014073
610, 0.338150, 0.015083
611, 0.338590, 0.014018
612, 0.338360, 0.014989
613, 0.338790, 0.015328
614, 0.338280, 0.014268
615, 0.338350, 0.015353
616, 0.338470, 0.014259
617, 0.338220, 0.014760
618, 0.338550, 0.015173
619, 0.338290, 0.014249
620, 0.338370, 0.015571
621, 0.338480, 0.014228
622, 0.338670, 0.015432
623, 0.338250, 0.015105
624, 0.338420, 0.014394
625, 0.338340, 0.014713
626, 0.338740, 0.014626
627, 0.338350, 0.015269
628, 0.338140, 0.015711
629, 0.338370, 0.014079
630, 0.338260, 0.015510
631, 0.338570, 0.014244
632, 0.338290, 0.015236
633, 0.338230, 0.014873
634, 0.338340, 0.014388
635, 0.338260, 0.014669
636, 0.339010, 0.014322
637, 0.338280, 0.015355
638, 0.338380, 0.014867
639, 0.338240, 0.014153
640, 0.338230, 0.015274
641, 0.338530, 0.014285
642, 0.338470, 0.015071
643, 0.338500, 0.015336
644, 0.338460, 0.013844
645, 0.338240, 0.015347
646, 0.338760, 0.014339
647, 0.338450, 0.015053
648, 0.338680, 0.014668
649, 0.338510, 0.013910
650, 0.338650, 0.015209
651, 0.338570, 0.014406
652, 0.338680, 0.015175
653, 0.338450, 0.015016
654, 0.338790, 0.013814
655, 0.338220, 0.014691
656, 0.338410, 0.013757
657, 0.338480, 0.014870
658, 0.338300, 0.014915
659, 0.338740, 0.013899
660, 0.338540, 0.014917
661, 0.338310, 0.014284
662, 0.338600, 0.015116
663, 0.338090, 0.015611
664, 0.338640, 0.014288
665, 0.338490, 0.014890
666, 0.338460, 0.014036
667, 0.338380, 0.014922
668, 0.337900, 0.014935
669, 0.338540, 0.014075
670, 0.338590, 0.015338
671, 0.338460, 0.014154
672, 0.338650, 0.014789
673, 0.338350, 0.014745
674, 0.338500, 0.014061
675, 0.338540, 0.014830
676, 0.338200, 0.013971
677, 0.338530, 0.014972
678, 0.338530, 0.015213
679, 0.338610, 0.014058
680, 0.338470, 0.014711
681, 0.338360, 0.014156
682, 0.338650, 0.014617
683, 0.338680, 0.014816
684, 0.338980, 0.013820
685, 0.338570, 0.014748
686, 0.338570, 0.014345
687, 0.338760, 0.015278
688, 0.338540, 0.014970
689, 0.338540, 0.013893
690, 0.338410, 0.015014
691, 0.338290, 0.014012
692, 0.338750, 0.014875
693, 0.338440, 0.015227
694, 0.338720, 0.013991
695, 0.338760, 0.014775
696, 0.338470, 0.014650
697, 0.338860, 0.014920
698, 0.338410, 0.015378
699, 0.338630, 0.014095
700, 0.338740, 0.014802
701, 0.338490, 0.014236
702, 0.338590, 0.015670
703, 0.338440, 0.015071
704, 0.338450, 0.013988
705, 0.338690, 0.015032
706, 0.338430, 0.014556
707, 0.338980, 0.015194
708, 0.338460, 0.015195
709, 0.338480, 0.014348
710, 0.338370, 0.014763
711, 0.338320, 0.014116
712, 0.338450, 0.015303
713, 0.338590, 0.015166
714, 0.338390, 0.014090
715, 0.338710, 0.015504
716, 0.338450, 0.014195
717, 0.338370, 0.015217
718, 0.338740, 0.015225
719, 0.338520, 0.014574
720, 0.338510, 0.015747
721, 0.338930, 0.014362
722, 0.338300, 0.015097
723, 0.338620, 0.015301
724, 0.338310, 0.014742
725, 0.338470, 0.014971
726, 0.338480, 0.014208
727, 0.338350, 0.015065
728, 0.338630, 0.014942
729, 0.338170, 0.014530
730, 0.338760, 0.014737
731, 0.338730, 0.014373
732, 0.338430, 0.015340
733, 0.338780, 0.014885
734, 0.338200, 0.013955
735, 0.338450, 0.014831
736, 0.338720, 0.013617
737, 0.338510, 0.015555
738, 0.338540, 0.014870
739, 0.338280, 0.014321
740, 0.338370, 0.015273
741, 0.338500, 0.013969
742, 0.338390, 0.015327
743, 0.338760, 0.015184
744, 0.338460, 0.014197
745, 0.338450, 0.015259
746, 0.338390, 0.014172
747, 0.338380, 0.015642
748, 0.338700, 0.014831
749, 0.338350, 0.013951
750, 0.338450, 0.014878
751, 0.338400, 0.014475
752, 0.338190, 0.015653
753, 0.338890, 0.015155
754, 0.338390, 0.014785
755, 0.338660, 0.015162
756, 0.338610, 0.014158
757, 0.338020, 0.015151
758, 0.338520, 0.014434
759, 0.338370, 0.013810
760, 0.338390, 0.014685
761, 0.338400, 0.014112
762, 0.338150, 0.015729
763, 0.338700, 0.014526
764, 0.338320, 0.013972
765, 0.338400, 0.015214
766, 0.338690, 0.013884
767, 0.338430, 0.015016
768, 0.338910, 0.015102
769, 0.338270, 0.014319
770, 0.338130, 0.015121
771, 0.338420, 0.014074
772, 0.338490, 0.015280
773, 0.338390, 0.015452
774, 0.338420, 0.014342
775, 0.338190, 0.015105
776, 0.338280, 0.014029
777, 0.338580, 0.014877
778, 0.338680, 0.014817
779, 0.338450, 0.014108
780, 0.338350, 0.015096
781, 0.338190, 0.014444
782, 0.338400, 0.014963
783, 0.338460, 0.014338
784, 0.338600, 0.013867
785, 0.337960, 0.014354
786, 0.338520, 0.014310
787, 0.338330, 0.015041
788, 0.338470, 0.014452
789, 0.338430, 0.013866
790, 0.338570, 0.015317
791, 0.338630, 0.014499
792, 0.338620, 0.014950
793, 0.338390, 0.015121
794, 0.338260, 0.014493
795, 0.338270, 0.015576
796, 0.338700, 0.013942
797, 0.338240, 0.015001
798, 0.338150, 0.014857
799, 0.338390, 0.013909
800, 0.338170, 0.015074
801, 0.338670, 0.014161
802, 0.338510, 0.015240
803, 0.338310, 0.015012
804, 0.338360, 0.014159
805, 0.338140, 0.014968
806, 0.338410, 0.013944
807, 0.338530, 0.015395
808, 0.338180, 0.014946
809, 0.338320, 0.014200
810, 0.338190, 0.015179
811, 0.338520, 0.014095
812, 0.338470, 0.015278
813, 0.338300, 0.015206
814, 0.338630, 0.013946
815, 0.338370, 0.015353
816, 0.339020, 0.015062
817, 0.338280, 0.014045
818, 0.338170, 0.015137
819, 0.338350, 0.014054
820, 0.338330, 0.015046
821, 0.338540, 0.014917
822, 0.338090, 0.014199
823, 0.338200, 0.015394
824, 0.338690, 0.014055
825, 0.338410, 0.014880
826, 0.338740, 0.015000
827, 0.338410, 0.014442
828, 0.338240, 0.015232
829, 0.338510, 0.014428
830, 0.338380, 0.015007
831, 0.338360, 0.015359
832, 0.338480, 0.014110
833, 0.337970, 0.015055
834, 0.338660, 0.014221
835, 0.338360, 0.014903
836, 0.338500, 0.014718
837, 0.338390, 0.014370
838, 0.338500, 0.015295
839, 0.338790, 0.013878
840, 0.338210, 0.015190
841, 0.338360, 0.015016
842, 0.338270, 0.014069
843, 0.338270, 0.015226
844, 0.338330, 0.013492
845, 0.338280, 0.015323
846, 0.338330, 0.015425
847, 0.338500, 0.014497
848, 0.338360, 0.014630
849, 0.338850, 0.014140
850, 0.338720, 0.015141
851, 0.338290, 0.014960
852, 0.338600, 0.014685
853, 0.338260, 0.014856
854, 0.338430, 0.014106
855, 0.338520, 0.015349
856, 0.338160, 0.014796
857, 0.338610, 0.014250
858, 0.338240, 0.015069
859, 0.338440, 0.013926
860, 0.338570, 0.015139
861, 0.338400, 0.014932
862, 0.338950, 0.014431
863, 0.338430, 0.015253
864, 0.338170, 0.013999
865, 0.338400, 0.014837
866, 0.338110, 0.014577
867, 0.338450, 0.013891
868, 0.338270, 0.014736
869, 0.338380, 0.014201
870, 0.338270, 0.014852
871, 0.338350, 0.015179
872, 0.338600, 0.014202
873, 0.338740, 0.015265
874, 0.338410, 0.014140
875, 0.338240, 0.014866
876, 0.338060, 0.015101
877, 0.338520, 0.013822
878, 0.338620, 0.014992
879, 0.338260, 0.014578
880, 0.338250, 0.015152
881, 0.338320, 0.015183
882, 0.338440, 0.013728
883, 0.338520, 0.015397
884, 0.338130, 0.014238
885, 0.338570, 0.014853
886, 0.338300, 0.015186
887, 0.338490, 0.013830
888, 0.338110, 0.015484
889, 0.338170, 0.013570
890, 0.338510, 0.015062
891, 0.338300, 0.014601
892, 0.338170, 0.014241
893, 0.338300, 0.015024
894, 0.338150, 0.013872
895, 0.338770, 0.015013
896, 0.338480, 0.015544
897, 0.338390, 0.014122
898, 0.338490, 0.014942
899, 0.338290, 0.014265
900, 0.338370, 0.015273
901, 0.338590, 0.015172
902, 0.338050, 0.013930
903, 0.338430, 0.015560
904, 0.338130, 0.013974
905, 0.338270, 0.014863
906, 0.338310, 0.014896
907, 0.338290, 0.014039
908, 0.338500, 0.015070
909, 0.338650, 0.014370
910, 0.338600, 0.014603
911, 0.338310, 0.014862
912, 0.338050, 0.013524
913, 0.338480, 0.014968
914, 0.338290, 0.014444
915, 0.338180, 0.014714
916, 0.338270, 0.014707
917, 0.338200, 0.014208
918, 0.338650, 0.014992
919, 0.338420, 0.014257
920, 0.338400, 0.015265
921, 0.338660, 0.015366
922, 0.338530, 0.014102
923, 0.338430, 0.015027
924, 0.338370, 0.013636
925, 0.338530, 0.015297
926, 0.338490, 0.014411
927, 0.338000, 0.014353
928, 0.338410, 0.015234
929, 0.338440, 0.014488
930, 0.338400, 0.014736
931, 0.338470, 0.014719
932, 0.338130, 0.014065
933, 0.338770, 0.014822
934, 0.338550, 0.014629
935, 0.338130, 0.015073
936, 0.338470, 0.014799
937, 0.338160, 0.014295
938, 0.338600, 0.015647
939, 0.338350, 0.014096
940, 0.337920, 0.014867
941, 0.338460, 0.014709
942, 0.338400, 0.013788
943, 0.338490, 0.015066
944, 0.338410, 0.013809
945, 0.338570, 0.014913
946, 0.338480, 0.015312
947, 0.338160, 0.013801
948, 0.338490, 0.014962
949, 0.338440, 0.013899
950, 0.338300, 0.015177
951, 0.338590, 0.015082
952, 0.338270, 0.013843
953, 0.338260, 0.015045
954, 0.338440, 0.013888
955, 0.338530, 0.015571
956, 0.338760, 0.014977
957, 0.338530, 0.013555
958, 0.338370, 0.015374
959, 0.338260, 0.014278
960, 0.338080, 0.015115
961, 0.338730, 0.015048
962, 0.338240, 0.014033
963, 0.338520, 0.015223
964, 0.338560, 0.013985
965, 0.338000, 0.015496
966, 0.338600, 0.014927
967, 0.338400, 0.013466
968, 0.338630, 0.014912
969, 0.338440, 0.013862
970, 0.338060, 0.015235
971, 0.338430, 0.014943
972, 0.338490, 0.014132
973, 0.338310, 0.015419
974, 0.338280, 0.014275
975, 0.338330, 0.015239
976, 0.338520, 0.015149
977, 0.338110, 0.014072
978, 0.338400, 0.014748
979, 0.338520, 0.014057
980, 0.338670, 0.015656
981, 0.338730, 0.015735
982, 0.338270, 0.013857
983, 0.338240, 0.015287
984, 0.338260, 0.014155
985, 0.338340, 0.015134
986, 0.338420, 0.015583
987, 0.338240, 0.013797
988, 0.338100, 0.015244
989, 0.338220, 0.014049
990, 0.338610, 0.014911
991, 0.338240, 0.014878
992, 0.338630, 0.013527
993, 0.338200, 0.015264
994, 0.338470, 0.014232
995, 0.338290, 0.015273
996, 0.338370, 0.015553
997, 0.338400, 0.013786
998, 0.338160, 0.014908
999, 0.338600, 0.013834
1000, 0.338180, 0.014835
1001, 0.338210, 0.015312
1002, 0.338560, 0.013947
1003, 0.338300, 0.015369
1004, 0.338970, 0.014558
1005, 0.338300, 0.015150
1006, 0.338100, 0.015481
1007, 0.338430, 0.014038
1008, 0.338100, 0.015385
1009, 0.338790, 0.014634
1010, 0.338320, 0.015496
1011, 0.338120, 0.015130
1012, 0.338510, 0.014511
1013, 0.338310, 0.015785
1014, 0.338760, 0.014522
1015, 0.338300, 0.015159
1016, 0.338580, 0.015731
1017, 0.338310, 0.014538
1018, 0.338150, 0.015183
1019, 0.338680, 0.015047
1020, 0.338040, 0.014079
1021, 0.338130, 0.015825
1022, 0.338220, 0.014123
1023, 0.338180, 0.015191
1024, 0.338400, 0.015487
1025, 0.339010, 0.014434
1026, 0.338500, 0.015075
1027, 0.338770, 0.014192
1028, 0.338510, 0.015229
1029, 0.338300, 0.015006
1030, 0.338370, 0.014569
1031, 0.338190, 0.015124
1032, 0.338660, 0.014223
1033, 0.338510, 0.015588
1034, 0.338300, 0.015065
1035, 0.338330, 0.014471
1036, 0.338150, 0.015289
1037, 0.338740, 0.014115
1038, 0.338420, 0.015469
1039, 0.338560, 0.015889
1040, 0.338560, 0.014560
1041, 0.338250, 0.015605
1042, 0.338410, 0.014198
1043, 0.338520, 0.015591
1044, 0.338410, 0.015379
1045, 0.338380, 0.014182
1046, 0.338140, 0.015663
1047, 0.338350, 0.014396
1048, 0.338290, 0.015735
1049, 0.338650, 0.015524
1050, 0.338510, 0.014356
1051, 0.338430, 0.015191
1052, 0.338580, 0.014220
1053, 0.338590, 0.014955
1054, 0.338030, 0.015140
1055, 0.338640, 0.014604
1056, 0.338440, 0.015397
1057, 0.338220, 0.014210
1058, 0.338340, 0.015373
1059, 0.338130, 0.014659
1060, 0.338630, 0.014519
1061, 0.338460, 0.015034
1062, 0.338420, 0.013646
1063, 0.338830, 0.016079
1064, 0.338320, 0.015281
1065, 0.338540, 0.014030
1066, 0.338330, 0.015542
1067, 0.338330, 0.014026
1068, 0.338540, 0.015463
1069, 0.338140, 0.015248
1070, 0.338590, 0.014132
1071, 0.338490, 0.015816
1072, 0.338180, 0.014215
1073, 0.338920, 0.015554
1074, 0.338340, 0.015127
1075, 0.338940, 0.014475
1076, 0.338570, 0.015321
1077, 0.338140, 0.014036
1078, 0.338420, 0.015520
1079, 0.338120, 0.015106
1080, 0.338530, 0.014685
1081, 0.338430, 0.015128
1082, 0.338350, 0.014228
1083, 0.338260, 0.015274
1084, 0.338300, 0.015134
1085, 0.338610, 0.014355
1086, 0.338460, 0.015194
1087, 0.338540, 0.014062
1088, 0.338300, 0.015175
1089, 0.338530, 0.015565
1090, 0.338570, 0.014294
1091, 0.338360, 0.014594
1092, 0.338180, 0.014008
1093, 0.338280, 0.014524
1094, 0.338250, 0.014682
1095, 0.338290, 0.014328
1096, 0.338570, 0.015440
1097, 0.338470, 0.014209
1098, 0.338550, 0.015075
1099, 0.338310, 0.015082
1100, 0.338170, 0.013973
1101, 0.338370, 0.015018
1102, 0.338140, 0.014134
1103, 0.338470, 0.014944
1104, 0.338330, 0.014636
1105, 0.338170, 0.014399
1106, 0.338390, 0.015386
1107, 0.338100, 0.013997
1108, 0.338430, 0.014440
1109, 0.338510, 0.015254
1110, 0.338490, 0.014104
1111, 0.338590, 0.015031
1112, 0.338050, 0.014010
1113, 0.338440, 0.015251
1114, 0.338280, 0.015116
1115, 0.338280, 0.013971
1116, 0.338440, 0.015472
1117, 0.338110, 0.014018
1118, 0.338260, 0.015070
1119, 0.338280, 0.015244
1120, 0.338430, 0.014112
1121, 0.338450, 0.015194
1122, 0.338840, 0.014432
1123, 0.338640, 0.015497
1124, 0.338390, 0.015060
1125, 0.338050, 0.014351
1126, 0.338580, 0.015398
1127, 0.338410, 0.014614
1128, 0.338380, 0.015315
1129, 0.338250, 0.014976
1130, 0.338300, 0.014662
1131, 0.338540, 0.015313
1132, 0.338490, 0.014126
1133, 0.338460, 0.014870
1134, 0.338610, 0.014986
1135, 0.338490, 0.014315
1136, 0.338670, 0.015155
1137, 0.338440, 0.014548
1138, 0.338250, 0.015628
1139, 0.338520, 0.015402
1140, 0.338180, 0.014388
1141, 0.338480, 0.015367
1142, 0.338440, 0.014149
1143, 0.338210, 0.015239
1144, 0.338960, 0.015208
1145, 0.338530, 0.014047
1146, 0.338830, 0.015177
1147, 0.338310, 0.014774
1148, 0.338270, 0.015155
1149, 0.338530, 0.015294
1150, 0.338230, 0.014293
1151, 0.338400, 0.014620
1152, 0.338260, 0.014214
1153, 0.338210, 0.014948
1154, 0.338570, 0.014798
1155, 0.338510, 0.015011
1156, 0.338740, 0.015093
1157, 0.338660, 0.014159
1158, 0.338500, 0.014868
1159, 0.338600, 0.014973
1160, 0.338390, 0.013905
1161, 0.338580, 0.015327
1162, 0.338450, 0.014111
1163, 0.338210, 0.015300
1164, 0.338470, 0.014875
1165, 0.338620, 0.014542
1166, 0.338400, 0.015476
1167, 0.338400, 0.014288
1168, 0.338600, 0.015528
1169, 0.338870, 0.015219
1170, 0.338840, 0.013978
1171, 0.338480, 0.015537
1172, 0.338550, 0.014597
1173, 0.338320, 0.014991
1174, 0.339080, 0.015105
1175, 0.338440, 0.014041
1176, 0.338370, 0.015172
1177, 0.338520, 0.014072
1178, 0.338270, 0.015011
1179, 0.338970, 0.014888
1180, 0.338620, 0.014882
1181, 0.338880, 0.015400
1182, 0.338710, 0.014308
1183, 0.338490, 0.015089
1184, 0.338490, 0.015345
1185, 0.338700, 0.014066
1186, 0.338450, 0.015091
1187, 0.338510, 0.014186
1188, 0.338450, 0.015658
1189, 0.338560, 0.015426
1190, 0.338700, 0.014362
1191, 0.338380, 0.015054
1192, 0.338710, 0.014094
1193, 0.338920, 0.015317
1194, 0.338450, 0.015412
1195, 0.338650, 0.014251
1196, 0.338180, 0.014784
1197, 0.338650, 0.014252
1198, 0.338610, 0.015022
1199, 0.338150, 0.014731
1200, 0.338450, 0.013861
1201, 0.338330, 0.014875
1202, 0.338710, 0.014071
1203, 0.338610, 0.015090
1204, 0.338490, 0.014726
1205, 0.338940, 0.014122
1206, 0.338510, 0.015257
1207, 0.338740, 0.014200
1208, 0.338400, 0.014798
1209, 0.338270, 0.014815
1210, 0.338500, 0.013882
1211, 0.338220, 0.014930
1212, 0.338530, 0.013827
1213, 0.338410, 0.015264
1214, 0.338350, 0.015310
1215, 0.338480, 0.014149
1216, 0.338770, 0.015287
1217, 0.338860, 0.014201
1218, 0.338560, 0.015310
1219, 0.338280, 0.015141
1220, 0.338580, 0.014288
1221, 0.338570, 0.015644
1222, 0.338670, 0.015106
1223, 0.338260, 0.014644
1224, 0.338320, 0.015049
1225, 0.338380, 0.014236
1226, 0.338430, 0.015022
1227, 0.338760, 0.015090
1228, 0.338420, 0.013994
1229, 0.338610, 0.014991
1230, 0.338680, 0.014310
1231, 0.338160, 0.014831
1232, 0.338610, 0.015205
1233, 0.338510, 0.013961
1234, 0.338200, 0.015390
1235, 0.338670, 0.014223
1236, 0.338360, 0.015158
1237, 0.338480, 0.015069
1238, 0.338310, 0.014200
1239, 0.338400, 0.015341
1240, 0.338780, 0.014027
1241, 0.338630, 0.014836
1242, 0.338350, 0.015389
1243, 0.338420, 0.014035
1244, 0.338220, 0.014899
1245, 0.338640, 0.014451
1246, 0.338280, 0.014983
1247, 0.338310, 0.015278
1248, 0.338290, 0.014144
1249, 0.338280, 0.014776
1250, 0.338680, 0.014648
1251, 0.338530, 0.015114
1252, 0.338710, 0.015302
1253, 0.338620, 0.014189
1254, 0.338410, 0.014726
1255, 0.338370, 0.014618
1256, 0.338500, 0.015001
1257, 0.338310, 0.015302
1258, 0.338650, 0.013881
1259, 0.338120, 0.014998
1260, 0.338380, 0.013816
1261, 0.338300, 0.015000
1262, 0.338390, 0.015283
1263, 0.338840, 0.014137
1264, 0.338580, 0.015630
1265, 0.338490, 0.014479
1266, 0.338480, 0.015393
1267, 0.338080, 0.015014
1268, 0.338720, 0.013912
1269, 0.338320, 0.015395
1270, 0.338310, 0.014030
1271, 0.338500, 0.015043
1272, 0.338120, 0.015182
1273, 0.338770, 0.014233
1274, 0.338340, 0.014943
1275, 0.338310, 0.014159
1276, 0.339010, 0.015334
1277, 0.338150, 0.015137
1278, 0.338650, 0.014152
1279, 0.338490, 0.015440
1280, 0.338370, 0.014602
1281, 0.338400, 0.014902
1282, 0.338230, 0.015566
1283, 0.338450, 0.014065
1284, 0.338310, 0.014646
1285, 0.338320, 0.014016
1286, 0.338440, 0.014969
1287, 0.338230, 0.014983
1288, 0.338990, 0.014240
1289, 0.338400, 0.015692
1290, 0.338440, 0.014346
1291, 0.338190, 0.014681
1292, 0.338600, 0.015498
1293, 0.338720, 0.014420
1294, 0.338490, 0.015411
1295, 0.338210, 0.014114
1296, 0.338560, 0.014774
1297, 0.338490, 0.015735
1298, 0.338540, 0.014168
1299, 0.338910, 0.015091
1300, 0.338450, 0.014735
1301, 0.338690, 0.014696
1302, 0.338270, 0.015144
1303, 0.338290, 0.014408
1304, 0.338470, 0.014930
1305, 0.338370, 0.014437
1306, 0.338460, 0.015147
1307, 0.338190, 0.014965
1308, 0.338350, 0.014482
1309, 0.338550, 0.015411
1310, 0.338400, 0.014344
1311, 0.338770, 0.015111
1312, 0.338560, 0.015096
1313, 0.338340, 0.014211
1314, 0.338220, 0.015127
1315, 0.338570, 0.014254
1316, 0.338540, 0.015188
1317, 0.338230, 0.014991
1318, 0.338310, 0.014227
1319, 0.338530, 0.015227
1320, 0.338390, 0.014577
1321, 0.338410, 0.014987
1322, 0.338530, 0.015753
1323, 0.338680, 0.014490
1324, 0.338610, 0.014633
1325, 0.338420, 0.014422
1326, 0.338230, 0.014853
1327, 0.338410, 0.015180
1328, 0.338210, 0.014317
1329, 0.338590, 0.015197
1330, 0.338470, 0.013947
1331, 0.338280, 0.014990
1332, 0.338350, 0.015361
1333, 0.338420, 0.013775
1334, 0.338710, 0.015034
1335, 0.338840, 0.013709
1336, 0.338540, 0.015569
1337, 0.338510, 0.015075
1338, 0.338450, 0.014139
1339, 0.338570, 0.014986
1340, 0.338460, 0.014379
1341, 0.338510, 0.014954
1342, 0.338270, 0.015133
1343, 0.338460, 0.013944
1344, 0.338270, 0.014969
1345, 0.338580, 0.014444
1346, 0.338300, 0.015282
1347, 0.338930, 0.015169
1348, 0.338560, 0.014220
1349, 0.338390, 0.015258
1350, 0.338370, 0.014015
1351, 0.338400, 0.015019
1352, 0.338670, 0.015141
1353, 0.338370, 0.014068
1354, 0.338550, 0.015423
1355, 0.338310, 0.013755
1356, 0.338020, 0.014890
1357, 0.338680, 0.014715
1358, 0.338410, 0.013941
1359, 0.338770, 0.015369
1360, 0.338390, 0.013923
1361, 0.338300, 0.015016
1362, 0.338660, 0.014823
1363, 0.338440, 0.014156
1364, 0.338590, 0.015346
1365, 0.338200, 0.013931
1366, 0.338360, 0.015060
1367, 0.338580, 0.014931
1368, 0.338350, 0.013921
1369, 0.338540, 0.014941
1370, 0.338740, 0.014409
1371, 0.338580, 0.015347
1372, 0.338620, 0.015472
1373, 0.338300, 0.013822
1374, 0.338430, 0.015218
1375, 0.338270, 0.014060
1376, 0.338230, 0.015469
1377, 0.338490, 0.015099
1378, 0.338390, 0.014305
1379, 0.338150, 0.015229
1380, 0.338380, 0.014190
1381, 0.338410, 0.015453
1382, 0.338780, 0.015225
1383, 0.338490, 0.014245
1384, 0.338640, 0.015098
1385, 0.338280, 0.013924
1386, 0.338360, 0.015186
1387, 0.338430, 0.014659
1388, 0.338350, 0.014595
1389, 0.338140, 0.015369
1390, 0.338160, 0.013932
1391, 0.338530, 0.015411
1392, 0.338370, 0.014767
1393, 0.338580, 0.014135
1394, 0.338510, 0.015085
1395, 0.338530, 0.014224
1396, 0.338510, 0.014482
1397, 0.338380, 0.015501
1398, 0.338510, 0.013755
1399, 0.338010, 0.015714
1400, 0.338410, 0.013858
1401, 0.338250, 0.015100
1402, 0.338300, 0.014998
1403, 0.338220, 0.013764
1404, 0.338250, 0.014735
1405, 0.338510, 0.013886
1406, 0.338860, 0.015245
1407, 0.338380, 0.015073
1408, 0.338450, 0.013973
1409, 0.338310, 0.015258
1410, 0.338610, 0.014014
1411, 0.338290, 0.015225
1412, 0.338130, 0.014974
1413, 0.338210, 0.014156
1414, 0.338280, 0.015547
1415, 0.338560, 0.013919
1416, 0.338410, 0.015240
1417, 0.338230, 0.014955
1418, 0.338550, 0.014063
1419, 0.338310, 0.015103
1420, 0.338600, 0.014857
1421, 0.338130, 0.014406
1422, 0.338250, 0.015136
1423, 0.338490, 0.014514
1424, 0.338240, 0.015294
1425, 0.338670, 0.014832
1426, 0.338150, 0.014144
1427, 0.338130, 0.015334
1428, 0.338560, 0.013897
1429, 0.338300, 0.014979
1430, 0.338810, 0.015138
1431, 0.338380, 0.014540
1432, 0.338250, 0.015460
1433, 0.338480, 0.013703
1434, 0.338300, 0.014976
1435, 0.338450, 0.014858
1436, 0.338380, 0.014041
1437, 0.338030, 0.015269
1438, 0.338540, 0.014505
1439, 0.338400, 0.015584
1440, 0.338680, 0.014698
1441, 0.338550, 0.013729
1442, 0.338470, 0.015250
1443, 0.338660, 0.013783
1444, 0.338330, 0.014939
1445, 0.338410, 0.015182
1446, 0.338400, 0.013948
1447, 0.337940, 0.014794
1448, 0.338550, 0.014276
1449, 0.338350, 0.014953
1450, 0.338190, 0.015078
1451, 0.338300, 0.014064
1452, 0.338190, 0.015306
1453, 0.338870, 0.013578
1454, 0.338770, 0.014769
1455, 0.338270, 0.014836
1456, 0.338380, 0.014195
1457, 0.338370, 0.014941
1458, 0.338690, 0.014682
1459, 0.338200, 0.015025
1460, 0.338210, 0.015127
1461, 0.338480, 0.014421
1462, 0.338220, 0.014962
1463, 0.338420, 0.013920
1464, 0.338460, 0.015535
1465, 0.338440, 0.015282
1466, 0.338790, 0.013779
1467, 0.338340, 0.014658
1468, 0.338330, 0.013612
1469, 0.338230, 0.015214
1470, 0.338060, 0.015356
1471, 0.338810, 0.013956
1472, 0.338190, 0.015113
1473, 0.338320, 0.014973
1474, 0.338450, 0.015414
1475, 0.338360, 0.015264
1476, 0.338680, 0.014269
1477, 0.338670, 0.015470
1478, 0.338210, 0.013904
1479, 0.338640, 0.015240
1480, 0.338120, 0.015083
1481, 0.338530, 0.014613
1482, 0.338270, 0.014957
1483, 0.338170, 0.013999
1484, 0.338280, 0.014957
1485, 0.338200, 0.014811
1486, 0.338450, 0.014216
1487, 0.338680, 0.014850
1488, 0.338340, 0.014160
1489, 0.338840, 0.014968
1490, 0.338370, 0.015407
1491, 0.338330, 0.014235
1492, 0.338370, 0.014837
1493, 0.338540, 0.013972
1494, 0.337920, 0.014771
1495, 0.338390, 0.015097
1496, 0.338510, 0.014296
1497, 0.338460, 0.014996
1498, 0.338110, 0.014359
1499, 0.338530, 0.014887
1500, 0.338550, 0.014846
1501, 0.338760, 0.013783
1502, 0.338470, 0.015204
1503, 0.337980, 0.013538
1504, 0.338480, 0.014803
1505, 0.338550, 0.015140
1506, 0.338080, 0.014490
1507, 0.338430, 0.015319
1508, 0.338320, 0.014416
1509, 0.338270, 0.015063
1510, 0.338200, 0.014791
1511, 0.338550, 0.013883
1512, 0.338360, 0.014978
1513, 0.338590, 0.013903
1514, 0.338540, 0.014878
1515, 0.338310, 0.015400
1516, 0.338320, 0.014331
1517, 0.338270, 0.014804
1518, 0.338120, 0.014335
1519, 0.338230, 0.015003
1520, 0.338350, 0.014981
1521, 0.338450, 0.014764
1522, 0.338450, 0.015866
1523, 0.338340, 0.014554
1524, 0.338670, 0.015325
1525, 0.338680, 0.015362
1526, 0.338320, 0.014308
1527, 0.338600, 0.015244
1528, 0.338350, 0.014706
1529, 0.338220, 0.015427
1530, 0.338520, 0.015155
1531, 0.337970, 0.014528
1532, 0.338600, 0.015438
1533, 0.338290, 0.014039
1534, 0.338390, 0.015206
1535, 0.338530, 0.015524
1536, 0.338540, 0.014879
1537, 0.338810, 0.015829
1538, 0.338500, 0.014306
1539, 0.338450, 0.015404
1540, 0.338420, 0.015186
1541, 0.338230, 0.014317
1542, 0.338330, 0.015725
1543, 0.338510, 0.014474
1544, 0.338320, 0.015515
1545, 0.338360, 0.015503
1546, 0.338330, 0.014670
1547, 0.338430, 0.015251
1548, 0.338790, 0.014456
1549, 0.338240, 0.015494
1550, 0.338400, 0.014778
1551, 0.338200, 0.014179
1552, 0.338430, 0.015053
1553, 0.338110, 0.014176
1554, 0.338140, 0.015373
1555, 0.338190, 0.015126
1556, 0.338330, 0.015220
1557, 0.338350, 0.015481
1558, 0.338560, 0.014843
1559, 0.338040, 0.015404
1560, 0.339000, 0.015655
1561, 0.338290, 0.014309
1562, 0.338400, 0.015173
1563, 0.338240, 0.014167
1564, 0.338490, 0.015252
1565, 0.338390, 0.015595
1566, 0.338320, 0.014246
1567, 0.338110, 0.015210
1568, 0.338330, 0.014839
1569, 0.338190, 0.015495
1570, 0.338710, 0.014872
1571, 0.338230, 0.014355
1572, 0.338700, 0.015544
1573, 0.338280, 0.015007
1574, 0.338210, 0.015234
1575, 0.338500, 0.015192
1576, 0.338480, 0.014096
1577, 0.338250, 0.015030
1578, 0.338170, 0.014202
1579, 0.338170, 0.015419
1580, 0.338600, 0.015178
1581, 0.338440, 0.014604
1582, 0.338420, 0.015153
1583, 0.338270, 0.014354
1584, 0.338570, 0.015220
1585, 0.338270, 0.015602
1586, 0.338420, 0.013996
1587, 0.338240, 0.015276
1588, 0.338460, 0.014395
1589, 0.338280, 0.015656
1590, 0.338180, 0.014895
1591, 0.338210, 0.014125
1592, 0.338120, 0.014816
1593, 0.338170, 0.013664
1594, 0.338510, 0.015416
1595, 0.338480, 0.015142
1596, 0.338480, 0.014036
1597, 0.338330, 0.015237
1598, 0.338300, 0.013957
1599, 0.338320, 0.015062
1600, 0.338060, 0.015040
1601, 0.338370, 0.014285
1602, 0.338020, 0.014877
1603, 0.338650, 0.014195
1604, 0.338260, 0.014786
1605, 0.338260, 0.014994
1606, 0.338220, 0.014195
1607, 0.338330, 0.014663
1608, 0.338780, 0.014294
1609, 0.338240, 0.015103
1610, 0.338200, 0.014821
1611, 0.338370, 0.014188
1612, 0.338360, 0.014919
1613, 0.338650, 0.014118
1614, 0.338230, 0.015423
1615, 0.338220, 0.015221
1616, 0.338320, 0.014087
1617, 0.338420, 0.014976
1618, 0.338440, 0.014149
1619, 0.338590, 0.014916
1620, 0.338200, 0.015283
1621, 0.338490, 0.014100
1622, 0.338220, 0.015292
1623, 0.338650, 0.013951
1624, 0.338440, 0.015341
1625, 0.338180, 0.015158
1626, 0.338430, 0.014038
1627, 0.338280, 0.014896
1628, 0.338720, 0.015029
1629, 0.338580, 0.014732
1630, 0.338170, 0.015129
1631, 0.339000, 0.014103
1632, 0.338410, 0.014694
1633, 0.338640, 0.014820
1634, 0.338390, 0.014577
1635, 0.338170, 0.014957
1636, 0.338400, 0.013936
1637, 0.338290, 0.015199
1638, 0.338560, 0.015049
1639, 0.338330, 0.014122
1640, 0.338130, 0.015127
1641, 0.338850, 0.014469
1642, 0.338230, 0.014824
1643, 0.338560, 0.014736
1644, 0.338150, 0.013698
1645, 0.338260, 0.014667
1646, 0.338620, 0.014140
1647, 0.338600, 0.015029
1648, 0.338230, 0.015201
1649, 0.338490, 0.013619
1650, 0.338020, 0.014926
1651, 0.338570, 0.013660
1652, 0.338370, 0.014995
1653, 0.338530, 0.014384
1654, 0.338720, 0.014118
1655, 0.338290, 0.014800
1656, 0.338570, 0.013995
1657, 0.338540, 0.015434
1658, 0.338570, 0.014889
1659, 0.338450, 0.014810
1660, 0.338400, 0.015313
1661, 0.338540, 0.013997
1662, 0.338380, 0.014989
1663, 0.338220, 0.015267
1664, 0.338560, 0.013962
1665, 0.338570, 0.014918
1666, 0.338690, 0.013663
1667, 0.338590, 0.015216
1668, 0.338480, 0.014931
1669, 0.338810, 0.014022
1670, 0.338180, 0.015110
1671, 0.338690, 0.013840
1672, 0.338370, 0.015163
1673, 0.338300, 0.015240
1674, 0.338600, 0.014175
1675, 0.338110, 0.014883
1676, 0.338550, 0.014091
1677, 0.338590, 0.014652
1678, 0.338650, 0.015046
1679, 0.338830, 0.014124
1680, 0.338340, 0.014623
1681, 0.338520, 0.014014
1682, 0.338650, 0.015625
1683, 0.338340, 0.014808
1684, 0.338510, 0.014174
1685, 0.338510, 0.014738
1686, 0.338300, 0.014176
1687, 0.338230, 0.014976
1688, 0.338440, 0.014601
1689, 0.338670, 0.014453
1690, 0.338860, 0.015339
1691, 0.338490, 0.014179
1692, 0.338220, 0.014535
1693, 0.338390, 0.014379
1694, 0.338490, 0.014046
1695, 0.338360, 0.014830
1696, 0.338330, 0.013874
1697, 0.338060, 0.014967
1698, 0.338110, 0.014795
1699, 0.338550, 0.014514
1700, 0.338470, 0.015363
1701, 0.338300, 0.013802
1702, 0.338880, 0.015424
1703, 0.338230, 0.014534
1704, 0.338650, 0.013871
1705, 0.338350, 0.015185
1706, 0.338270, 0.014129
1707, 0.338650, 0.015523
1708, 0.338440, 0.015314
1709, 0.338210, 0.014065
1710, 0.338670, 0.014746
1711, 0.338200, 0.013936
1712, 0.338540, 0.014707
1713, 0.338540, 0.015125
1714, 0.338660, 0.014246
1715, 0.338490, 0.015109
1716, 0.338290, 0.014095
1717, 0.338360, 0.014832
1718, 0.338380, 0.014680
1719, 0.338180, 0.013960
1720, 0.338340, 0.014802
1721, 0.338120, 0.014000
1722, 0.338520, 0.015278
1723, 0.338440, 0.014862
1724, 0.338440, 0.014521
1725, 0.338580, 0.014702
1726, 0.338640, 0.014233
1727, 0.338330, 0.015334
1728, 0.338590, 0.014997
1729, 0.338310, 0.014414
1730, 0.338770, 0.015111
1731, 0.338290, 0.014253
1732, 0.338430, 0.015786
1733, 0.338170, 0.014981
1734, 0.338190, 0.014332
1735, 0.338590, 0.015019
1736, 0.338450, 0.014409
1737, 0.338730, 0.015651
1738, 0.338610, 0.015135
1739, 0.338150, 0.014049
1740, 0.338670, 0.015434
1741, 0.338470, 0.013391
1742, 0.338380, 0.015460
1743, 0.338330, 0.014933
1744, 0.338230, 0.014423
1745, 0.338380, 0.015458
1746, 0.338490, 0.014138
1747, 0.338440, 0.015091
1748, 0.338450, 0.014899
1749, 0.338400, 0.014709
1750, 0.338700, 0.015207
1751, 0.338560, 0.014420
1752, 0.338220, 0.014745
1753, 0.338270, 0.014506
1754, 0.338410, 0.014091
1755, 0.338570, 0.014933
1756, 0.338250, 0.014724
1757, 0.338190, 0.015708
1758, 0.338360, 0.015081
1759, 0.338470, 0.014322
1760, 0.338630, 0.015439
1761, 0.338710, 0.014249
1762, 0.338240, 0.015224
1763, 0.338370, 0.014960
1764, 0.338380, 0.014704
1765, 0.338420, 0.015409
1766, 0.338290, 0.014590
1767, 0.338220, 0.015483
1768, 0.338460, 0.014998
1769, 0.338250, 0.014599
1770, 0.338330, 0.015067
1771, 0.338520, 0.014381
1772, 0.338380, 0.015808
1773, 0.338530, 0.015603
1774, 0.338500, 0.014765
1775, 0.338690, 0.015022
1776, 0.338380, 0.014260
1777, 0.338170, 0.015408
1778, 0.338590, 0.015556
1779, 0.338230, 0.014324
1780, 0.338350, 0.015370
1781, 0.338310, 0.014326
1782, 0.338270, 0.015562
1783, 0.338810, 0.015572
1784, 0.338420, 0.014298
1785, 0.338520, 0.015374
1786, 0.338380, 0.013848
1787, 0.338460, 0.014814
1788, 0.338340, 0.015517
1789, 0.338540, 0.014671
1790, 0.338230, 0.015156
1791, 0.338370, 0.014599
1792, 0.338340, 0.014943
1793, 0.338350, 0.014976
1794, 0.338310, 0.014561
1795, 0.338740, 0.015430
1796, 0.338480, 0.014209
1797, 0.338790, 0.015585
1798, 0.338340, 0.014945
1799, 0.338590, 0.014834
1800, 0.338060, 0.014819
1801, 0.338360, 0.014205
1802, 0.338330, 0.015029
1803, 0.338440, 0.015323
1804, 0.338500, 0.014311
1805, 0.338000, 0.015308
1806, 0.338630, 0.014280
1807, 0.338410, 0.014628
1808, 0.338380, 0.015648
1809, 0.338790, 0.013984
1810, 0.338110, 0.015254
1811, 0.338820, 0.013767
1812, 0.338480, 0.014995
1813, 0.338220, 0.015182
1814, 0.338170, 0.013836
1815, 0.338270, 0.014718
1816, 0.338380, 0.014733
1817, 0.338310, 0.015169
1818, 0.338310, 0.015339
1819, 0.338540, 0.014329
1820, 0.338550, 0.015090
1821, 0.338800, 0.014380
1822, 0.338380, 0.014800
1823, 0.338410, 0.015021
1824, 0.338170, 0.014696
1825, 0.338150, 0.014591
1826, 0.338660, 0.014254
1827, 0.338370, 0.015101
1828, 0.338330, 0.015062
1829, 0.338640, 0.014055
1830, 0.338300, 0.014629
1831, 0.338750, 0.014593
1832, 0.338620, 0.014971
1833, 0.338390, 0.014873
1834, 0.338690, 0.014545
1835, 0.338330, 0.015249
1836, 0.338640, 0.014669
1837, 0.338270, 0.014346
1838, 0.338210, 0.015653
1839, 0.338690, 0.014568
1840, 0.338070, 0.014776
1841, 0.338630, 0.015138
1842, 0.338370, 0.014001
1843, 0.338420, 0.015713
1844, 0.338900, 0.013859
1845, 0.338360, 0.014881
1846, 0.338690, 0.014932
1847, 0.338520, 0.013870
1848, 0.338100, 0.014692
1849, 0.338690, 0.014495
1850, 0.338400, 0.015234
1851, 0.338460, 0.015352
1852, 0.338140, 0.014095
1853, 0.338080, 0.014611
1854, 0.338840, 0.013822
1855, 0.338460, 0.015159
1856, 0.338410, 0.014715
1857, 0.338520, 0.014418
1858, 0.337920, 0.014799
1859, 0.338670, 0.014220
1860, 0.338280, 0.015160
1861, 0.338360, 0.015354
1862, 0.338300, 0.014047
1863, 0.338250, 0.015310
1864, 0.338520, 0.013987
1865, 0.338270, 0.014686
1866, 0.338610, 0.015181
1867, 0.338630, 0.014359
1868, 0.339110, 0.015172
1869, 0.338510, 0.014411
1870, 0.338410, 0.014846
1871, 0.338530, 0.015227
1872, 0.338720, 0.014122
1873, 0.338230, 0.015210
1874, 0.338460, 0.014216
1875, 0.338520, 0.014731
1876, 0.338030, 0.015034
1877, 0.338970, 0.014790
1878, 0.338640, 0.015127
1879, 0.338620, 0.014042
1880, 0.338870, 0.015048
1881, 0.338390, 0.015216
1882, 0.338930, 0.014478
1883, 0.338450, 0.015566
1884, 0.338410, 0.014458
1885, 0.338270, 0.014428
1886, 0.338160, 0.014963
1887, 0.338660, 0.014235
1888, 0.338330, 0.015039
1889, 0.338250, 0.014091
1890, 0.338640, 0.014916
1891, 0.338350, 0.015323
1892, 0.338770, 0.014063
1893, 0.338220, 0.015085
1894, 0.338460, 0.014929
1895, 0.338400, 0.015186
1896, 0.338100, 0.014907
1897, 0.338500, 0.014090
1898, 0.338050, 0.014894
1899, 0.338130, 0.014062
1900, 0.338180, 0.014674
1901, 0.338390, 0.015030
1902, 0.338380, 0.013810
1903, 0.338450, 0.015189
1904, 0.338300, 0.013830
1905, 0.338250, 0.014840
1906, 0.338230, 0.014786
1907, 0.338440, 0.014098
1908, 0.338470, 0.015132
1909, 0.338070, 0.014425
1910, 0.338230, 0.014570
1911, 0.338170, 0.015082
1912, 0.338370, 0.014362
1913, 0.338600, 0.014844
1914, 0.338180, 0.014312
1915, 0.338690, 0.014708
1916, 0.338510, 0.015282
1917, 0.338170, 0.013751
1918, 0.338400, 0.014709
1919, 0.338210, 0.014166
1920, 0.338510, 0.015099
1921, 0.338280, 0.014853
1922, 0.338230, 0.014043
1923, 0.338370, 0.015248
1924, 0.338150, 0.014505
1925, 0.338720, 0.015122
1926, 0.338760, 0.015775
1927, 0.338560, 0.014399
1928, 0.338720, 0.014862
1929, 0.338530, 0.014221
1930, 0.338390, 0.014547
1931, 0.338280, 0.014625
1932, 0.338120, 0.013638
1933, 0.338420, 0.015756
1934, 0.338200, 0.014146
1935, 0.338180, 0.015587
1936, 0.338350, 0.015085
1937, 0.338410, 0.013928
1938, 0.338590, 0.014914
1939, 0.338430, 0.014113
1940, 0.338600, 0.014940
1941, 0.338350, 0.015472
1942, 0.338200, 0.014625
1943, 0.338620, 0.014913
1944, 0.338310, 0.014056
1945, 0.338270, 0.014832
1946, 0.338280, 0.014776
1947, 0.338080, 0.013777
1948, 0.338480, 0.015627
1949, 0.338580, 0.014154
1950, 0.338530, 0.015378
1951, 0.338530, 0.015014
1952, 0.338210, 0.013695
1953, 0.338330, 0.014636
1954, 0.338590, 0.014571
1955, 0.338300, 0.015237
1956, 0.338330, 0.015131
1957, 0.338280, 0.014279
1958, 0.338540, 0.015162
1959, 0.338160, 0.014095
1960, 0.338540, 0.015150
1961, 0.338510, 0.015441
1962, 0.338290, 0.014129
1963, 0.338880, 0.015149
1964, 0.338250, 0.014185
1965, 0.338350, 0.015218
1966, 0.338420, 0.015193
1967, 0.338300, 0.013881
1968, 0.338280, 0.015219
1969, 0.338350, 0.013968
1970, 0.338120, 0.014753
1971, 0.338200, 0.014607
1972, 0.338650, 0.013532
1973, 0.338580, 0.014849
1974, 0.338210, 0.014154
1975, 0.338440, 0.015348
1976, 0.338340, 0.014917
1977, 0.338460, 0.014381
1978, 0.338320, 0.014609
1979, 0.338180, 0.013706
1980, 0.338040, 0.015190
1981, 0.338290, 0.014995
1982, 0.338640, 0.014214
1983, 0.338100, 0.015219
1984, 0.338560, 0.014667
1985, 0.338160, 0.014827
1986, 0.338580, 0.014855
1987, 0.338600, 0.013951
1988, 0.338300, 0.014921
1989, 0.338420, 0.013967
1990, 0.337970, 0.014722
1991, 0.338740, 0.015173
1992, 0.338380, 0.014555
1993, 0.338160, 0.014835
1994, 0.338270, 0.014477
1995, 0.338290, 0.014022
1996, 0.338460, 0.015046
1997, 0.338400, 0.014274
1998, 0.338100, 0.015112
1999, 0.338430, 0.013553
2000, 0.338420, 0.015257
2001, 0.338380, 0.014623
