Container_size, 4194304,key_space, 18504
request bin, mean_latency, sd
0, 6.651570, 0.641679
1, 0.436440, 0.296054
2, 0.354980, 0.107353
3, 0.339590, 0.044490
4, 0.333590, 0.024155
5, 0.333120, 0.022696
6, 0.328840, 0.018108
7, 0.328640, 0.016922
8, 0.332430, 0.024237
9, 0.329230, 0.018911
10, 0.325890, 0.012516
11, 0.324700, 0.012881
12, 0.325630, 0.015286
13, 0.325780, 0.015738
14, 0.324000, 0.011301
15, 0.324590, 0.011593
16, 0.324590, 0.012177
17, 0.324090, 0.011007
18, 0.324720, 0.013179
19, 0.324460, 0.011678
20, 0.322430, 0.005358
21, 0.322300, 0.008316
22, 0.322660, 0.008159
23, 0.322940, 0.008664
24, 0.324090, 0.010785
25, 0.324480, 0.012400
26, 0.322080, 0.005614
27, 0.321990, 0.005386
28, 0.322780, 0.007555
29, 0.321990, 0.005796
30, 0.321870, 0.005399
31, 0.321970, 0.005787
32, 0.322540, 0.007969
33, 0.322750, 0.008232
34, 0.322450, 0.007640
35, 0.322490, 0.009055
36, 0.322240, 0.005699
37, 0.321650, 0.005294
38, 0.322730, 0.008397
39, 0.321850, 0.005673
40, 0.321950, 0.005054
41, 0.321950, 0.005565
42, 0.322490, 0.007590
43, 0.321790, 0.005854
44, 0.322880, 0.008222
45, 0.321890, 0.005153
46, 0.321890, 0.005770
47, 0.321880, 0.005450
48, 0.322010, 0.005647
49, 0.322060, 0.005616
50, 0.321840, 0.005196
51, 0.321830, 0.005734
52, 0.321860, 0.005223
53, 0.322170, 0.005952
54, 0.321900, 0.005797
55, 0.321890, 0.005181
56, 0.321820, 0.005558
57, 0.322060, 0.005161
58, 0.321810, 0.005564
59, 0.322080, 0.005582
60, 0.321690, 0.005268
61, 0.322190, 0.005714
62, 0.321790, 0.005170
63, 0.321940, 0.005824
64, 0.322010, 0.005854
65, 0.322400, 0.004988
66, 0.322040, 0.005627
67, 0.321950, 0.005072
68, 0.321770, 0.005585
69, 0.322320, 0.005715
70, 0.321880, 0.005185
71, 0.321930, 0.005703
72, 0.321960, 0.005259
73, 0.321980, 0.005812
74, 0.322080, 0.005592
75, 0.322030, 0.005059
76, 0.321920, 0.005976
77, 0.322070, 0.005129
78, 0.321850, 0.005719
79, 0.321850, 0.005766
80, 0.321800, 0.005167
81, 0.322280, 0.005817
82, 0.322170, 0.005183
83, 0.321780, 0.005495
84, 0.321810, 0.005732
85, 0.321670, 0.005263
86, 0.322140, 0.005666
87, 0.322130, 0.005388
88, 0.321800, 0.005696
89, 0.321810, 0.005799
90, 0.321810, 0.005190
91, 0.321770, 0.005468
92, 0.321750, 0.005011
93, 0.321960, 0.005753
94, 0.321880, 0.005845
95, 0.321810, 0.005094
96, 0.321710, 0.005593
97, 0.321960, 0.005183
98, 0.322090, 0.006022
99, 0.322120, 0.005771
100, 0.322000, 0.005169
101, 0.322040, 0.005743
102, 0.321710, 0.005170
103, 0.321950, 0.005687
104, 0.321950, 0.005735
105, 0.321780, 0.005049
106, 0.322060, 0.005848
107, 0.322110, 0.005488
108, 0.321950, 0.005397
109, 0.321860, 0.005517
110, 0.321940, 0.005459
111, 0.322260, 0.005630
112, 0.321810, 0.005234
113, 0.321910, 0.005807
114, 0.321980, 0.005593
115, 0.321930, 0.005072
116, 0.322000, 0.005643
117, 0.321820, 0.005131
118, 0.322040, 0.005863
119, 0.321940, 0.005699
120, 0.321760, 0.005052
121, 0.321900, 0.005806
122, 0.321650, 0.005162
123, 0.321950, 0.005599
124, 0.321970, 0.005545
125, 0.321900, 0.005009
126, 0.321970, 0.005622
127, 0.321720, 0.005095
128, 0.322010, 0.005658
129, 0.322260, 0.005594
130, 0.321880, 0.005303
131, 0.322210, 0.005705
132, 0.322040, 0.005415
133, 0.321670, 0.005731
134, 0.321890, 0.005625
135, 0.321770, 0.005276
136, 0.322020, 0.005793
137, 0.322040, 0.005097
138, 0.321900, 0.005711
139, 0.322010, 0.005698
140, 0.321720, 0.005359
141, 0.321910, 0.005532
142, 0.321820, 0.005425
143, 0.322200, 0.005783
144, 0.322000, 0.005880
145, 0.322050, 0.005365
146, 0.321910, 0.005896
147, 0.321680, 0.005051
148, 0.322100, 0.005844
149, 0.321930, 0.005714
150, 0.321910, 0.005083
151, 0.321770, 0.005526
152, 0.321900, 0.005145
153, 0.322000, 0.005510
154, 0.321910, 0.005814
155, 0.322040, 0.005257
156, 0.322110, 0.005706
157, 0.321920, 0.005245
158, 0.321650, 0.005707
159, 0.321830, 0.005588
160, 0.322010, 0.005139
161, 0.322010, 0.005696
162, 0.321940, 0.005065
163, 0.321920, 0.005614
164, 0.321680, 0.005711
165, 0.322020, 0.005331
166, 0.321970, 0.005910
167, 0.321700, 0.005096
168, 0.322020, 0.005815
169, 0.322020, 0.005750
170, 0.321820, 0.004963
171, 0.321960, 0.005687
172, 0.321970, 0.005129
173, 0.322130, 0.005720
174, 0.321960, 0.005692
175, 0.321800, 0.005040
176, 0.322100, 0.005572
177, 0.321740, 0.005249
178, 0.321960, 0.005971
179, 0.321840, 0.005589
180, 0.321750, 0.005112
181, 0.322100, 0.005737
182, 0.321870, 0.005279
183, 0.321980, 0.005659
184, 0.321660, 0.005568
185, 0.321930, 0.005345
186, 0.321930, 0.005629
187, 0.321810, 0.005349
188, 0.322130, 0.005688
189, 0.322040, 0.005945
190, 0.321910, 0.005282
191, 0.321890, 0.005678
192, 0.321610, 0.005207
193, 0.322140, 0.005753
194, 0.321960, 0.005637
195, 0.321720, 0.005189
196, 0.321900, 0.005588
197, 0.321920, 0.005201
198, 0.322070, 0.005652
199, 0.322120, 0.005850
200, 0.321780, 0.005170
201, 0.321840, 0.005944
202, 0.321830, 0.005198
203, 0.321810, 0.005801
204, 0.321910, 0.005724
205, 0.321890, 0.005116
206, 0.321900, 0.005763
207, 0.321890, 0.005729
208, 0.321800, 0.005073
209, 0.321740, 0.005630
210, 0.321930, 0.005082
211, 0.322130, 0.005775
212, 0.322080, 0.005868
213, 0.321760, 0.005290
214, 0.321890, 0.005873
215, 0.321910, 0.005497
216, 0.322040, 0.005669
217, 0.321830, 0.005577
218, 0.322280, 0.005402
219, 0.321840, 0.005683
220, 0.321650, 0.005254
221, 0.321960, 0.005641
222, 0.322040, 0.005676
223, 0.322050, 0.005337
224, 0.322080, 0.005681
225, 0.321640, 0.005232
226, 0.321900, 0.005640
227, 0.321900, 0.005808
228, 0.322020, 0.005156
229, 0.321800, 0.005724
230, 0.321980, 0.005126
231, 0.321970, 0.005749
232, 0.321810, 0.005667
233, 0.322010, 0.005292
234, 0.321980, 0.005514
235, 0.322000, 0.005372
236, 0.321940, 0.005739
237, 0.321900, 0.005784
238, 0.321760, 0.005181
239, 0.321970, 0.005920
240, 0.321790, 0.005224
241, 0.321870, 0.005893
242, 0.321860, 0.005704
243, 0.322030, 0.005094
244, 0.321960, 0.005694
245, 0.321620, 0.005293
246, 0.321800, 0.005807
247, 0.322830, 0.008832
248, 0.321820, 0.005271
249, 0.322090, 0.005683
250, 0.321900, 0.005237
251, 0.322090, 0.005804
252, 0.321910, 0.005572
253, 0.321720, 0.005173
254, 0.321970, 0.005740
255, 0.322080, 0.005122
256, 0.321940, 0.005657
257, 0.322070, 0.005910
258, 0.321990, 0.005324
259, 0.321850, 0.005776
260, 0.322020, 0.005173
261, 0.322160, 0.005801
262, 0.321810, 0.005681
263, 0.321940, 0.005081
264, 0.321910, 0.005559
265, 0.321840, 0.005247
266, 0.321890, 0.005697
267, 0.322030, 0.005679
268, 0.322010, 0.005180
269, 0.321960, 0.005961
270, 0.321880, 0.005341
271, 0.321730, 0.005639
272, 0.322000, 0.005641
273, 0.321880, 0.005109
274, 0.321910, 0.005745
275, 0.321760, 0.005316
276, 0.321930, 0.005670
277, 0.321770, 0.005751
278, 0.321840, 0.005171
279, 0.321700, 0.005780
280, 0.322230, 0.005396
281, 0.321830, 0.005846
282, 0.321650, 0.005643
283, 0.321610, 0.005433
284, 0.322070, 0.005816
285, 0.321780, 0.005184
286, 0.321980, 0.005795
287, 0.321720, 0.005889
288, 0.322000, 0.005022
289, 0.322080, 0.005709
290, 0.322060, 0.005213
291, 0.321870, 0.005732
292, 0.322020, 0.005535
293, 0.321660, 0.005109
294, 0.321680, 0.005683
295, 0.321920, 0.005249
296, 0.321860, 0.005722
297, 0.322080, 0.005699
298, 0.321730, 0.004976
299, 0.322050, 0.005668
300, 0.321780, 0.005230
301, 0.322050, 0.005638
302, 0.321870, 0.005677
303, 0.321860, 0.005387
304, 0.321860, 0.005781
305, 0.322080, 0.005232
306, 0.321910, 0.005433
307, 0.321880, 0.005622
308, 0.321740, 0.005205
309, 0.322070, 0.005698
310, 0.321790, 0.005141
311, 0.321920, 0.005711
312, 0.321910, 0.005685
313, 0.321910, 0.005132
314, 0.321790, 0.005838
315, 0.321850, 0.005149
316, 0.321900, 0.005857
317, 0.322260, 0.005817
318, 0.321810, 0.005186
319, 0.321510, 0.005693
320, 0.321780, 0.005195
321, 0.321850, 0.005723
322, 0.322290, 0.005724
323, 0.321970, 0.005379
324, 0.321910, 0.005733
325, 0.321830, 0.005324
326, 0.322000, 0.005602
327, 0.321850, 0.005693
328, 0.322000, 0.005144
329, 0.322100, 0.005711
330, 0.321970, 0.005419
331, 0.321850, 0.005472
332, 0.321940, 0.005637
333, 0.321530, 0.005290
334, 0.322030, 0.005629
335, 0.321960, 0.005138
336, 0.322050, 0.005687
337, 0.321920, 0.005713
338, 0.321660, 0.005092
339, 0.321820, 0.005362
340, 0.321880, 0.005189
341, 0.321820, 0.005668
342, 0.322080, 0.005556
343, 0.321690, 0.005270
344, 0.321760, 0.005625
345, 0.321840, 0.005180
346, 0.322180, 0.005654
347, 0.322020, 0.005692
348, 0.322040, 0.005253
349, 0.321750, 0.005638
350, 0.321830, 0.005252
351, 0.322030, 0.005710
352, 0.321900, 0.005590
353, 0.321800, 0.005152
354, 0.321950, 0.005654
355, 0.321940, 0.005169
356, 0.321710, 0.005622
357, 0.322090, 0.005745
358, 0.321810, 0.005314
359, 0.322150, 0.005891
360, 0.321540, 0.005287
361, 0.322010, 0.005733
362, 0.321880, 0.005608
363, 0.322070, 0.005172
364, 0.321920, 0.005747
365, 0.322200, 0.005682
366, 0.321810, 0.005836
367, 0.322090, 0.005616
368, 0.321970, 0.005011
369, 0.321810, 0.005647
370, 0.321680, 0.005010
371, 0.322120, 0.005828
372, 0.321760, 0.005841
373, 0.322070, 0.005056
374, 0.322020, 0.005692
375, 0.321930, 0.005227
376, 0.321800, 0.005680
377, 0.321870, 0.005605
378, 0.321830, 0.005200
379, 0.322180, 0.005597
380, 0.322090, 0.005191
381, 0.321780, 0.005656
382, 0.321960, 0.005901
383, 0.321640, 0.005207
384, 0.322070, 0.005671
385, 0.321900, 0.005212
386, 0.321820, 0.005773
387, 0.321820, 0.005677
388, 0.321890, 0.005219
389, 0.321850, 0.005579
390, 0.321810, 0.005170
391, 0.321980, 0.005790
392, 0.321870, 0.005787
393, 0.321700, 0.005354
394, 0.322060, 0.005727
395, 0.321540, 0.005143
396, 0.322020, 0.005680
397, 0.321910, 0.005659
398, 0.321930, 0.005100
399, 0.321780, 0.005690
400, 0.322020, 0.005225
401, 0.321890, 0.005718
402, 0.322020, 0.005673
403, 0.321730, 0.005089
404, 0.322060, 0.005651
405, 0.321970, 0.005656
406, 0.321760, 0.005548
407, 0.322040, 0.005580
408, 0.321770, 0.005200
409, 0.322010, 0.005992
410, 0.321840, 0.005120
411, 0.321840, 0.005702
412, 0.322120, 0.005682
413, 0.321930, 0.005191
414, 0.321860, 0.006012
415, 0.321870, 0.005601
416, 0.321970, 0.005543
417, 0.322000, 0.005697
418, 0.321700, 0.005283
419, 0.322050, 0.005721
420, 0.321700, 0.005652
421, 0.322050, 0.005104
422, 0.321790, 0.005645
423, 0.322100, 0.005153
424, 0.321870, 0.005578
425, 0.321810, 0.005739
426, 0.321890, 0.005089
427, 0.321710, 0.005677
428, 0.321660, 0.005343
429, 0.322270, 0.005829
430, 0.321820, 0.005883
431, 0.321870, 0.005489
432, 0.321940, 0.005701
433, 0.321750, 0.005322
434, 0.321970, 0.006051
435, 0.321970, 0.005742
436, 0.321790, 0.005339
437, 0.321910, 0.005655
438, 0.321730, 0.005184
439, 0.321830, 0.005807
440, 0.322020, 0.005526
441, 0.322190, 0.005366
442, 0.322000, 0.005814
443, 0.321520, 0.005205
444, 0.322160, 0.005519
445, 0.321690, 0.005730
446, 0.321940, 0.005390
447, 0.321810, 0.005644
448, 0.321980, 0.005154
449, 0.321920, 0.005753
450, 0.322000, 0.005914
451, 0.321800, 0.005227
452, 0.321890, 0.005611
453, 0.322000, 0.005753
454, 0.322180, 0.005695
455, 0.321890, 0.005737
456, 0.321700, 0.005176
457, 0.321840, 0.005612
458, 0.321960, 0.005204
459, 0.321900, 0.005775
460, 0.322090, 0.005788
461, 0.321780, 0.005281
462, 0.321980, 0.006309
463, 0.321710, 0.005288
464, 0.322030, 0.005771
465, 0.321870, 0.005674
466, 0.321900, 0.005289
467, 0.322090, 0.005738
468, 0.321760, 0.005374
469, 0.321880, 0.005661
470, 0.321820, 0.005714
471, 0.321970, 0.005478
472, 0.321870, 0.005707
473, 0.321870, 0.005458
474, 0.321950, 0.005782
475, 0.321970, 0.005731
476, 0.321820, 0.005216
477, 0.321890, 0.005704
478, 0.321890, 0.005073
479, 0.321890, 0.005692
480, 0.321970, 0.005606
481, 0.321750, 0.005354
482, 0.321730, 0.005658
483, 0.321880, 0.005250
484, 0.321850, 0.005876
485, 0.322030, 0.005710
486, 0.321950, 0.005131
487, 0.321840, 0.005774
488, 0.322080, 0.005262
489, 0.321790, 0.005663
490, 0.321750, 0.005763
491, 0.322240, 0.005435
492, 0.322020, 0.005767
493, 0.321780, 0.005255
494, 0.321830, 0.005623
495, 0.321870, 0.005651
496, 0.321830, 0.005208
497, 0.322090, 0.005532
498, 0.321860, 0.005095
499, 0.322030, 0.005700
500, 0.321940, 0.005600
501, 0.321570, 0.005074
502, 0.321820, 0.005509
503, 0.321990, 0.005088
504, 0.322030, 0.005775
505, 0.321900, 0.005663
506, 0.321710, 0.005266
507, 0.321880, 0.005724
508, 0.322010, 0.005021
509, 0.321860, 0.005586
510, 0.321870, 0.005732
511, 0.321880, 0.005187
512, 0.321780, 0.005944
513, 0.322270, 0.005267
514, 0.322050, 0.005627
515, 0.321980, 0.005468
516, 0.321970, 0.005262
517, 0.322180, 0.005845
518, 0.321840, 0.005693
519, 0.321850, 0.005859
520, 0.322130, 0.005646
521, 0.321890, 0.005182
522, 0.321830, 0.005676
523, 0.321800, 0.005344
524, 0.321830, 0.005715
525, 0.321960, 0.005717
526, 0.321850, 0.005187
527, 0.321840, 0.005753
528, 0.321850, 0.005347
529, 0.321920, 0.005619
530, 0.321860, 0.005845
531, 0.321850, 0.005324
532, 0.321750, 0.005696
533, 0.322060, 0.005198
534, 0.321780, 0.005754
535, 0.321880, 0.005640
536, 0.321940, 0.005108
537, 0.322090, 0.005600
538, 0.321790, 0.005231
539, 0.321730, 0.005819
540, 0.322000, 0.005643
541, 0.321990, 0.005366
542, 0.321960, 0.005600
543, 0.321750, 0.005269
544, 0.321700, 0.005624
545, 0.322030, 0.005677
546, 0.321860, 0.005276
547, 0.321930, 0.005719
548, 0.321860, 0.005357
549, 0.322150, 0.005643
550, 0.321950, 0.005597
551, 0.321770, 0.005255
552, 0.321890, 0.005877
553, 0.322050, 0.004963
554, 0.322120, 0.005657
555, 0.321740, 0.005594
556, 0.321920, 0.005262
557, 0.322040, 0.005660
558, 0.321830, 0.005171
559, 0.322020, 0.005715
560, 0.321810, 0.005674
561, 0.321940, 0.004978
562, 0.321670, 0.005555
563, 0.321670, 0.005175
564, 0.321890, 0.005880
565, 0.321960, 0.005501
566, 0.322020, 0.005126
567, 0.321720, 0.005748
568, 0.321770, 0.005274
569, 0.321790, 0.005775
570, 0.321960, 0.005524
571, 0.321950, 0.005027
572, 0.321970, 0.005698
573, 0.321800, 0.005105
574, 0.321700, 0.005633
575, 0.321980, 0.005879
576, 0.321800, 0.005079
577, 0.321980, 0.005623
578, 0.321910, 0.005206
579, 0.321990, 0.005491
580, 0.321610, 0.005741
581, 0.321820, 0.005231
582, 0.322030, 0.005799
583, 0.321810, 0.005149
584, 0.322020, 0.005812
585, 0.321900, 0.005590
586, 0.321570, 0.005146
587, 0.321940, 0.005813
588, 0.321830, 0.005240
589, 0.321880, 0.005599
590, 0.322060, 0.005782
591, 0.321750, 0.005247
592, 0.321960, 0.005758
593, 0.321810, 0.005096
594, 0.321770, 0.005694
595, 0.322170, 0.005593
596, 0.321870, 0.005104
597, 0.321820, 0.005633
598, 0.322070, 0.005583
599, 0.321980, 0.005605
600, 0.321880, 0.005640
601, 0.321520, 0.005110
602, 0.321830, 0.005745
603, 0.321960, 0.005200
604, 0.321810, 0.005449
605, 0.321870, 0.005669
606, 0.321580, 0.005117
607, 0.321810, 0.005810
608, 0.321880, 0.005222
609, 0.322040, 0.005793
610, 0.321840, 0.005727
611, 0.321750, 0.005043
612, 0.321880, 0.005636
613, 0.321800, 0.005036
614, 0.321910, 0.005816
615, 0.322040, 0.005578
616, 0.321940, 0.005234
617, 0.321700, 0.005804
618, 0.321870, 0.005234
619, 0.321670, 0.005639
620, 0.321930, 0.005634
621, 0.321930, 0.005404
622, 0.321880, 0.005633
623, 0.322080, 0.005610
624, 0.321680, 0.005261
625, 0.321890, 0.005683
626, 0.321660, 0.005032
627, 0.322070, 0.005593
628, 0.322060, 0.005734
629, 0.321690, 0.005083
630, 0.321640, 0.005647
631, 0.321690, 0.005163
632, 0.322140, 0.005774
633, 0.322240, 0.005698
634, 0.322090, 0.005346
635, 0.321820, 0.005482
636, 0.321940, 0.005101
637, 0.321790, 0.005579
638, 0.321980, 0.005725
639, 0.321810, 0.005232
640, 0.322120, 0.005785
641, 0.321860, 0.005206
642, 0.321630, 0.005683
643, 0.322020, 0.005788
644, 0.322130, 0.005188
645, 0.321940, 0.005741
646, 0.322160, 0.005280
647, 0.321710, 0.005625
648, 0.321980, 0.005741
649, 0.321930, 0.005020
650, 0.321860, 0.005566
651, 0.321600, 0.005099
652, 0.322010, 0.005730
653, 0.321870, 0.005672
654, 0.321730, 0.005146
655, 0.322000, 0.005896
656, 0.321630, 0.005145
657, 0.322080, 0.005730
658, 0.321870, 0.005799
659, 0.321770, 0.005140
660, 0.321890, 0.005594
661, 0.321910, 0.005189
662, 0.321960, 0.005681
663, 0.321690, 0.005535
664, 0.321800, 0.005350
665, 0.322170, 0.005727
666, 0.321940, 0.005374
667, 0.321870, 0.005535
668, 0.321840, 0.005707
669, 0.322010, 0.005349
670, 0.321930, 0.005618
671, 0.321870, 0.005031
672, 0.321930, 0.005500
673, 0.321840, 0.005632
674, 0.321850, 0.005100
675, 0.321990, 0.005563
676, 0.321560, 0.005102
677, 0.322090, 0.005687
678, 0.321960, 0.005720
679, 0.321730, 0.005010
680, 0.321820, 0.005761
681, 0.321930, 0.005250
682, 0.321920, 0.005808
683, 0.321910, 0.005662
684, 0.321680, 0.005223
685, 0.321960, 0.005755
686, 0.321650, 0.005288
687, 0.322090, 0.005746
688, 0.321820, 0.005647
689, 0.321830, 0.005280
690, 0.321920, 0.005812
691, 0.321790, 0.005301
692, 0.321800, 0.005644
693, 0.321820, 0.005677
694, 0.322000, 0.005297
695, 0.321920, 0.005635
696, 0.321970, 0.005100
697, 0.321620, 0.005641
698, 0.321950, 0.005826
699, 0.321810, 0.005112
700, 0.321950, 0.005675
701, 0.321710, 0.005121
702, 0.322340, 0.005811
703, 0.321770, 0.005829
704, 0.321790, 0.005254
705, 0.321960, 0.005578
706, 0.321940, 0.005071
707, 0.321750, 0.005663
708, 0.321910, 0.005722
709, 0.321530, 0.005319
710, 0.322080, 0.005794
711, 0.321920, 0.005182
712, 0.322040, 0.005637
713, 0.321870, 0.005562
714, 0.321920, 0.005300
715, 0.321810, 0.005667
716, 0.321730, 0.005138
717, 0.322330, 0.006033
718, 0.321940, 0.005596
719, 0.321980, 0.005091
720, 0.321760, 0.005650
721, 0.321740, 0.005053
722, 0.321960, 0.005730
723, 0.321940, 0.005878
724, 0.321770, 0.005274
725, 0.321880, 0.005781
726, 0.321650, 0.005108
727, 0.322030, 0.005719
728, 0.322080, 0.005723
729, 0.321780, 0.005323
730, 0.321930, 0.005579
731, 0.321890, 0.005089
732, 0.321930, 0.005566
733, 0.322070, 0.005812
734, 0.321770, 0.005442
735, 0.322010, 0.005719
736, 0.321750, 0.005266
737, 0.321780, 0.005640
738, 0.321930, 0.005771
739, 0.322170, 0.005331
740, 0.322140, 0.005865
741, 0.321670, 0.005396
742, 0.322210, 0.006330
743, 0.322170, 0.006223
744, 0.322050, 0.005491
745, 0.321920, 0.005688
746, 0.322080, 0.006076
747, 0.322530, 0.008836
748, 0.322560, 0.007764
749, 0.321860, 0.005385
750, 0.321830, 0.005639
751, 0.321850, 0.005231
752, 0.322200, 0.005781
753, 0.321840, 0.005882
754, 0.321760, 0.005237
755, 0.321710, 0.005677
756, 0.321940, 0.005196
757, 0.321950, 0.005795
758, 0.321990, 0.005844
759, 0.321610, 0.005196
760, 0.321860, 0.005791
761, 0.321800, 0.005252
762, 0.321810, 0.005784
763, 0.321850, 0.005775
764, 0.322060, 0.005215
765, 0.321800, 0.005605
766, 0.321640, 0.005114
767, 0.321880, 0.005694
768, 0.321910, 0.005870
769, 0.321870, 0.005114
770, 0.321830, 0.005769
771, 0.321650, 0.005189
772, 0.322120, 0.005680
773, 0.321830, 0.005690
774, 0.321860, 0.005288
775, 0.321880, 0.005640
776, 0.322050, 0.005224
777, 0.321940, 0.005695
778, 0.321950, 0.005687
779, 0.321900, 0.005193
780, 0.321920, 0.005948
781, 0.321930, 0.004924
782, 0.321940, 0.005848
783, 0.321860, 0.005734
784, 0.322000, 0.005208
785, 0.322160, 0.005993
786, 0.321860, 0.005250
787, 0.321960, 0.005692
788, 0.321550, 0.005672
789, 0.322250, 0.005283
790, 0.321920, 0.005649
791, 0.321890, 0.005353
792, 0.321910, 0.005760
793, 0.321970, 0.005612
794, 0.321840, 0.005293
795, 0.322100, 0.005816
796, 0.321660, 0.005170
797, 0.321950, 0.005620
798, 0.321820, 0.005680
799, 0.321810, 0.005245
800, 0.321900, 0.005702
801, 0.322190, 0.005155
802, 0.322090, 0.005848
803, 0.321790, 0.005766
804, 0.321670, 0.005235
805, 0.321740, 0.005856
806, 0.321890, 0.005198
807, 0.321860, 0.005666
808, 0.321770, 0.005667
809, 0.321840, 0.005141
810, 0.322050, 0.005714
811, 0.321770, 0.005071
812, 0.321780, 0.005754
813, 0.322160, 0.005974
814, 0.322010, 0.005351
815, 0.321880, 0.005696
816, 0.321820, 0.005307
817, 0.321750, 0.005716
818, 0.322440, 0.006868
819, 0.321940, 0.005304
820, 0.322040, 0.005729
821, 0.321800, 0.004992
822, 0.321950, 0.005658
823, 0.321830, 0.005602
824, 0.321850, 0.005193
825, 0.321910, 0.005942
826, 0.322140, 0.005173
827, 0.321740, 0.005592
828, 0.321700, 0.005617
829, 0.321830, 0.005299
830, 0.321880, 0.005942
831, 0.322080, 0.005674
832, 0.321720, 0.005244
833, 0.321860, 0.005614
834, 0.321840, 0.005171
835, 0.322020, 0.005706
836, 0.321760, 0.005928
837, 0.321760, 0.005229
838, 0.322070, 0.005884
839, 0.321990, 0.005317
840, 0.321920, 0.005647
841, 0.321890, 0.005722
842, 0.321590, 0.005152
843, 0.321980, 0.005715
844, 0.321610, 0.005255
845, 0.321880, 0.005503
846, 0.321850, 0.005601
847, 0.321880, 0.005024
848, 0.321970, 0.005818
849, 0.321830, 0.005273
850, 0.321700, 0.005565
851, 0.322190, 0.005742
852, 0.321990, 0.004975
853, 0.321890, 0.005560
854, 0.321860, 0.005292
855, 0.321960, 0.005753
856, 0.321850, 0.005789
857, 0.322270, 0.005238
858, 0.321780, 0.005491
859, 0.322030, 0.005243
860, 0.321830, 0.005648
861, 0.321680, 0.005683
862, 0.321820, 0.005131
863, 0.322200, 0.005807
864, 0.321910, 0.005130
865, 0.321700, 0.005642
866, 0.321870, 0.005746
867, 0.321680, 0.005167
868, 0.322060, 0.005687
869, 0.321820, 0.005023
870, 0.321990, 0.005852
871, 0.321790, 0.005726
872, 0.321900, 0.005125
873, 0.321860, 0.005653
874, 0.321820, 0.005045
875, 0.321740, 0.005574
876, 0.322030, 0.005597
877, 0.321620, 0.005027
878, 0.321820, 0.005554
879, 0.321730, 0.005144
880, 0.321970, 0.005737
881, 0.321940, 0.005715
882, 0.321850, 0.005273
883, 0.321800, 0.005492
884, 0.321760, 0.005326
885, 0.321790, 0.005566
886, 0.321770, 0.005711
887, 0.321840, 0.005280
888, 0.322100, 0.005823
889, 0.321900, 0.005110
890, 0.321730, 0.005594
891, 0.322090, 0.005726
892, 0.321760, 0.005284
893, 0.322200, 0.006073
894, 0.321710, 0.005090
895, 0.321860, 0.005659
896, 0.322000, 0.005643
897, 0.321820, 0.005143
898, 0.321960, 0.005503
899, 0.321730, 0.005219
900, 0.321860, 0.005613
901, 0.322110, 0.005743
902, 0.321810, 0.005077
903, 0.321830, 0.005669
904, 0.321730, 0.005310
905, 0.321970, 0.005674
906, 0.321750, 0.005714
907, 0.321810, 0.005098
908, 0.321960, 0.005612
909, 0.321960, 0.005177
910, 0.321910, 0.005616
911, 0.321700, 0.005827
912, 0.321720, 0.005083
913, 0.322230, 0.005746
914, 0.321850, 0.005214
915, 0.321810, 0.005649
916, 0.321860, 0.005692
917, 0.321570, 0.005248
918, 0.321970, 0.005594
919, 0.322100, 0.005174
920, 0.321940, 0.005515
921, 0.321920, 0.005711
922, 0.321800, 0.005248
923, 0.321670, 0.005653
924, 0.321940, 0.004996
925, 0.322330, 0.005894
926, 0.322110, 0.005807
927, 0.321760, 0.005296
928, 0.321850, 0.005666
929, 0.321800, 0.005122
930, 0.322120, 0.005691
931, 0.321910, 0.005701
932, 0.321750, 0.005041
933, 0.321910, 0.005683
934, 0.321720, 0.005152
935, 0.321920, 0.005626
936, 0.321860, 0.005621
937, 0.321940, 0.005213
938, 0.322110, 0.005723
939, 0.321690, 0.005368
940, 0.321820, 0.005577
941, 0.321900, 0.005645
942, 0.321970, 0.005235
943, 0.321870, 0.005753
944, 0.321950, 0.005166
945, 0.321840, 0.005688
946, 0.321910, 0.005630
947, 0.321890, 0.005194
948, 0.321890, 0.005666
949, 0.321630, 0.005075
950, 0.322150, 0.005913
951, 0.321960, 0.005621
952, 0.321510, 0.005125
953, 0.321970, 0.005647
954, 0.321680, 0.005079
955, 0.322090, 0.005750
956, 0.321890, 0.005751
957, 0.321710, 0.005264
958, 0.321990, 0.005659
959, 0.321770, 0.005291
960, 0.321820, 0.005698
961, 0.321870, 0.005841
962, 0.321880, 0.005332
963, 0.321980, 0.005725
964, 0.322080, 0.005528
965, 0.321900, 0.005702
966, 0.321860, 0.005720
967, 0.321900, 0.005264
968, 0.321990, 0.005902
969, 0.321930, 0.005101
970, 0.321980, 0.005701
971, 0.321790, 0.005849
972, 0.321830, 0.005318
973, 0.321790, 0.005928
974, 0.321790, 0.005125
975, 0.322220, 0.005927
976, 0.321960, 0.005739
977, 0.321690, 0.005033
978, 0.321830, 0.005729
979, 0.321960, 0.005140
980, 0.322270, 0.005781
981, 0.322280, 0.006098
982, 0.321800, 0.005048
983, 0.322240, 0.006005
984, 0.322000, 0.005523
985, 0.321890, 0.005664
986, 0.321870, 0.005827
987, 0.322100, 0.005112
988, 0.322130, 0.005786
989, 0.321860, 0.005437
990, 0.321940, 0.005708
991, 0.321890, 0.005584
992, 0.322050, 0.005315
993, 0.322080, 0.005617
994, 0.321830, 0.005125
995, 0.321980, 0.005921
996, 0.321830, 0.005957
997, 0.321900, 0.005260
998, 0.321890, 0.005591
999, 0.321780, 0.004997
1000, 0.322000, 0.005673
1001, 0.321980, 0.005683
1002, 0.321690, 0.005207
1003, 0.322020, 0.005612
1004, 0.321820, 0.005197
1005, 0.321980, 0.005618
1006, 0.321900, 0.005633
1007, 0.321700, 0.005343
1008, 0.321970, 0.005745
1009, 0.321660, 0.005042
1010, 0.321910, 0.005676
1011, 0.321770, 0.005713
1012, 0.321940, 0.005203
1013, 0.321910, 0.005731
1014, 0.321670, 0.005248
1015, 0.322010, 0.005723
1016, 0.321860, 0.005652
1017, 0.321820, 0.005125
1018, 0.321980, 0.005892
1019, 0.321790, 0.005199
1020, 0.322070, 0.005845
1021, 0.321920, 0.005829
1022, 0.321860, 0.005244
1023, 0.321820, 0.005787
1024, 0.322030, 0.005185
1025, 0.322770, 0.005770
1026, 0.322300, 0.005686
1027, 0.321790, 0.005286
1028, 0.321730, 0.005671
1029, 0.322020, 0.005305
1030, 0.322010, 0.005691
1031, 0.322130, 0.006081
1032, 0.321850, 0.005441
1033, 0.322000, 0.005680
1034, 0.321810, 0.005308
1035, 0.321720, 0.005743
1036, 0.322000, 0.005897
1037, 0.321960, 0.005148
1038, 0.321940, 0.005392
1039, 0.321920, 0.005753
1040, 0.321820, 0.005319
1041, 0.321850, 0.005783
1042, 0.321970, 0.005300
1043, 0.322070, 0.005641
1044, 0.321870, 0.005649
1045, 0.322020, 0.005169
1046, 0.321870, 0.005954
1047, 0.321960, 0.005276
1048, 0.321780, 0.005651
1049, 0.321970, 0.005644
1050, 0.322170, 0.005160
1051, 0.321720, 0.005646
1052, 0.321900, 0.005689
1053, 0.321860, 0.005620
1054, 0.322090, 0.005887
1055, 0.321800, 0.005236
1056, 0.322020, 0.005713
1057, 0.321580, 0.005133
1058, 0.321820, 0.005659
1059, 0.321780, 0.005730
1060, 0.321880, 0.005105
1061, 0.321830, 0.005694
1062, 0.321940, 0.004988
1063, 0.321870, 0.005853
1064, 0.321550, 0.005559
1065, 0.321620, 0.005108
1066, 0.321990, 0.005659
1067, 0.321810, 0.005240
1068, 0.322000, 0.005791
1069, 0.321790, 0.005684
1070, 0.322070, 0.005020
1071, 0.322180, 0.005590
1072, 0.321750, 0.005339
1073, 0.321820, 0.005696
1074, 0.322150, 0.005585
1075, 0.322080, 0.005102
1076, 0.321790, 0.005768
1077, 0.321890, 0.005130
1078, 0.321890, 0.005671
1079, 0.321820, 0.005698
1080, 0.321840, 0.005053
1081, 0.321860, 0.005604
1082, 0.321860, 0.005138
1083, 0.322030, 0.005842
1084, 0.321800, 0.005682
1085, 0.321740, 0.005090
1086, 0.321880, 0.005837
1087, 0.322070, 0.005168
1088, 0.321910, 0.005645
1089, 0.321840, 0.005751
1090, 0.321750, 0.005399
1091, 0.322020, 0.005578
1092, 0.321840, 0.005234
1093, 0.321950, 0.005717
1094, 0.321890, 0.005611
1095, 0.321770, 0.005085
1096, 0.321840, 0.005582
1097, 0.321730, 0.005238
1098, 0.321830, 0.005916
1099, 0.322190, 0.005683
1100, 0.321890, 0.005042
1101, 0.321810, 0.005633
1102, 0.321750, 0.005231
1103, 0.321770, 0.005741
1104, 0.321970, 0.005572
1105, 0.321840, 0.005027
1106, 0.321870, 0.005635
1107, 0.321910, 0.005183
1108, 0.321770, 0.005750
1109, 0.322040, 0.005776
1110, 0.321660, 0.005144
1111, 0.322120, 0.005814
1112, 0.322090, 0.005216
1113, 0.321660, 0.005566
1114, 0.321750, 0.005576
1115, 0.321740, 0.005308
1116, 0.321990, 0.005626
1117, 0.322040, 0.005282
1118, 0.322150, 0.005695
1119, 0.321680, 0.005860
1120, 0.321980, 0.005213
1121, 0.321970, 0.005777
1122, 0.321910, 0.004954
1123, 0.321890, 0.005669
1124, 0.322150, 0.005608
1125, 0.321690, 0.005151
1126, 0.321630, 0.005735
1127, 0.321940, 0.005299
1128, 0.321970, 0.005606
1129, 0.321920, 0.005663
1130, 0.321950, 0.005104
1131, 0.321660, 0.005611
1132, 0.321970, 0.005232
1133, 0.321950, 0.005617
1134, 0.321760, 0.005589
1135, 0.321640, 0.005162
1136, 0.321860, 0.005931
1137, 0.322090, 0.005156
1138, 0.321890, 0.005795
1139, 0.322040, 0.005646
1140, 0.321660, 0.005040
1141, 0.322110, 0.005662
1142, 0.321770, 0.005171
1143, 0.321930, 0.005937
1144, 0.322020, 0.005643
1145, 0.321870, 0.005087
1146, 0.321980, 0.005637
1147, 0.321780, 0.005159
1148, 0.322040, 0.005685
1149, 0.322120, 0.005615
1150, 0.321960, 0.005157
1151, 0.321730, 0.005625
1152, 0.321740, 0.005027
1153, 0.321910, 0.005706
1154, 0.321810, 0.005888
1155, 0.322070, 0.005078
1156, 0.321940, 0.005596
1157, 0.321910, 0.005074
1158, 0.321860, 0.005655
1159, 0.322090, 0.006020
1160, 0.321750, 0.005256
1161, 0.322240, 0.005797
1162, 0.321890, 0.005151
1163, 0.321770, 0.005600
1164, 0.321970, 0.005620
1165, 0.321730, 0.005177
1166, 0.321900, 0.005761
1167, 0.321780, 0.005047
1168, 0.321930, 0.005775
1169, 0.321970, 0.005780
1170, 0.321900, 0.005191
1171, 0.321870, 0.005520
1172, 0.321830, 0.004980
1173, 0.322050, 0.005750
1174, 0.322080, 0.005601
1175, 0.321710, 0.004979
1176, 0.321590, 0.005817
1177, 0.321610, 0.005267
1178, 0.321920, 0.005775
1179, 0.321960, 0.005951
1180, 0.321950, 0.004940
1181, 0.321740, 0.005469
1182, 0.321870, 0.005047
1183, 0.321810, 0.005644
1184, 0.322020, 0.005704
1185, 0.321850, 0.005275
1186, 0.322040, 0.005741
1187, 0.321870, 0.005287
1188, 0.321930, 0.005781
1189, 0.321950, 0.005703
1190, 0.321870, 0.005157
1191, 0.322050, 0.005610
1192, 0.321580, 0.005246
1193, 0.321900, 0.005773
1194, 0.322150, 0.005775
1195, 0.321730, 0.005061
1196, 0.321810, 0.005502
1197, 0.321700, 0.005080
1198, 0.322060, 0.005944
1199, 0.322020, 0.005745
1200, 0.321950, 0.005145
1201, 0.321950, 0.005561
1202, 0.321740, 0.005092
1203, 0.322030, 0.005628
1204, 0.321610, 0.005729
1205, 0.321990, 0.004955
1206, 0.321890, 0.005699
1207, 0.321950, 0.005045
1208, 0.321830, 0.005921
1209, 0.321790, 0.005645
1210, 0.321740, 0.005180
1211, 0.322090, 0.005805
1212, 0.321770, 0.005379
1213, 0.321900, 0.005686
1214, 0.321750, 0.005532
1215, 0.321880, 0.005273
1216, 0.321970, 0.005830
1217, 0.322190, 0.005396
1218, 0.321750, 0.005737
1219, 0.322140, 0.005659
1220, 0.321800, 0.005263
1221, 0.321840, 0.005653
1222, 0.321750, 0.005218
1223, 0.322100, 0.005886
1224, 0.321990, 0.005670
1225, 0.321760, 0.005208
1226, 0.321880, 0.005755
1227, 0.321980, 0.005148
1228, 0.322060, 0.005741
1229, 0.321800, 0.005648
1230, 0.321730, 0.005253
1231, 0.321840, 0.005695
1232, 0.321850, 0.005233
1233, 0.321860, 0.005675
1234, 0.321830, 0.005845
1235, 0.321910, 0.005006
1236, 0.322330, 0.005722
1237, 0.321810, 0.005268
1238, 0.321830, 0.005717
1239, 0.321770, 0.005637
1240, 0.321980, 0.005101
1241, 0.321880, 0.005698
1242, 0.321990, 0.005203
1243, 0.321770, 0.005729
1244, 0.322020, 0.005956
1245, 0.321800, 0.005303
1246, 0.321770, 0.005685
1247, 0.321810, 0.005576
1248, 0.322310, 0.005815
1249, 0.321920, 0.005784
1250, 0.321810, 0.005143
1251, 0.321930, 0.005530
1252, 0.321880, 0.005650
1253, 0.321930, 0.005320
1254, 0.321710, 0.005715
1255, 0.321850, 0.005189
1256, 0.321940, 0.005732
1257, 0.321840, 0.005576
1258, 0.321930, 0.005183
1259, 0.321800, 0.005720
1260, 0.321770, 0.005155
1261, 0.322220, 0.005663
1262, 0.322180, 0.005818
1263, 0.321900, 0.005360
1264, 0.321730, 0.005651
1265, 0.321950, 0.005250
1266, 0.321760, 0.005783
1267, 0.322050, 0.005743
1268, 0.321950, 0.005339
1269, 0.321960, 0.005669
1270, 0.321920, 0.005220
1271, 0.321820, 0.005795
1272, 0.321680, 0.005727
1273, 0.322200, 0.005284
1274, 0.321940, 0.005694
1275, 0.321680, 0.005169
1276, 0.321780, 0.005735
1277, 0.321880, 0.005673
1278, 0.321680, 0.005350
1279, 0.322120, 0.005755
1280, 0.321700, 0.005172
1281, 0.322060, 0.005729
1282, 0.321860, 0.005685
1283, 0.321690, 0.005364
1284, 0.321850, 0.005896
1285, 0.322120, 0.005150
1286, 0.321880, 0.005743
1287, 0.321710, 0.005785
1288, 0.321770, 0.005340
1289, 0.321740, 0.005635
1290, 0.322020, 0.005208
1291, 0.321770, 0.005986
1292, 0.321810, 0.005683
1293, 0.321790, 0.005102
1294, 0.321970, 0.005854
1295, 0.321800, 0.005385
1296, 0.321860, 0.005729
1297, 0.321740, 0.005571
1298, 0.321840, 0.005247
1299, 0.321760, 0.005852
1300, 0.321630, 0.005141
1301, 0.321940, 0.005542
1302, 0.322080, 0.006131
1303, 0.321870, 0.005241
1304, 0.322010, 0.005693
1305, 0.321760, 0.005402
1306, 0.321980, 0.005696
1307, 0.321890, 0.005562
1308, 0.321760, 0.005239
1309, 0.321970, 0.005796
1310, 0.321990, 0.005332
1311, 0.322020, 0.005783
1312, 0.321880, 0.005778
1313, 0.322010, 0.005375
1314, 0.322090, 0.005769
1315, 0.322070, 0.005179
1316, 0.321700, 0.005702
1317, 0.321810, 0.005798
1318, 0.321790, 0.005179
1319, 0.321990, 0.005773
1320, 0.322010, 0.005467
1321, 0.321670, 0.005760
1322, 0.321930, 0.005600
1323, 0.322050, 0.005195
1324, 0.321910, 0.005694
1325, 0.321880, 0.005191
1326, 0.321770, 0.005687
1327, 0.321710, 0.005579
1328, 0.322070, 0.005292
1329, 0.321980, 0.005722
1330, 0.321720, 0.005240
1331, 0.321940, 0.005807
1332, 0.321980, 0.005764
1333, 0.321630, 0.005184
1334, 0.321840, 0.005841
1335, 0.322130, 0.004995
1336, 0.321920, 0.005714
1337, 0.321800, 0.005803
1338, 0.321910, 0.005443
1339, 0.321810, 0.005854
1340, 0.322010, 0.005133
1341, 0.321960, 0.005611
1342, 0.321840, 0.005753
1343, 0.321920, 0.005124
1344, 0.321750, 0.005636
1345, 0.321800, 0.005370
1346, 0.321810, 0.005805
1347, 0.321960, 0.005793
1348, 0.322110, 0.005157
1349, 0.321970, 0.005702
1350, 0.321690, 0.005289
1351, 0.321680, 0.005819
1352, 0.322030, 0.005695
1353, 0.321630, 0.005217
1354, 0.321930, 0.005742
1355, 0.321780, 0.005274
1356, 0.321800, 0.005692
1357, 0.321880, 0.005566
1358, 0.321780, 0.005222
1359, 0.321770, 0.005795
1360, 0.322120, 0.005074
1361, 0.321860, 0.005550
1362, 0.321720, 0.005528
1363, 0.321730, 0.005278
1364, 0.321960, 0.005744
1365, 0.321900, 0.005074
1366, 0.321860, 0.005692
1367, 0.321820, 0.005638
1368, 0.321780, 0.005106
1369, 0.321740, 0.005610
1370, 0.321800, 0.005292
1371, 0.321980, 0.005901
1372, 0.322040, 0.005568
1373, 0.321800, 0.005325
1374, 0.321850, 0.005650
1375, 0.321810, 0.005217
1376, 0.321950, 0.005631
1377, 0.322100, 0.005681
1378, 0.321820, 0.004867
1379, 0.321850, 0.005856
1380, 0.321850, 0.005268
1381, 0.321930, 0.005773
1382, 0.321890, 0.005732
1383, 0.321600, 0.004915
1384, 0.321880, 0.005733
1385, 0.322100, 0.005120
1386, 0.321910, 0.005586
1387, 0.321620, 0.005693
1388, 0.321730, 0.005234
1389, 0.322050, 0.005866
1390, 0.321800, 0.005217
1391, 0.322180, 0.005620
1392, 0.321920, 0.005628
1393, 0.321970, 0.005266
1394, 0.321760, 0.005689
1395, 0.321710, 0.005267
1396, 0.322000, 0.005671
1397, 0.322050, 0.005570
1398, 0.321810, 0.005215
1399, 0.321800, 0.005826
1400, 0.321860, 0.005483
1401, 0.321770, 0.005855
1402, 0.322140, 0.005666
1403, 0.322090, 0.005202
1404, 0.321890, 0.005795
1405, 0.321990, 0.005237
1406, 0.321860, 0.005671
1407, 0.321750, 0.005652
1408, 0.321890, 0.005103
1409, 0.322030, 0.005670
1410, 0.322060, 0.005274
1411, 0.321730, 0.005605
1412, 0.321680, 0.005760
1413, 0.321810, 0.005245
1414, 0.321990, 0.005778
1415, 0.321910, 0.005179
1416, 0.321880, 0.005864
1417, 0.321910, 0.005645
1418, 0.321880, 0.005084
1419, 0.321950, 0.005640
1420, 0.321780, 0.005057
1421, 0.321910, 0.005662
1422, 0.322130, 0.005691
1423, 0.321800, 0.005204
1424, 0.321830, 0.005562
1425, 0.321780, 0.005005
1426, 0.321780, 0.005700
1427, 0.321880, 0.005740
1428, 0.321720, 0.005177
1429, 0.321770, 0.005648
1430, 0.321960, 0.005327
1431, 0.321950, 0.005670
1432, 0.321750, 0.005461
1433, 0.321780, 0.005112
1434, 0.322250, 0.005563
1435, 0.321830, 0.005267
1436, 0.321920, 0.005509
1437, 0.321880, 0.005636
1438, 0.321930, 0.005790
1439, 0.322010, 0.005844
1440, 0.321840, 0.005139
1441, 0.321930, 0.005745
1442, 0.321930, 0.005503
1443, 0.321700, 0.005029
1444, 0.321860, 0.005577
1445, 0.321680, 0.005016
1446, 0.321900, 0.005823
1447, 0.322070, 0.005800
1448, 0.321860, 0.005278
1449, 0.321920, 0.005754
1450, 0.321700, 0.005112
1451, 0.321960, 0.005744
1452, 0.321820, 0.005588
1453, 0.321920, 0.005132
1454, 0.321790, 0.005512
1455, 0.321960, 0.005586
1456, 0.321700, 0.005149
1457, 0.321800, 0.005544
1458, 0.321970, 0.005116
1459, 0.322130, 0.005885
1460, 0.321890, 0.005851
1461, 0.321680, 0.005004
1462, 0.321940, 0.005519
1463, 0.321850, 0.005035
1464, 0.321920, 0.005794
1465, 0.322170, 0.005629
1466, 0.321760, 0.005235
1467, 0.321890, 0.005605
1468, 0.321620, 0.005346
1469, 0.321920, 0.005596
1470, 0.321800, 0.005589
1471, 0.322050, 0.005195
1472, 0.322060, 0.005865
1473, 0.321680, 0.005105
1474, 0.321630, 0.005714
1475, 0.321840, 0.005628
1476, 0.321980, 0.005185
1477, 0.321710, 0.005554
1478, 0.322060, 0.005215
1479, 0.321790, 0.005673
1480, 0.321570, 0.005802
1481, 0.321840, 0.005161
1482, 0.321890, 0.005603
1483, 0.321910, 0.005048
1484, 0.322070, 0.005915
1485, 0.321910, 0.005867
1486, 0.321570, 0.005269
1487, 0.321970, 0.005830
1488, 0.321740, 0.005192
1489, 0.321980, 0.005666
1490, 0.321980, 0.005573
1491, 0.321700, 0.005251
1492, 0.322020, 0.005657
1493, 0.321780, 0.005226
1494, 0.321860, 0.005687
1495, 0.321780, 0.005725
1496, 0.322090, 0.005269
1497, 0.322010, 0.005915
1498, 0.321890, 0.005297
1499, 0.321870, 0.005607
1500, 0.321990, 0.005640
1501, 0.321890, 0.005198
1502, 0.321760, 0.005668
1503, 0.321790, 0.005241
1504, 0.321990, 0.005665
1505, 0.321820, 0.005742
1506, 0.321710, 0.005204
1507, 0.321870, 0.005794
1508, 0.321770, 0.005114
1509, 0.322050, 0.005799
1510, 0.321820, 0.005728
1511, 0.321590, 0.005265
1512, 0.321860, 0.005580
1513, 0.321860, 0.005165
1514, 0.322050, 0.005735
1515, 0.321960, 0.005584
1516, 0.321660, 0.005193
1517, 0.321940, 0.005813
1518, 0.321630, 0.005266
1519, 0.321800, 0.005701
1520, 0.321810, 0.005553
1521, 0.322060, 0.005257
1522, 0.321820, 0.005759
1523, 0.321700, 0.005127
1524, 0.321790, 0.005745
1525, 0.321970, 0.005644
1526, 0.321810, 0.005310
1527, 0.321850, 0.005610
1528, 0.321740, 0.005222
1529, 0.321880, 0.005862
1530, 0.321880, 0.005510
1531, 0.321830, 0.005316
1532, 0.321960, 0.005729
1533, 0.322020, 0.005157
1534, 0.322180, 0.005684
1535, 0.321680, 0.005630
1536, 0.321870, 0.005535
1537, 0.321820, 0.005712
1538, 0.322030, 0.005059
1539, 0.321870, 0.005640
1540, 0.322070, 0.006014
1541, 0.321680, 0.005194
1542, 0.321890, 0.005795
1543, 0.321840, 0.005287
1544, 0.321960, 0.005727
1545, 0.321830, 0.005636
1546, 0.321950, 0.005181
1547, 0.321680, 0.005779
1548, 0.321830, 0.005097
1549, 0.322070, 0.005900
1550, 0.321780, 0.005679
1551, 0.321870, 0.005220
1552, 0.322040, 0.005875
1553, 0.321610, 0.005188
1554, 0.321940, 0.005725
1555, 0.321850, 0.005724
1556, 0.321950, 0.005170
1557, 0.321660, 0.005655
1558, 0.321860, 0.005327
1559, 0.322030, 0.005576
1560, 0.321960, 0.005573
1561, 0.321750, 0.005300
1562, 0.322000, 0.005725
1563, 0.321840, 0.005464
1564, 0.321950, 0.005761
1565, 0.322020, 0.005764
1566, 0.321780, 0.005249
1567, 0.321910, 0.005719
1568, 0.321740, 0.005315
1569, 0.321920, 0.005875
1570, 0.321820, 0.005679
1571, 0.322110, 0.005325
1572, 0.321960, 0.005594
1573, 0.321780, 0.005285
1574, 0.321760, 0.005786
1575, 0.322130, 0.005647
1576, 0.321800, 0.005273
1577, 0.321950, 0.005712
1578, 0.321740, 0.005249
1579, 0.322040, 0.005725
1580, 0.321890, 0.005569
1581, 0.321670, 0.005134
1582, 0.322030, 0.005771
1583, 0.322040, 0.005132
1584, 0.321800, 0.005648
1585, 0.321730, 0.005655
1586, 0.321790, 0.005345
1587, 0.321800, 0.005755
1588, 0.322070, 0.005294
1589, 0.321980, 0.005657
1590, 0.321810, 0.005653
1591, 0.321850, 0.005080
1592, 0.321980, 0.005745
1593, 0.321940, 0.005321
1594, 0.321920, 0.005594
1595, 0.321890, 0.005586
1596, 0.322140, 0.005337
1597, 0.321850, 0.005754
1598, 0.321750, 0.005262
1599, 0.322040, 0.005648
1600, 0.321880, 0.005735
1601, 0.321920, 0.005423
1602, 0.321930, 0.005876
1603, 0.321790, 0.005222
1604, 0.321970, 0.005626
1605, 0.322000, 0.005717
1606, 0.321820, 0.005176
1607, 0.321920, 0.005626
1608, 0.322110, 0.005424
1609, 0.321700, 0.005725
1610, 0.321830, 0.005824
1611, 0.322000, 0.005185
1612, 0.321770, 0.005566
1613, 0.322040, 0.005146
1614, 0.321950, 0.005665
1615, 0.321700, 0.005749
1616, 0.321990, 0.005037
1617, 0.321980, 0.005748
1618, 0.321710, 0.005191
1619, 0.321790, 0.005759
1620, 0.321790, 0.005700
1621, 0.322130, 0.005108
1622, 0.321800, 0.005673
1623, 0.322000, 0.005310
1624, 0.321830, 0.005760
1625, 0.321800, 0.005671
1626, 0.321630, 0.005373
1627, 0.322110, 0.005971
1628, 0.321920, 0.005302
1629, 0.322200, 0.005441
1630, 0.321990, 0.005682
1631, 0.321680, 0.005261
1632, 0.321960, 0.005704
1633, 0.322330, 0.005909
1634, 0.321710, 0.005606
1635, 0.321720, 0.005698
1636, 0.321890, 0.005340
1637, 0.321890, 0.005685
1638, 0.321870, 0.005291
1639, 0.321980, 0.005604
1640, 0.321670, 0.005668
1641, 0.321970, 0.005094
1642, 0.321920, 0.005576
1643, 0.321730, 0.005370
1644, 0.321800, 0.005657
1645, 0.322280, 0.005793
1646, 0.321880, 0.005345
1647, 0.321710, 0.005489
1648, 0.321960, 0.005200
1649, 0.321850, 0.005654
1650, 0.321840, 0.005628
1651, 0.321730, 0.005278
1652, 0.322020, 0.005817
1653, 0.321760, 0.005099
1654, 0.321850, 0.005730
1655, 0.322040, 0.005587
1656, 0.321670, 0.005189
1657, 0.321740, 0.005737
1658, 0.321860, 0.005130
1659, 0.321880, 0.005712
1660, 0.321670, 0.005553
1661, 0.321620, 0.005249
1662, 0.321940, 0.005646
1663, 0.322070, 0.005631
1664, 0.321830, 0.005115
1665, 0.321900, 0.005758
1666, 0.321880, 0.005204
1667, 0.321900, 0.005813
1668, 0.321790, 0.005666
1669, 0.321950, 0.005439
1670, 0.321990, 0.005827
1671, 0.322060, 0.005284
1672, 0.321750, 0.005770
1673, 0.321840, 0.005662
1674, 0.321770, 0.005110
1675, 0.321950, 0.005606
1676, 0.321600, 0.005198
1677, 0.321890, 0.005966
1678, 0.321930, 0.005804
1679, 0.321950, 0.005369
1680, 0.321930, 0.005496
1681, 0.321720, 0.005109
1682, 0.321770, 0.005634
1683, 0.322050, 0.005627
1684, 0.321930, 0.005076
1685, 0.321860, 0.005477
1686, 0.321640, 0.005300
1687, 0.321840, 0.005660
1688, 0.321840, 0.005834
1689, 0.321910, 0.005148
1690, 0.321830, 0.005426
1691, 0.321960, 0.005028
1692, 0.321930, 0.005559
1693, 0.321780, 0.005754
1694, 0.321790, 0.005305
1695, 0.322250, 0.005620
1696, 0.321860, 0.005215
1697, 0.321680, 0.005635
1698, 0.321930, 0.005534
1699, 0.321780, 0.005340
1700, 0.322080, 0.005672
1701, 0.322010, 0.005025
1702, 0.321710, 0.005714
1703, 0.321980, 0.005741
1704, 0.321900, 0.004985
1705, 0.321830, 0.005559
1706, 0.321640, 0.005011
1707, 0.322050, 0.005712
1708, 0.321910, 0.005733
1709, 0.321660, 0.005214
1710, 0.321940, 0.005746
1711, 0.321850, 0.005176
1712, 0.321950, 0.005792
1713, 0.321890, 0.005648
1714, 0.321830, 0.005204
1715, 0.322060, 0.005506
1716, 0.321890, 0.005291
1717, 0.321960, 0.005605
1718, 0.321730, 0.005660
1719, 0.321920, 0.005167
1720, 0.322080, 0.005799
1721, 0.321740, 0.005302
1722, 0.321900, 0.005806
1723, 0.322020, 0.005660
1724, 0.321720, 0.005196
1725, 0.321880, 0.005536
1726, 0.321860, 0.005132
1727, 0.322010, 0.005587
1728, 0.321970, 0.005735
1729, 0.321760, 0.005060
1730, 0.321760, 0.005497
1731, 0.321850, 0.005127
1732, 0.321900, 0.005866
1733, 0.322080, 0.005789
1734, 0.321780, 0.005059
1735, 0.321890, 0.005815
1736, 0.321890, 0.005192
1737, 0.321900, 0.005756
1738, 0.321820, 0.005645
1739, 0.321760, 0.005152
1740, 0.322110, 0.005591
1741, 0.321930, 0.005326
1742, 0.321880, 0.005731
1743, 0.321450, 0.005728
1744, 0.321960, 0.005372
1745, 0.322120, 0.005843
1746, 0.321950, 0.005170
1747, 0.321760, 0.005600
1748, 0.321820, 0.005686
1749, 0.321950, 0.005275
1750, 0.321890, 0.005612
1751, 0.322280, 0.004922
1752, 0.321910, 0.005503
1753, 0.322010, 0.005721
1754, 0.321800, 0.005032
1755, 0.321610, 0.005611
1756, 0.321920, 0.005186
1757, 0.322100, 0.005892
1758, 0.321960, 0.005544
1759, 0.321550, 0.005062
1760, 0.321860, 0.005643
1761, 0.321810, 0.005157
1762, 0.321920, 0.005885
1763, 0.322080, 0.005841
1764, 0.321750, 0.005197
1765, 0.321920, 0.005760
1766, 0.321620, 0.005184
1767, 0.322040, 0.005718
1768, 0.321940, 0.005725
1769, 0.321780, 0.005211
1770, 0.322020, 0.005641
1771, 0.321650, 0.005427
1772, 0.321820, 0.005740
1773, 0.321710, 0.005691
1774, 0.321910, 0.005217
1775, 0.322050, 0.005668
1776, 0.321980, 0.005175
1777, 0.321910, 0.005720
1778, 0.321920, 0.005667
1779, 0.321940, 0.005249
1780, 0.321750, 0.005665
1781, 0.321880, 0.005052
1782, 0.321950, 0.005847
1783, 0.321990, 0.005723
1784, 0.321550, 0.005304
1785, 0.322070, 0.005994
1786, 0.321950, 0.005066
1787, 0.322050, 0.005696
1788, 0.322090, 0.005689
1789, 0.321690, 0.005155
1790, 0.322160, 0.005786
1791, 0.321830, 0.005257
1792, 0.321880, 0.005694
1793, 0.321850, 0.005633
1794, 0.322100, 0.005345
1795, 0.321940, 0.005762
1796, 0.321720, 0.005295
1797, 0.322010, 0.005522
1798, 0.321760, 0.005831
1799, 0.321980, 0.005244
1800, 0.321820, 0.005723
1801, 0.321740, 0.005143
1802, 0.321960, 0.005736
1803, 0.321870, 0.005793
1804, 0.321980, 0.005240
1805, 0.321860, 0.005720
1806, 0.321700, 0.005272
1807, 0.322090, 0.005669
1808, 0.321930, 0.005761
1809, 0.321690, 0.005165
1810, 0.321700, 0.005642
1811, 0.321820, 0.005277
1812, 0.322060, 0.005600
1813, 0.322150, 0.006007
1814, 0.321830, 0.005231
1815, 0.322000, 0.005739
1816, 0.321750, 0.005220
1817, 0.321820, 0.005768
1818, 0.321890, 0.005555
1819, 0.322190, 0.005274
1820, 0.321890, 0.005834
1821, 0.321640, 0.005358
1822, 0.321940, 0.005542
1823, 0.321660, 0.005719
1824, 0.322070, 0.005350
1825, 0.321930, 0.005539
1826, 0.321790, 0.005176
1827, 0.321940, 0.005551
1828, 0.321910, 0.005760
1829, 0.321830, 0.005322
1830, 0.321780, 0.005536
1831, 0.321980, 0.005206
1832, 0.322120, 0.005790
1833, 0.321970, 0.005661
1834, 0.321720, 0.005125
1835, 0.322050, 0.005912
1836, 0.321860, 0.005188
1837, 0.322100, 0.005649
1838, 0.321970, 0.005804
1839, 0.321760, 0.005337
1840, 0.322020, 0.005598
1841, 0.321800, 0.005290
1842, 0.321780, 0.005711
1843, 0.322060, 0.005820
1844, 0.322060, 0.005416
1845, 0.321910, 0.005505
1846, 0.321720, 0.005113
1847, 0.321980, 0.006003
1848, 0.321950, 0.005768
1849, 0.321900, 0.005186
1850, 0.322060, 0.005746
1851, 0.321630, 0.004979
1852, 0.322100, 0.005552
1853, 0.322050, 0.005695
1854, 0.321760, 0.005196
1855, 0.321730, 0.005808
1856, 0.322040, 0.005194
1857, 0.321980, 0.005584
1858, 0.321970, 0.005842
1859, 0.321790, 0.005214
1860, 0.321860, 0.005803
1861, 0.321890, 0.005186
1862, 0.321930, 0.005696
1863, 0.322070, 0.005684
1864, 0.322080, 0.005188
1865, 0.321890, 0.005860
1866, 0.321930, 0.005313
1867, 0.321620, 0.005626
1868, 0.322030, 0.005675
1869, 0.321980, 0.005267
1870, 0.321920, 0.005720
1871, 0.321890, 0.005517
1872, 0.321620, 0.005140
1873, 0.322050, 0.005602
1874, 0.321840, 0.005095
1875, 0.322010, 0.005636
1876, 0.321910, 0.005607
1877, 0.321810, 0.005065
1878, 0.321850, 0.005747
1879, 0.321750, 0.005275
1880, 0.321820, 0.005668
1881, 0.322050, 0.005890
1882, 0.321860, 0.004974
1883, 0.321820, 0.005808
1884, 0.321680, 0.005376
1885, 0.321840, 0.005648
1886, 0.322070, 0.005652
1887, 0.321970, 0.005178
1888, 0.321850, 0.005666
1889, 0.321870, 0.005291
1890, 0.321650, 0.005572
1891, 0.322010, 0.005663
1892, 0.321970, 0.005172
1893, 0.321990, 0.005672
1894, 0.322170, 0.005105
1895, 0.321870, 0.005798
1896, 0.321750, 0.005721
1897, 0.321920, 0.005180
1898, 0.322020, 0.005696
1899, 0.321790, 0.005179
1900, 0.322000, 0.005652
1901, 0.321790, 0.005714
1902, 0.321880, 0.005164
1903, 0.322040, 0.005569
1904, 0.321810, 0.005349
1905, 0.321970, 0.005635
1906, 0.322050, 0.005460
1907, 0.321810, 0.005199
1908, 0.321850, 0.005650
1909, 0.321950, 0.005152
1910, 0.322000, 0.005757
1911, 0.321880, 0.005615
1912, 0.321730, 0.005204
1913, 0.321860, 0.005598
1914, 0.321950, 0.005256
1915, 0.321820, 0.005910
1916, 0.321690, 0.005713
1917, 0.321690, 0.005236
1918, 0.322060, 0.005676
1919, 0.321900, 0.005123
1920, 0.321800, 0.005618
1921, 0.321860, 0.005611
1922, 0.321710, 0.005224
1923, 0.321940, 0.005573
1924, 0.321660, 0.005220
1925, 0.321940, 0.005537
1926, 0.321900, 0.005761
1927, 0.321720, 0.005074
1928, 0.321910, 0.005722
1929, 0.321720, 0.005103
1930, 0.321890, 0.005587
1931, 0.322180, 0.005668
1932, 0.321880, 0.005139
1933, 0.321980, 0.005620
1934, 0.321580, 0.005054
1935, 0.321840, 0.005772
1936, 0.321950, 0.005629
1937, 0.321990, 0.005405
1938, 0.321840, 0.005667
1939, 0.321950, 0.005096
1940, 0.321890, 0.005709
1941, 0.322050, 0.005541
1942, 0.321880, 0.005195
1943, 0.322000, 0.005764
1944, 0.321980, 0.005282
1945, 0.321590, 0.005629
1946, 0.321880, 0.005712
1947, 0.321780, 0.005209
1948, 0.322250, 0.005761
1949, 0.321800, 0.005295
1950, 0.321950, 0.005665
1951, 0.321860, 0.005778
1952, 0.321680, 0.005134
1953, 0.322020, 0.005587
1954, 0.321740, 0.005027
1955, 0.321900, 0.005651
1956, 0.322010, 0.005534
1957, 0.321650, 0.005027
1958, 0.321830, 0.005645
1959, 0.321800, 0.005213
1960, 0.322060, 0.005788
1961, 0.321730, 0.005637
1962, 0.322150, 0.005166
1963, 0.321760, 0.005662
1964, 0.322130, 0.005334
1965, 0.321870, 0.005658
1966, 0.321870, 0.005730
1967, 0.321830, 0.005293
1968, 0.322120, 0.005785
1969, 0.321820, 0.005125
1970, 0.321790, 0.005566
1971, 0.322070, 0.005647
1972, 0.321880, 0.005298
1973, 0.321860, 0.005745
1974, 0.321750, 0.005170
1975, 0.321920, 0.005784
1976, 0.322090, 0.005755
1977, 0.321910, 0.005171
1978, 0.321760, 0.005581
1979, 0.321710, 0.004893
1980, 0.321960, 0.005956
1981, 0.322290, 0.005825
1982, 0.321650, 0.004959
1983, 0.321870, 0.006019
1984, 0.321800, 0.005163
1985, 0.321890, 0.005632
1986, 0.321860, 0.005676
1987, 0.321820, 0.005206
1988, 0.321970, 0.005628
1989, 0.321870, 0.005184
1990, 0.321790, 0.005611
1991, 0.321800, 0.005614
1992, 0.321920, 0.005149
1993, 0.322060, 0.005558
1994, 0.321800, 0.005374
1995, 0.321750, 0.005610
1996, 0.321850, 0.005439
1997, 0.321750, 0.005189
1998, 0.321900, 0.005626
1999, 0.321880, 0.005206
2000, 0.321830, 0.005552
2001, 0.322100, 0.005730
