Container_size, 1048576,key_space, 4626request bin, mean_latency,sd,
 0, 0.295790, 0.006298,
 1, 0.296990, 0.005558,
 2, 0.296660, 0.006160,
 3, 0.296550, 0.006228,
 4, 0.296470, 0.005430,
 5, 0.296470, 0.005992,
 6, 0.296620, 0.005282,
 7, 0.296070, 0.006072,
 8, 0.296410, 0.006104,
 9, 0.296640, 0.005917,
 10, 0.296440, 0.006039,
 11, 0.296540, 0.005740,
 12, 0.295970, 0.005902,
 13, 0.296460, 0.005785,
 14, 0.296050, 0.005386,
 15, 0.296250, 0.005878,
 16, 0.296280, 0.005639,
 17, 0.296450, 0.006152,
 18, 0.297180, 0.006233,
 19, 0.296270, 0.005329,
 20, 0.296650, 0.006189,
 21, 0.295930, 0.005761,
 22, 0.295960, 0.006168,
 23, 0.296590, 0.006155,
 24, 0.296030, 0.005818,
 25, 0.296340, 0.006072,
 26, 0.296010, 0.005345,
 27, 0.296050, 0.006088,
 28, 0.296310, 0.006276,
 29, 0.296320, 0.005577,
 30, 0.295870, 0.006059,
 31, 0.296270, 0.005344,
 32, 0.296130, 0.006262,
 33, 0.296830, 0.006518,
 34, 0.296820, 0.005279,
 35, 0.296280, 0.005802,
 36, 0.296930, 0.005783,
 37, 0.296240, 0.006116,
 38, 0.296340, 0.006014,
 39, 0.296120, 0.005620,
 40, 0.295830, 0.006299,
 41, 0.296090, 0.005616,
 42, 0.295840, 0.006289,
 43, 0.296360, 0.006252,
 44, 0.295990, 0.005645,
 45, 0.296230, 0.006353,
 46, 0.296350, 0.005615,
 47, 0.295960, 0.006033,
 48, 0.296360, 0.006107,
 49, 0.296230, 0.005363,
 50, 0.296300, 0.006420,
 51, 0.296150, 0.005735,
 52, 0.296110, 0.006069,
 53, 0.296480, 0.005929,
 54, 0.295820, 0.005456,
 55, 0.296100, 0.006144,
 56, 0.295930, 0.005248,
 57, 0.296020, 0.006017,
 58, 0.296100, 0.006254,
 59, 0.295880, 0.005532,
 60, 0.296290, 0.006045,
 61, 0.296030, 0.005716,
 62, 0.296140, 0.006078,
 63, 0.296310, 0.006166,
 64, 0.296390, 0.005475,
 65, 0.296830, 0.006101,
 66, 0.296630, 0.005587,
 67, 0.296630, 0.005810,
 68, 0.295780, 0.006199,
 69, 0.296240, 0.005865,
 70, 0.296050, 0.006009,
 71, 0.296290, 0.005362,
 72, 0.296310, 0.006235,
 73, 0.295980, 0.006089,
 74, 0.296310, 0.005375,
 75, 0.295880, 0.006181,
 76, 0.296030, 0.005659,
 77, 0.296650, 0.005977,
 78, 0.296220, 0.006051,
 79, 0.295960, 0.005532,
 80, 0.296070, 0.005790,
 81, 0.295900, 0.005766,
 82, 0.296400, 0.005916,
 83, 0.296220, 0.006018,
 84, 0.296050, 0.005503,
 85, 0.296380, 0.005853,
 86, 0.295760, 0.005554,
 87, 0.296060, 0.006084,
 88, 0.296350, 0.005749,
 89, 0.295970, 0.005511,
 90, 0.296470, 0.006057,
 91, 0.296050, 0.005536,
 92, 0.296250, 0.005794,
 93, 0.296080, 0.005630,
 94, 0.296130, 0.005621,
 95, 0.296310, 0.005744,
 96, 0.296050, 0.005492,
 97, 0.296460, 0.006004,
 98, 0.296100, 0.006204,
 99, 0.296130, 0.005383,
 100, 0.296090, 0.005867,
 101, 0.295870, 0.005589,
 102, 0.296410, 0.005894,
 103, 0.296210, 0.006060,
 104, 0.296240, 0.005374,
 105, 0.296280, 0.006033,
 106, 0.295900, 0.005818,
 107, 0.296350, 0.006077,
 108, 0.296030, 0.006049,
 109, 0.296100, 0.005522,
 110, 0.296040, 0.006099,
 111, 0.295910, 0.006068,
 112, 0.296190, 0.005702,
 113, 0.296050, 0.006049,
 114, 0.296060, 0.005377,
 115, 0.296120, 0.006030,
 116, 0.296230, 0.005879,
 117, 0.296190, 0.005446,
 118, 0.296420, 0.005889,
 119, 0.295840, 0.005651,
 120, 0.296190, 0.006028,
 121, 0.295860, 0.006010,
 122, 0.296080, 0.005500,
 123, 0.296220, 0.005971,
 124, 0.295860, 0.005466,
 125, 0.296050, 0.005944,
 126, 0.295990, 0.005834,
 127, 0.296030, 0.005603,
 128, 0.296090, 0.005911,
 129, 0.296480, 0.005500,
 130, 0.297170, 0.006317,
 131, 0.296460, 0.005885,
 132, 0.296320, 0.005213,
 133, 0.296160, 0.005825,
 134, 0.295930, 0.005536,
 135, 0.295830, 0.006078,
 136, 0.295840, 0.005993,
 137, 0.296690, 0.005756,
 138, 0.295990, 0.005851,
 139, 0.296190, 0.005278,
 140, 0.296250, 0.005918,
 141, 0.296020, 0.006288,
 142, 0.296300, 0.005644,
 143, 0.296130, 0.005902,
 144, 0.296300, 0.005596,
 145, 0.296110, 0.005829,
 146, 0.296400, 0.005762,
 147, 0.295930, 0.005715,
 148, 0.296290, 0.005980,
 149, 0.295790, 0.005388,
 150, 0.296160, 0.006188,
 151, 0.296300, 0.005941,
 152, 0.296100, 0.005543,
 153, 0.296520, 0.006194,
 154, 0.295770, 0.005594,
 155, 0.296370, 0.006246,
 156, 0.295920, 0.006318,
 157, 0.296090, 0.005514,
 158, 0.296670, 0.005958,
 159, 0.295860, 0.005781,
 160, 0.296180, 0.006002,
 161, 0.295870, 0.005834,
 162, 0.296000, 0.005058,
 163, 0.296110, 0.006074,
 164, 0.295940, 0.005484,
 165, 0.296300, 0.005731,
 166, 0.296040, 0.006142,
 167, 0.296260, 0.005460,
 168, 0.296120, 0.005866,
 169, 0.295890, 0.005398,
 170, 0.296230, 0.005921,
 171, 0.296450, 0.006092,
 172, 0.296290, 0.005563,
 173, 0.296370, 0.005887,
 174, 0.295820, 0.005403,
 175, 0.296190, 0.005993,
 176, 0.296210, 0.006292,
 177, 0.295990, 0.005908,
 178, 0.296270, 0.006184,
 179, 0.296010, 0.005581,
 180, 0.295960, 0.005899,
 181, 0.296510, 0.005871,
 182, 0.295970, 0.005529,
 183, 0.296050, 0.005910,
 184, 0.296070, 0.005269,
 185, 0.296480, 0.006294,
 186, 0.296370, 0.005983,
 187, 0.295750, 0.005590,
 188, 0.296440, 0.006068,
 189, 0.295700, 0.005442,
 190, 0.296090, 0.006229,
 191, 0.296380, 0.005928,
 192, 0.295780, 0.005770,
 193, 0.296520, 0.005686,
 194, 0.295790, 0.005362,
 195, 0.296410, 0.005936,
 196, 0.296170, 0.005990,
 197, 0.295990, 0.005418,
 198, 0.296700, 0.005902,
 199, 0.295950, 0.005505,
 200, 0.295920, 0.005734,
 201, 0.296020, 0.005941,
 202, 0.295910, 0.005242,
 203, 0.296210, 0.006179,
 204, 0.295870, 0.005360,
 205, 0.296230, 0.006076,
 206, 0.295980, 0.006277,
 207, 0.296050, 0.005427,
 208, 0.296300, 0.006110,
 209, 0.295990, 0.005356,
 210, 0.296110, 0.005990,
 211, 0.296400, 0.006008,
 212, 0.296330, 0.005140,
 213, 0.296270, 0.005870,
 214, 0.296210, 0.005191,
 215, 0.295850, 0.006316,
 216, 0.296400, 0.006151,
 217, 0.296040, 0.005571,
 218, 0.296360, 0.005576,
 219, 0.296340, 0.005705,
 220, 0.295820, 0.005881,
 221, 0.296410, 0.005928,
 222, 0.295960, 0.005473,
 223, 0.296140, 0.006028,
 224, 0.296060, 0.005297,
 225, 0.296290, 0.006012,
 226, 0.296400, 0.005822,
 227, 0.296100, 0.005610,
 228, 0.296200, 0.005982,
 229, 0.296060, 0.005353,
 230, 0.295940, 0.005856,
 231, 0.296290, 0.005947,
 232, 0.295770, 0.005310,
 233, 0.296160, 0.005916,
 234, 0.295960, 0.005674,
 235, 0.296200, 0.006107,
 236, 0.296080, 0.005789,
 237, 0.296190, 0.005280,
 238, 0.295970, 0.005778,
 239, 0.296430, 0.005579,
 240, 0.296280, 0.005962,
 241, 0.295880, 0.006119,
 242, 0.296310, 0.005285,
 243, 0.295840, 0.006029,
 244, 0.296300, 0.005620,
 245, 0.296090, 0.006228,
 246, 0.295750, 0.006234,
 247, 0.296240, 0.005242,
 248, 0.296010, 0.005871,
 249, 0.296270, 0.005418,
 250, 0.295940, 0.005971,
 251, 0.296110, 0.006148,
 252, 0.296570, 0.005452,
 253, 0.296120, 0.006181,
 254, 0.296280, 0.005523,
 255, 0.295930, 0.006186,
 256, 0.296060, 0.005749,
 257, 0.296920, 0.005429,
 258, 0.296690, 0.005718,
 259, 0.296630, 0.005458,
 260, 0.296110, 0.006163,
 261, 0.296720, 0.006147,
 262, 0.296240, 0.005487,
 263, 0.296320, 0.006258,
 264, 0.296030, 0.005513,
 265, 0.296820, 0.006683,
 266, 0.296360, 0.006126,
 267, 0.296470, 0.005436,
 268, 0.296250, 0.006146,
 269, 0.296040, 0.005461,
 270, 0.296250, 0.006016,
 271, 0.295950, 0.006045,
 272, 0.296290, 0.005622,
 273, 0.296020, 0.006132,
 274, 0.296030, 0.005379,
 275, 0.296410, 0.005997,
 276, 0.295980, 0.006089,
 277, 0.296160, 0.005394,
 278, 0.295920, 0.006362,
 279, 0.296330, 0.005555,
 280, 0.296080, 0.005966,
 281, 0.296040, 0.005751,
 282, 0.296300, 0.005624,
 283, 0.295850, 0.006144,
 284, 0.296280, 0.005354,
 285, 0.296070, 0.006170,
 286, 0.295700, 0.006067,
 287, 0.296070, 0.005254,
 288, 0.296180, 0.006075,
 289, 0.296120, 0.005410,
 290, 0.296050, 0.005984,
 291, 0.296230, 0.006028,
 292, 0.296200, 0.005374,
 293, 0.296540, 0.006220,
 294, 0.296040, 0.005466,
 295, 0.296130, 0.006107,
 296, 0.296270, 0.005933,
 297, 0.295770, 0.005342,
 298, 0.296320, 0.005855,
 299, 0.295850, 0.005362,
 300, 0.296310, 0.006059,
 301, 0.296180, 0.006126,
 302, 0.296080, 0.005466,
 303, 0.296180, 0.006188,
 304, 0.295770, 0.005582,
 305, 0.296240, 0.005850,
 306, 0.296390, 0.006195,
 307, 0.296250, 0.005430,
 308, 0.296390, 0.005826,
 309, 0.295970, 0.005072,
 310, 0.296300, 0.005892,
 311, 0.296050, 0.006111,
 312, 0.296180, 0.005613,
 313, 0.296190, 0.006071,
 314, 0.296100, 0.005319,
 315, 0.296350, 0.005952,
 316, 0.295980, 0.005863,
 317, 0.296160, 0.005370,
 318, 0.296040, 0.006097,
 319, 0.296050, 0.006147,
 320, 0.296410, 0.005532,
 321, 0.296290, 0.005886,
 322, 0.295820, 0.005401,
 323, 0.296110, 0.006010,
 324, 0.296270, 0.006174,
 325, 0.296010, 0.005592,
 326, 0.296280, 0.006052,
 327, 0.295850, 0.005529,
 328, 0.296590, 0.005990,
 329, 0.295840, 0.006265,
 330, 0.296200, 0.005295,
 331, 0.296310, 0.006131,
 332, 0.295690, 0.005651,
 333, 0.296620, 0.006300,
 334, 0.296030, 0.006052,
 335, 0.296180, 0.005534,
 336, 0.296360, 0.005981,
 337, 0.295910, 0.005545,
 338, 0.296510, 0.005997,
 339, 0.295980, 0.005908,
 340, 0.296380, 0.005471,
 341, 0.296170, 0.006047,
 342, 0.295920, 0.005482,
 343, 0.296270, 0.005892,
 344, 0.295880, 0.006154,
 345, 0.296260, 0.005646,
 346, 0.296190, 0.005890,
 347, 0.296700, 0.006147,
 348, 0.296300, 0.006354,
 349, 0.296030, 0.005907,
 350, 0.296250, 0.005770,
 351, 0.296110, 0.006051,
 352, 0.296210, 0.005428,
 353, 0.296300, 0.006270,
 354, 0.296350, 0.006067,
 355, 0.296110, 0.005671,
 356, 0.296130, 0.005806,
 357, 0.296080, 0.005700,
 358, 0.296170, 0.006012,
 359, 0.296230, 0.005763,
 360, 0.296530, 0.005570,
 361, 0.296490, 0.005966,
 362, 0.295920, 0.005411,
 363, 0.296320, 0.005863,
 364, 0.296030, 0.005856,
 365, 0.295890, 0.005391,
 366, 0.296060, 0.005843,
 367, 0.295700, 0.005375,
 368, 0.296210, 0.006344,
 369, 0.296240, 0.006208,
 370, 0.296210, 0.005328,
 371, 0.295990, 0.006164,
 372, 0.295870, 0.005475,
 373, 0.296650, 0.005935,
 374, 0.296560, 0.006212,
 375, 0.296280, 0.005508,
 376, 0.296170, 0.006231,
 377, 0.295900, 0.005453,
 378, 0.295910, 0.005847,
 379, 0.295840, 0.006151,
 380, 0.296290, 0.005691,
 381, 0.296010, 0.006241,
 382, 0.296160, 0.005484,
 383, 0.296310, 0.005711,
 384, 0.296250, 0.006471,
 385, 0.296100, 0.005321,
 386, 0.296160, 0.006048,
 387, 0.296300, 0.005551,
 388, 0.296260, 0.006149,
 389, 0.296100, 0.005751,
 390, 0.296040, 0.005504,
 391, 0.296280, 0.006127,
 392, 0.296140, 0.005221,
 393, 0.296100, 0.006012,
 394, 0.296320, 0.006015,
 395, 0.296010, 0.005306,
 396, 0.296340, 0.006014,
 397, 0.296010, 0.005533,
 398, 0.296210, 0.005756,
 399, 0.296070, 0.006106,
 400, 0.296000, 0.005609,
 401, 0.296810, 0.005805,
 402, 0.295950, 0.005391,
 403, 0.296250, 0.006205,
 404, 0.296080, 0.006003,
 405, 0.295710, 0.005391,
 406, 0.296410, 0.005978,
 407, 0.295900, 0.005636,
 408, 0.296130, 0.006043,
 409, 0.296260, 0.006103,
 410, 0.296170, 0.005477,
 411, 0.296340, 0.005884,
 412, 0.296090, 0.005499,
 413, 0.296260, 0.005910,
 414, 0.296440, 0.006379,
 415, 0.296310, 0.005506,
 416, 0.296210, 0.005717,
 417, 0.296140, 0.005514,
 418, 0.295950, 0.005974,
 419, 0.296060, 0.005944,
 420, 0.296220, 0.005594,
 421, 0.295970, 0.006090,
 422, 0.296250, 0.005390,
 423, 0.295810, 0.005958,
 424, 0.296310, 0.005806,
 425, 0.296030, 0.005456,
 426, 0.295850, 0.005986,
 427, 0.296470, 0.005480,
 428, 0.296460, 0.006286,
 429, 0.296360, 0.005633,
 430, 0.295890, 0.005627,
 431, 0.296100, 0.006152,
 432, 0.296130, 0.005147,
 433, 0.296000, 0.006232,
 434, 0.296640, 0.006034,
 435, 0.295910, 0.005444,
 436, 0.296510, 0.005972,
 437, 0.295880, 0.005335,
 438, 0.295910, 0.006242,
 439, 0.296390, 0.005885,
 440, 0.295960, 0.005548,
 441, 0.296320, 0.005884,
 442, 0.295990, 0.005473,
 443, 0.296110, 0.006167,
 444, 0.296020, 0.006109,
 445, 0.296050, 0.005828,
 446, 0.296030, 0.006084,
 447, 0.296260, 0.005801,
 448, 0.296000, 0.005988,
 449, 0.296000, 0.006298,
 450, 0.296190, 0.005159,
 451, 0.296080, 0.005882,
 452, 0.296260, 0.005392,
 453, 0.295840, 0.006141,
 454, 0.296190, 0.005789,
 455, 0.296370, 0.005491,
 456, 0.295990, 0.006157,
 457, 0.296230, 0.005578,
 458, 0.295770, 0.006130,
 459, 0.296250, 0.005981,
 460, 0.295950, 0.005558,
 461, 0.296200, 0.005880,
 462, 0.296120, 0.005154,
 463, 0.296080, 0.006193,
 464, 0.296260, 0.006193,
 465, 0.296220, 0.005343,
 466, 0.296140, 0.005972,
 467, 0.296060, 0.005353,
 468, 0.296100, 0.006126,
 469, 0.296380, 0.006130,
 470, 0.296120, 0.005539,
 471, 0.296150, 0.005912,
 472, 0.295910, 0.005625,
 473, 0.296170, 0.006033,
 474, 0.295900, 0.006016,
 475, 0.296340, 0.005384,
 476, 0.296040, 0.005943,
 477, 0.296250, 0.005691,
 478, 0.296440, 0.005932,
 479, 0.295890, 0.006243,
 480, 0.296300, 0.005412,
 481, 0.296130, 0.006076,
 482, 0.296310, 0.005375,
 483, 0.296390, 0.005990,
 484, 0.295680, 0.005868,
 485, 0.296250, 0.005561,
 486, 0.296130, 0.005912,
 487, 0.295840, 0.005431,
 488, 0.296320, 0.006036,
 489, 0.295780, 0.006009,
 490, 0.296340, 0.005670,
 491, 0.295960, 0.006133,
 492, 0.296210, 0.005439,
 493, 0.296020, 0.006334,
 494, 0.295970, 0.006183,
 495, 0.296460, 0.005319,
 496, 0.296280, 0.006108,
 497, 0.295990, 0.005268,
 498, 0.295970, 0.005847,
 499, 0.295820, 0.005850,
 500, 0.295990, 0.005545,
 501, 0.296260, 0.005885,
 502, 0.295800, 0.005459,
 503, 0.296080, 0.005796,
 504, 0.296440, 0.005773,
 505, 0.296200, 0.005537,
 506, 0.296350, 0.005947,
 507, 0.295590, 0.005286,
 508, 0.296620, 0.005946,
 509, 0.296190, 0.006009,
 510, 0.295950, 0.005525,
 511, 0.296400, 0.006137,
 512, 0.295670, 0.005546,
 513, 0.297740, 0.006067,
 514, 0.296860, 0.005877,
 515, 0.296560, 0.005832,
 516, 0.296570, 0.006327,
 517, 0.296210, 0.005872,
 518, 0.296620, 0.006171,
 519, 0.296020, 0.006283,
 520, 0.296290, 0.005354,
 521, 0.296310, 0.006094,
 522, 0.296270, 0.005639,
 523, 0.296460, 0.006154,
 524, 0.296350, 0.005945,
 525, 0.296140, 0.005517,
 526, 0.296220, 0.006154,
 527, 0.296020, 0.006132,
 528, 0.296080, 0.005468,
 529, 0.296130, 0.005830,
 530, 0.296190, 0.005515,
 531, 0.296500, 0.006051,
 532, 0.296270, 0.006011,
 533, 0.296150, 0.005511,
 534, 0.296290, 0.005960,
 535, 0.296280, 0.005459,
 536, 0.296650, 0.005696,
 537, 0.296030, 0.006014,
 538, 0.296110, 0.005374,
 539, 0.296140, 0.005881,
 540, 0.295900, 0.005561,
 541, 0.296380, 0.006109,
 542, 0.295850, 0.006262,
 543, 0.296290, 0.005563,
 544, 0.296280, 0.006045,
 545, 0.295900, 0.005235,
 546, 0.296230, 0.006217,
 547, 0.295900, 0.006002,
 548, 0.296330, 0.005433,
 549, 0.296490, 0.005751,
 550, 0.296110, 0.005455,
 551, 0.296120, 0.005757,
 552, 0.296010, 0.005976,
 553, 0.296130, 0.005540,
 554, 0.296100, 0.006157,
 555, 0.296040, 0.005484,
 556, 0.296250, 0.006052,
 557, 0.296450, 0.006484,
 558, 0.296080, 0.005488,
 559, 0.296040, 0.006023,
 560, 0.296370, 0.005431,
 561, 0.295880, 0.005849,
 562, 0.296380, 0.005907,
 563, 0.296070, 0.005717,
 564, 0.296510, 0.006065,
 565, 0.295860, 0.005528,
 566, 0.296170, 0.005995,
 567, 0.296170, 0.005850,
 568, 0.295900, 0.005552,
 569, 0.296410, 0.005869,
 570, 0.295870, 0.005377,
 571, 0.296170, 0.005865,
 572, 0.296180, 0.006136,
 573, 0.296080, 0.005774,
 574, 0.296380, 0.006185,
 575, 0.295790, 0.005552,
 576, 0.296710, 0.006139,
 577, 0.296270, 0.005928,
 578, 0.296170, 0.005550,
 579, 0.296180, 0.006108,
 580, 0.295690, 0.005651,
 581, 0.296500, 0.005924,
 582, 0.296030, 0.005844,
 583, 0.296300, 0.005509,
 584, 0.296210, 0.005949,
 585, 0.295940, 0.005557,
 586, 0.296160, 0.005812,
 587, 0.295970, 0.006257,
 588, 0.295920, 0.005383,
 589, 0.296400, 0.006203,
 590, 0.296120, 0.005881,
 591, 0.296460, 0.006136,
 592, 0.296080, 0.006051,
 593, 0.295920, 0.005573,
 594, 0.296310, 0.006138,
 595, 0.295830, 0.005692,
 596, 0.296110, 0.006163,
 597, 0.296270, 0.006120,
 598, 0.296250, 0.005401,
 599, 0.296260, 0.006196,
 600, 0.296290, 0.005260,
 601, 0.296340, 0.006265,
 602, 0.296200, 0.006030,
 603, 0.296030, 0.005594,
 604, 0.296500, 0.005868,
 605, 0.295850, 0.005465,
 606, 0.296020, 0.006065,
 607, 0.296230, 0.005769,
 608, 0.296010, 0.005436,
 609, 0.296340, 0.005707,
 610, 0.295970, 0.005393,
 611, 0.296220, 0.006084,
 612, 0.296230, 0.006156,
 613, 0.295910, 0.005459,
 614, 0.296930, 0.006706,
 615, 0.295920, 0.005429,
 616, 0.296430, 0.006194,
 617, 0.296250, 0.005994,
 618, 0.296000, 0.005340,
 619, 0.295950, 0.005764,
 620, 0.295960, 0.005680,
 621, 0.295960, 0.005737,
 622, 0.296330, 0.005831,
 623, 0.296020, 0.005566,
 624, 0.296170, 0.006274,
 625, 0.296270, 0.005486,
 626, 0.296240, 0.006030,
 627, 0.296130, 0.006085,
 628, 0.296030, 0.005476,
 629, 0.295810, 0.006006,
 630, 0.296490, 0.005235,
 631, 0.295960, 0.005899,
 632, 0.296370, 0.005628,
 633, 0.295890, 0.005486,
 634, 0.295880, 0.006129,
 635, 0.296370, 0.005735,
 636, 0.295890, 0.006018,
 637, 0.296420, 0.006129,
 638, 0.295980, 0.005523,
 639, 0.296330, 0.006224,
 640, 0.296170, 0.005532,
 641, 0.296070, 0.006050,
 642, 0.296120, 0.005969,
 643, 0.296320, 0.005391,
 644, 0.296340, 0.006109,
 645, 0.296010, 0.005538,
 646, 0.296080, 0.006006,
 647, 0.296350, 0.005866,
 648, 0.296180, 0.005507,
 649, 0.296120, 0.005866,
 650, 0.296160, 0.005685,
 651, 0.296130, 0.005926,
 652, 0.296030, 0.006062,
 653, 0.296310, 0.005327,
 654, 0.296020, 0.006214,
 655, 0.296200, 0.005514,
 656, 0.295980, 0.005696,
 657, 0.296350, 0.006045,
 658, 0.296410, 0.005618,
 659, 0.295990, 0.006362,
 660, 0.296420, 0.005559,
 661, 0.296000, 0.005983,
 662, 0.296170, 0.006248,
 663, 0.296190, 0.005742,
 664, 0.296010, 0.006146,
 665, 0.296510, 0.005617,
 666, 0.296270, 0.006084,
 667, 0.296390, 0.006288,
 668, 0.296350, 0.005434,
 669, 0.295820, 0.006217,
 670, 0.296280, 0.005413,
 671, 0.296260, 0.006474,
 672, 0.296090, 0.005838,
 673, 0.295930, 0.005478,
 674, 0.295900, 0.006167,
 675, 0.296390, 0.005746,
 676, 0.295890, 0.006187,
 677, 0.296290, 0.006065,
 678, 0.296010, 0.005563,
 679, 0.296410, 0.005826,
 680, 0.296160, 0.005495,
 681, 0.296040, 0.005553,
 682, 0.296020, 0.006340,
 683, 0.296200, 0.005488,
 684, 0.296410, 0.006329,
 685, 0.295980, 0.005593,
 686, 0.296370, 0.005971,
 687, 0.295910, 0.006147,
 688, 0.296180, 0.005747,
 689, 0.295720, 0.006216,
 690, 0.296000, 0.005618,
 691, 0.296260, 0.006013,
 692, 0.296050, 0.006090,
 693, 0.296090, 0.005398,
 694, 0.296130, 0.006161,
 695, 0.296140, 0.005600,
 696, 0.296100, 0.005969,
 697, 0.296180, 0.006205,
 698, 0.296480, 0.005393,
 699, 0.296100, 0.006100,
 700, 0.296170, 0.005415,
 701, 0.296160, 0.005737,
 702, 0.296030, 0.006233,
 703, 0.296340, 0.005755,
 704, 0.296320, 0.006390,
 705, 0.296250, 0.005281,
 706, 0.296170, 0.005627,
 707, 0.296300, 0.005932,
 708, 0.296090, 0.005505,
 709, 0.296610, 0.006230,
 710, 0.296290, 0.005509,
 711, 0.296770, 0.006086,
 712, 0.296500, 0.005832,
 713, 0.295990, 0.005561,
 714, 0.296220, 0.005798,
 715, 0.295840, 0.005714,
 716, 0.296540, 0.005950,
 717, 0.296060, 0.005943,
 718, 0.296010, 0.005315,
 719, 0.296440, 0.005782,
 720, 0.295740, 0.005230,
 721, 0.296420, 0.005755,
 722, 0.295930, 0.005923,
 723, 0.296120, 0.005625,
 724, 0.296190, 0.006069,
 725, 0.296190, 0.005558,
 726, 0.296250, 0.005716,
 727, 0.295990, 0.005871,
 728, 0.296160, 0.005149,
 729, 0.296110, 0.006079,
 730, 0.296010, 0.005285,
 731, 0.296450, 0.006118,
 732, 0.296060, 0.006177,
 733, 0.296210, 0.005673,
 734, 0.296050, 0.005907,
 735, 0.296140, 0.006147,
 736, 0.296130, 0.005504,
 737, 0.296390, 0.005968,
 738, 0.296370, 0.005381,
 739, 0.296240, 0.006211,
 740, 0.296090, 0.006135,
 741, 0.296050, 0.005647,
 742, 0.296360, 0.005996,
 743, 0.295580, 0.005434,
 744, 0.296280, 0.006007,
 745, 0.296360, 0.006709,
 746, 0.296240, 0.005454,
 747, 0.296370, 0.006283,
 748, 0.295760, 0.005573,
 749, 0.296480, 0.006297,
 750, 0.295790, 0.005945,
 751, 0.296340, 0.005399,
 752, 0.296410, 0.005967,
 753, 0.296050, 0.005773,
 754, 0.296230, 0.006030,
 755, 0.295690, 0.005794,
 756, 0.296430, 0.005279,
 757, 0.296030, 0.005986,
 758, 0.295880, 0.005376,
 759, 0.296410, 0.006545,
 760, 0.296120, 0.006385,
 761, 0.296530, 0.005590,
 762, 0.296200, 0.006229,
 763, 0.296300, 0.006402,
 764, 0.296050, 0.006205,
 765, 0.296440, 0.006149,
 766, 0.296130, 0.005533,
 767, 0.296080, 0.006149,
 768, 0.295990, 0.005412,
 769, 0.296050, 0.005996,
 770, 0.296300, 0.006017,
 771, 0.295770, 0.005722,
 772, 0.296310, 0.005917,
 773, 0.296040, 0.005528,
 774, 0.296270, 0.005924,
 775, 0.296170, 0.006068,
 776, 0.295770, 0.005437,
 777, 0.296190, 0.006069,
 778, 0.296060, 0.005637,
 779, 0.296550, 0.005649,
 780, 0.296320, 0.005966,
 781, 0.295920, 0.005631,
 782, 0.296230, 0.006188,
 783, 0.295930, 0.005812,
 784, 0.296540, 0.005751,
 785, 0.295950, 0.005913,
 786, 0.296280, 0.005196,
 787, 0.296360, 0.006019,
 788, 0.295890, 0.005310,
 789, 0.296360, 0.006004,
 790, 0.295830, 0.005930,
 791, 0.296310, 0.005334,
 792, 0.296430, 0.006065,
 793, 0.295980, 0.005430,
 794, 0.296240, 0.005987,
 795, 0.296340, 0.006181,
 796, 0.296320, 0.005743,
 797, 0.296250, 0.005922,
 798, 0.296170, 0.005774,
 799, 0.296360, 0.006125,
 800, 0.296220, 0.006121,
 801, 0.295980, 0.005346,
 802, 0.296250, 0.005754,
 803, 0.296020, 0.005305,
 804, 0.295900, 0.005987,
 805, 0.296370, 0.005932,
 806, 0.295930, 0.005541,
 807, 0.296390, 0.005889,
 808, 0.295980, 0.005815,
 809, 0.295970, 0.005780,
 810, 0.296250, 0.006244,
 811, 0.295710, 0.005565,
 812, 0.296120, 0.005922,
 813, 0.295930, 0.005058,
 814, 0.296310, 0.006053,
 815, 0.296180, 0.005903,
 816, 0.295770, 0.005470,
 817, 0.296280, 0.005947,
 818, 0.295940, 0.005389,
 819, 0.296520, 0.006024,
 820, 0.296320, 0.005784,
 821, 0.296050, 0.005534,
 822, 0.296320, 0.006021,
 823, 0.296110, 0.005492,
 824, 0.296210, 0.005859,
 825, 0.295970, 0.006133,
 826, 0.296090, 0.005439,
 827, 0.296320, 0.006068,
 828, 0.296180, 0.005489,
 829, 0.296250, 0.006184,
 830, 0.296070, 0.005826,
 831, 0.295820, 0.005509,
 832, 0.296370, 0.006414,
 833, 0.296520, 0.005705,
 834, 0.296190, 0.006212,
 835, 0.296290, 0.005825,
 836, 0.296090, 0.005439,
 837, 0.295900, 0.005842,
 838, 0.296200, 0.005604,
 839, 0.295900, 0.006022,
 840, 0.296390, 0.005877,
 841, 0.295920, 0.005364,
 842, 0.296150, 0.005908,
 843, 0.296280, 0.005383,
 844, 0.295950, 0.006162,
 845, 0.296550, 0.005840,
 846, 0.296370, 0.005573,
 847, 0.296360, 0.005830,
 848, 0.296180, 0.005650,
 849, 0.296190, 0.005981,
 850, 0.296460, 0.006082,
 851, 0.296000, 0.005450,
 852, 0.296400, 0.006048,
 853, 0.295970, 0.005317,
 854, 0.296240, 0.005928,
 855, 0.296040, 0.006122,
 856, 0.296210, 0.005738,
 857, 0.296530, 0.006279,
 858, 0.295990, 0.005670,
 859, 0.296310, 0.006214,
 860, 0.296520, 0.006225,
 861, 0.296460, 0.005203,
 862, 0.295860, 0.005988,
 863, 0.296450, 0.005776,
 864, 0.296230, 0.005978,
 865, 0.296040, 0.005701,
 866, 0.295970, 0.005558,
 867, 0.295880, 0.006152,
 868, 0.296380, 0.005475,
 869, 0.296130, 0.006191,
 870, 0.296250, 0.005845,
 871, 0.296160, 0.005607,
 872, 0.296100, 0.006115,
 873, 0.296880, 0.005367,
 874, 0.295930, 0.005918,
 875, 0.296190, 0.005707,
 876, 0.296100, 0.005693,
 877, 0.295900, 0.006051,
 878, 0.296140, 0.005571,
 879, 0.296080, 0.006041,
 880, 0.296290, 0.006082,
 881, 0.296060, 0.005524,
 882, 0.296030, 0.006164,
 883, 0.296310, 0.005524,
 884, 0.296070, 0.006261,
 885, 0.296170, 0.006030,
 886, 0.296200, 0.005508,
 887, 0.296400, 0.006058,
 888, 0.296070, 0.005300,
 889, 0.296100, 0.006142,
 890, 0.296080, 0.006183,
 891, 0.296230, 0.005594,
 892, 0.296050, 0.005852,
 893, 0.295870, 0.005576,
 894, 0.296260, 0.006099,
 895, 0.295710, 0.006152,
 896, 0.296280, 0.005420,
 897, 0.296140, 0.006261,
 898, 0.295950, 0.005581,
 899, 0.296530, 0.005961,
 900, 0.296100, 0.005935,
 901, 0.296290, 0.005162,
 902, 0.295970, 0.006108,
 903, 0.296120, 0.005324,
 904, 0.296110, 0.006008,
 905, 0.295900, 0.006212,
 906, 0.296160, 0.005484,
 907, 0.296040, 0.005980,
 908, 0.296050, 0.005606,
 909, 0.296000, 0.005776,
 910, 0.296060, 0.005978,
 911, 0.296180, 0.005565,
 912, 0.296090, 0.005977,
 913, 0.296360, 0.005590,
 914, 0.296370, 0.005656,
 915, 0.296100, 0.005796,
 916, 0.296020, 0.005628,
 917, 0.296400, 0.006248,
 918, 0.295870, 0.005438,
 919, 0.296370, 0.005924,
 920, 0.296220, 0.005688,
 921, 0.296140, 0.005376,
 922, 0.296320, 0.005855,
 923, 0.295910, 0.005710,
 924, 0.296200, 0.006101,
 925, 0.295940, 0.005981,
 926, 0.296130, 0.005612,
 927, 0.296530, 0.006198,
 928, 0.295960, 0.005578,
 929, 0.296320, 0.005991,
 930, 0.296160, 0.006084,
 931, 0.296060, 0.005519,
 932, 0.296180, 0.006004,
 933, 0.295480, 0.005401,
 934, 0.296540, 0.006209,
 935, 0.295850, 0.005861,
 936, 0.296020, 0.005244,
 937, 0.295910, 0.005993,
 938, 0.296130, 0.005740,
 939, 0.296020, 0.005284,
 940, 0.296190, 0.005866,
 941, 0.296480, 0.005833,
 942, 0.295960, 0.005990,
 943, 0.296110, 0.006125,
 944, 0.296250, 0.005489,
 945, 0.296080, 0.006196,
 946, 0.295740, 0.005581,
 947, 0.295970, 0.006088,
 948, 0.296190, 0.006203,
 949, 0.296190, 0.005644,
 950, 0.296320, 0.005983,
 951, 0.295790, 0.005539,
 952, 0.296280, 0.006047,
 953, 0.296090, 0.006124,
 954, 0.296470, 0.005445,
 955, 0.296260, 0.006059,
 956, 0.295890, 0.005537,
 957, 0.296450, 0.005950,
 958, 0.296000, 0.006163,
 959, 0.296110, 0.005206,
 960, 0.296220, 0.005638,
 961, 0.295920, 0.005345,
 962, 0.296350, 0.006032,
 963, 0.295880, 0.006002,
 964, 0.296380, 0.005495,
 965, 0.296250, 0.006300,
 966, 0.296040, 0.005499,
 967, 0.296270, 0.005815,
 968, 0.296300, 0.006072,
 969, 0.296110, 0.005504,
 970, 0.296030, 0.006139,
 971, 0.295950, 0.005613,
 972, 0.296130, 0.005770,
 973, 0.295890, 0.005868,
 974, 0.296080, 0.005475,
 975, 0.295950, 0.006082,
 976, 0.295960, 0.005284,
 977, 0.296140, 0.006106,
 978, 0.296460, 0.006019,
 979, 0.295670, 0.005506,
 980, 0.296360, 0.006046,
 981, 0.296230, 0.005692,
 982, 0.296440, 0.005996,
 983, 0.296110, 0.005793,
 984, 0.296180, 0.005487,
 985, 0.296350, 0.005864,
 986, 0.295780, 0.005642,
 987, 0.296160, 0.005781,
 988, 0.296160, 0.006028,
 989, 0.296060, 0.005800,
 990, 0.296250, 0.006196,
 991, 0.295950, 0.005588,
 992, 0.296820, 0.005905,
 993, 0.296040, 0.006058,
 994, 0.296290, 0.005395,
 995, 0.296480, 0.006046,
 996, 0.295930, 0.005417,
 997, 0.296180, 0.005743,
 998, 0.295820, 0.005885,
 999, 0.296180, 0.005428,
 1000, 0.296240, 0.005807,
 1001, 0.295930, 0.005640,
 1002, 0.296050, 0.006212,
 1003, 0.296230, 0.006078,
 1004, 0.296110, 0.005591,
 1005, 0.296250, 0.006263,
 1006, 0.295940, 0.005349,
 1007, 0.296360, 0.005959,
 1008, 0.296390, 0.006203,
 1009, 0.295990, 0.005513,
 1010, 0.296020, 0.005965,
 1011, 0.296150, 0.005634,
 1012, 0.295890, 0.006117,
 1013, 0.296200, 0.006114,
 1014, 0.295840, 0.005480,
 1015, 0.296150, 0.005818,
 1016, 0.296030, 0.005647,
 1017, 0.296110, 0.006038,
 1018, 0.296340, 0.006186,
 1019, 0.295860, 0.005468,
 1020, 0.296420, 0.005882,
 1021, 0.296150, 0.005478,
 1022, 0.296280, 0.006017,
 1023, 0.296210, 0.005463,
 1024, 0.295870, 0.005438,
 1025, 0.298260, 0.005947,
 1026, 0.297180, 0.005797,
 1027, 0.296840, 0.006113,
 1028, 0.296310, 0.006069,
 1029, 0.296280, 0.005217,
 1030, 0.296540, 0.006254,
 1031, 0.296140, 0.005376,
 1032, 0.296450, 0.006116,
 1033, 0.295990, 0.005898,
 1034, 0.296390, 0.005370,
 1035, 0.296430, 0.006239,
 1036, 0.296520, 0.005839,
 1037, 0.296110, 0.006243,
 1038, 0.296410, 0.006219,
 1039, 0.296110, 0.005683,
 1040, 0.295850, 0.006124,
 1041, 0.296090, 0.005454,
 1042, 0.295910, 0.006186,
 1043, 0.296230, 0.006011,
 1044, 0.296170, 0.005505,
 1045, 0.296290, 0.006252,
 1046, 0.296510, 0.005491,
 1047, 0.295950, 0.006150,
 1048, 0.296420, 0.005774,
 1049, 0.296330, 0.005879,
 1050, 0.296210, 0.006132,
 1051, 0.296350, 0.005384,
 1052, 0.295970, 0.006212,
 1053, 0.296490, 0.006069,
 1054, 0.295940, 0.005510,
 1055, 0.296340, 0.006205,
 1056, 0.296230, 0.005553,
 1057, 0.295890, 0.006104,
 1058, 0.296510, 0.006188,
 1059, 0.295940, 0.005648,
 1060, 0.296300, 0.005944,
 1061, 0.296240, 0.005586,
 1062, 0.296520, 0.006347,
 1063, 0.296510, 0.005866,
 1064, 0.296250, 0.005360,
 1065, 0.296320, 0.006015,
 1066, 0.296290, 0.005654,
 1067, 0.296000, 0.005840,
 1068, 0.295970, 0.005893,
 1069, 0.296450, 0.005345,
 1070, 0.296110, 0.005889,
 1071, 0.296370, 0.005569,
 1072, 0.296060, 0.006318,
 1073, 0.296160, 0.006087,
 1074, 0.296480, 0.005425,
 1075, 0.296110, 0.006353,
 1076, 0.296550, 0.005483,
 1077, 0.296100, 0.005902,
 1078, 0.296020, 0.005746,
 1079, 0.296050, 0.005384,
 1080, 0.295940, 0.006049,
 1081, 0.296190, 0.005529,
 1082, 0.295800, 0.006055,
 1083, 0.296500, 0.006188,
 1084, 0.295960, 0.005539,
 1085, 0.295990, 0.005962,
 1086, 0.296380, 0.005598,
 1087, 0.296050, 0.005809,
 1088, 0.296480, 0.005585,
 1089, 0.296310, 0.005230,
 1090, 0.296190, 0.005870,
 1091, 0.296270, 0.004992,
 1092, 0.295750, 0.005934,
 1093, 0.296250, 0.005856,
 1094, 0.295960, 0.005694,
 1095, 0.296190, 0.006026,
 1096, 0.296100, 0.005518,
 1097, 0.296400, 0.006307,
 1098, 0.296020, 0.006329,
 1099, 0.296360, 0.005381,
 1100, 0.296180, 0.005900,
 1101, 0.296120, 0.005375,
 1102, 0.296550, 0.006021,
 1103, 0.296100, 0.006062,
 1104, 0.296280, 0.005783,
 1105, 0.296080, 0.006090,
 1106, 0.295890, 0.005148,
 1107, 0.296170, 0.005933,
 1108, 0.295850, 0.006002,
 1109, 0.296420, 0.005156,
 1110, 0.296050, 0.006300,
 1111, 0.296160, 0.005357,
 1112, 0.296330, 0.005968,
 1113, 0.296160, 0.006061,
 1114, 0.296240, 0.005582,
 1115, 0.296180, 0.006123,
 1116, 0.296160, 0.005396,
 1117, 0.296480, 0.006159,
 1118, 0.295880, 0.005849,
 1119, 0.296330, 0.005570,
 1120, 0.296010, 0.006054,
 1121, 0.296090, 0.005444,
 1122, 0.296080, 0.006235,
 1123, 0.296230, 0.006018,
 1124, 0.296110, 0.005618,
 1125, 0.296400, 0.005798,
 1126, 0.295880, 0.005592,
 1127, 0.296030, 0.006080,
 1128, 0.296430, 0.006040,
 1129, 0.296010, 0.005482,
 1130, 0.296510, 0.006034,
 1131, 0.296100, 0.005172,
 1132, 0.296160, 0.005817,
 1133, 0.296000, 0.005997,
 1134, 0.295960, 0.005730,
 1135, 0.296250, 0.005898,
 1136, 0.295870, 0.005224,
 1137, 0.296410, 0.005853,
 1138, 0.296020, 0.005993,
 1139, 0.296060, 0.005446,
 1140, 0.296310, 0.006249,
 1141, 0.295750, 0.005525,
 1142, 0.296630, 0.005910,
 1143, 0.296270, 0.006045,
 1144, 0.296260, 0.005576,
 1145, 0.296030, 0.005851,
 1146, 0.296160, 0.006159,
 1147, 0.296220, 0.005518,
 1148, 0.296060, 0.005963,
 1149, 0.295940, 0.005466,
 1150, 0.296280, 0.006027,
 1151, 0.296190, 0.005991,
 1152, 0.296010, 0.005235,
 1153, 0.296390, 0.005945,
 1154, 0.296090, 0.005164,
 1155, 0.296190, 0.006273,
 1156, 0.296120, 0.005906,
 1157, 0.296480, 0.005652,
 1158, 0.296500, 0.005984,
 1159, 0.295730, 0.005791,
 1160, 0.296440, 0.005776,
 1161, 0.296000, 0.006155,
 1162, 0.296370, 0.005779,
 1163, 0.296250, 0.006019,
 1164, 0.295780, 0.005633,
 1165, 0.296390, 0.005958,
 1166, 0.295890, 0.005971,
 1167, 0.296320, 0.005457,
 1168, 0.296270, 0.006074,
 1169, 0.295820, 0.005421,
 1170, 0.296670, 0.005925,
 1171, 0.296170, 0.006066,
 1172, 0.296270, 0.005457,
 1173, 0.295980, 0.005896,
 1174, 0.296140, 0.005586,
 1175, 0.296240, 0.005753,
 1176, 0.295790, 0.006229,
 1177, 0.296430, 0.005652,
 1178, 0.296020, 0.005980,
 1179, 0.296230, 0.005346,
 1180, 0.296090, 0.005977,
 1181, 0.296130, 0.005909,
 1182, 0.296160, 0.005368,
 1183, 0.296330, 0.005805,
 1184, 0.296020, 0.005526,
 1185, 0.296230, 0.005846,
 1186, 0.296340, 0.006060,
 1187, 0.296110, 0.005628,
 1188, 0.296380, 0.006096,
 1189, 0.295670, 0.005662,
 1190, 0.296310, 0.005798,
 1191, 0.296080, 0.005988,
 1192, 0.295970, 0.005487,
 1193, 0.296400, 0.005867,
 1194, 0.295970, 0.005408,
 1195, 0.296330, 0.006301,
 1196, 0.296180, 0.006078,
 1197, 0.296250, 0.005450,
 1198, 0.296410, 0.005889,
 1199, 0.295810, 0.005651,
 1200, 0.296230, 0.005744,
 1201, 0.296240, 0.005877,
 1202, 0.296100, 0.005388,
 1203, 0.296220, 0.006112,
 1204, 0.296120, 0.005361,
 1205, 0.296400, 0.005803,
 1206, 0.296210, 0.006188,
 1207, 0.296370, 0.005964,
 1208, 0.296150, 0.006213,
 1209, 0.296420, 0.006649,
 1210, 0.296250, 0.005881,
 1211, 0.296250, 0.006092,
 1212, 0.296080, 0.005610,
 1213, 0.296070, 0.005997,
 1214, 0.296260, 0.005349,
 1215, 0.296130, 0.006095,
 1216, 0.296230, 0.005904,
 1217, 0.296190, 0.005436,
 1218, 0.296090, 0.005953,
 1219, 0.296120, 0.005816,
 1220, 0.295900, 0.005925,
 1221, 0.296130, 0.005989,
 1222, 0.296040, 0.005470,
 1223, 0.296780, 0.005801,
 1224, 0.296180, 0.005493,
 1225, 0.296160, 0.006104,
 1226, 0.296250, 0.006072,
 1227, 0.295960, 0.005602,
 1228, 0.296500, 0.006057,
 1229, 0.296030, 0.005480,
 1230, 0.296240, 0.006192,
 1231, 0.296360, 0.006371,
 1232, 0.295780, 0.005702,
 1233, 0.296530, 0.005737,
 1234, 0.295980, 0.005734,
 1235, 0.296170, 0.005923,
 1236, 0.296150, 0.005903,
 1237, 0.296010, 0.005554,
 1238, 0.296540, 0.006172,
 1239, 0.296070, 0.005518,
 1240, 0.296280, 0.005887,
 1241, 0.296270, 0.005875,
 1242, 0.296110, 0.005475,
 1243, 0.296270, 0.006200,
 1244, 0.296480, 0.005345,
 1245, 0.296010, 0.005984,
 1246, 0.296240, 0.006048,
 1247, 0.295990, 0.005538,
 1248, 0.296100, 0.006168,
 1249, 0.296340, 0.005237,
 1250, 0.296220, 0.006169,
 1251, 0.296310, 0.006014,
 1252, 0.296120, 0.005686,
 1253, 0.296020, 0.006050,
 1254, 0.296160, 0.005390,
 1255, 0.295890, 0.006290,
 1256, 0.296360, 0.006134,
 1257, 0.295670, 0.005643,
 1258, 0.296360, 0.005977,
 1259, 0.295970, 0.005514,
 1260, 0.295910, 0.006148,
 1261, 0.296290, 0.006045,
 1262, 0.295750, 0.005586,
 1263, 0.296380, 0.006102,
 1264, 0.296210, 0.005410,
 1265, 0.296240, 0.005970,
 1266, 0.296380, 0.006001,
 1267, 0.296050, 0.005319,
 1268, 0.296330, 0.006071,
 1269, 0.296040, 0.005619,
 1270, 0.295940, 0.006021,
 1271, 0.296270, 0.006035,
 1272, 0.296040, 0.005551,
 1273, 0.296130, 0.006077,
 1274, 0.296240, 0.005563,
 1275, 0.295990, 0.005977,
 1276, 0.296100, 0.006024,
 1277, 0.296320, 0.005519,
 1278, 0.296620, 0.006811,
 1279, 0.296690, 0.005880,
 1280, 0.296360, 0.006284,
 1281, 0.296160, 0.006107,
 1282, 0.296240, 0.005374,
 1283, 0.296160, 0.005854,
 1284, 0.296330, 0.005240,
 1285, 0.296150, 0.006039,
 1286, 0.296110, 0.006106,
 1287, 0.296260, 0.005264,
 1288, 0.296320, 0.006066,
 1289, 0.296380, 0.005302,
 1290, 0.296010, 0.005866,
 1291, 0.296190, 0.006122,
 1292, 0.296300, 0.005617,
 1293, 0.296030, 0.006226,
 1294, 0.296230, 0.005396,
 1295, 0.296050, 0.006123,
 1296, 0.296260, 0.005944,
 1297, 0.295940, 0.005770,
 1298, 0.296030, 0.006262,
 1299, 0.295970, 0.005390,
 1300, 0.296010, 0.006036,
 1301, 0.296150, 0.005992,
 1302, 0.296040, 0.005503,
 1303, 0.296220, 0.006243,
 1304, 0.296300, 0.005628,
 1305, 0.296660, 0.006224,
 1306, 0.296220, 0.005818,
 1307, 0.296090, 0.005593,
 1308, 0.296020, 0.006028,
 1309, 0.296220, 0.005401,
 1310, 0.296380, 0.005820,
 1311, 0.295710, 0.006067,
 1312, 0.296540, 0.005239,
 1313, 0.295950, 0.005850,
 1314, 0.296110, 0.005453,
 1315, 0.296170, 0.006053,
 1316, 0.295720, 0.006244,
 1317, 0.296410, 0.005363,
 1318, 0.296020, 0.006138,
 1319, 0.296490, 0.005153,
 1320, 0.296140, 0.005717,
 1321, 0.295780, 0.005631,
 1322, 0.296320, 0.005650,
 1323, 0.296370, 0.006243,
 1324, 0.296140, 0.005680,
 1325, 0.296600, 0.006219,
 1326, 0.296060, 0.006048,
 1327, 0.296250, 0.005663,
 1328, 0.296180, 0.006137,
 1329, 0.296390, 0.005450,
 1330, 0.296070, 0.006126,
 1331, 0.296260, 0.005958,
 1332, 0.296320, 0.005512,
 1333, 0.296410, 0.006280,
 1334, 0.295840, 0.005325,
 1335, 0.295960, 0.006222,
 1336, 0.295990, 0.006108,
 1337, 0.295880, 0.005577,
 1338, 0.296170, 0.006103,
 1339, 0.295870, 0.005555,
 1340, 0.296110, 0.005971,
 1341, 0.296000, 0.006030,
 1342, 0.295960, 0.005439,
 1343, 0.296070, 0.005874,
 1344, 0.295910, 0.005419,
 1345, 0.296420, 0.005984,
 1346, 0.296160, 0.006341,
 1347, 0.296220, 0.005792,
 1348, 0.295940, 0.005860,
 1349, 0.295860, 0.005430,
 1350, 0.296390, 0.005880,
 1351, 0.295850, 0.005617,
 1352, 0.296350, 0.005482,
 1353, 0.296150, 0.005937,
 1354, 0.296260, 0.006294,
 1355, 0.295860, 0.005417,
 1356, 0.296020, 0.006286,
 1357, 0.296170, 0.005307,
 1358, 0.296090, 0.005962,
 1359, 0.296370, 0.006141,
 1360, 0.296340, 0.005762,
 1361, 0.296380, 0.006015,
 1362, 0.295910, 0.005466,
 1363, 0.295950, 0.005896,
 1364, 0.296180, 0.006327,
 1365, 0.295770, 0.005450,
 1366, 0.296320, 0.006145,
 1367, 0.295770, 0.005488,
 1368, 0.296540, 0.006142,
 1369, 0.296090, 0.006018,
 1370, 0.296030, 0.005458,
 1371, 0.296170, 0.005911,
 1372, 0.295830, 0.005793,
 1373, 0.296700, 0.006115,
 1374, 0.296110, 0.005827,
 1375, 0.296350, 0.005300,
 1376, 0.296220, 0.005922,
 1377, 0.295880, 0.005518,
 1378, 0.296580, 0.005911,
 1379, 0.295990, 0.006006,
 1380, 0.296370, 0.005858,
 1381, 0.296280, 0.005972,
 1382, 0.296150, 0.005665,
 1383, 0.296320, 0.005958,
 1384, 0.296050, 0.005972,
 1385, 0.296160, 0.005499,
 1386, 0.296530, 0.006064,
 1387, 0.296070, 0.005399,
 1388, 0.296080, 0.005818,
 1389, 0.296130, 0.005897,
 1390, 0.296000, 0.005455,
 1391, 0.296230, 0.005743,
 1392, 0.295650, 0.005417,
 1393, 0.296320, 0.006337,
 1394, 0.296160, 0.005986,
 1395, 0.295970, 0.005311,
 1396, 0.296630, 0.006028,
 1397, 0.295870, 0.005349,
 1398, 0.296190, 0.006062,
 1399, 0.296170, 0.006312,
 1400, 0.295960, 0.005593,
 1401, 0.296440, 0.006095,
 1402, 0.295740, 0.005765,
 1403, 0.296110, 0.005690,
 1404, 0.296010, 0.006001,
 1405, 0.296220, 0.005476,
 1406, 0.296390, 0.006200,
 1407, 0.295830, 0.005618,
 1408, 0.296470, 0.006062,
 1409, 0.296110, 0.006270,
 1410, 0.296160, 0.005293,
 1411, 0.296140, 0.006038,
 1412, 0.295780, 0.005436,
 1413, 0.296770, 0.006135,
 1414, 0.296130, 0.006023,
 1415, 0.296350, 0.005518,
 1416, 0.296140, 0.005930,
 1417, 0.296200, 0.005596,
 1418, 0.296300, 0.005881,
 1419, 0.296020, 0.005928,
 1420, 0.296410, 0.005396,
 1421, 0.296320, 0.006218,
 1422, 0.296260, 0.005615,
 1423, 0.296110, 0.005993,
 1424, 0.296140, 0.006010,
 1425, 0.296160, 0.005555,
 1426, 0.296100, 0.006222,
 1427, 0.296460, 0.005585,
 1428, 0.296180, 0.006191,
 1429, 0.296290, 0.005888,
 1430, 0.295780, 0.005407,
 1431, 0.296090, 0.005778,
 1432, 0.296010, 0.005502,
 1433, 0.296250, 0.006265,
 1434, 0.296150, 0.006233,
 1435, 0.296130, 0.005544,
 1436, 0.296330, 0.005962,
 1437, 0.296040, 0.005657,
 1438, 0.296030, 0.006249,
 1439, 0.296370, 0.006130,
 1440, 0.295920, 0.005379,
 1441, 0.296700, 0.005979,
 1442, 0.295850, 0.005322,
 1443, 0.296200, 0.006023,
 1444, 0.296030, 0.006247,
 1445, 0.295820, 0.005617,
 1446, 0.296050, 0.005709,
 1447, 0.296070, 0.005265,
 1448, 0.296630, 0.006019,
 1449, 0.296170, 0.006111,
 1450, 0.296220, 0.005493,
 1451, 0.295850, 0.006231,
 1452, 0.296410, 0.005421,
 1453, 0.296010, 0.005982,
 1454, 0.296320, 0.005907,
 1455, 0.296160, 0.005515,
 1456, 0.296030, 0.006105,
 1457, 0.296290, 0.005514,
 1458, 0.296070, 0.006078,
 1459, 0.296220, 0.005885,
 1460, 0.296600, 0.006213,
 1461, 0.296070, 0.006388,
 1462, 0.296290, 0.005417,
 1463, 0.295950, 0.006213,
 1464, 0.296470, 0.006188,
 1465, 0.296000, 0.005475,
 1466, 0.296250, 0.005871,
 1467, 0.296240, 0.005706,
 1468, 0.296110, 0.006078,
 1469, 0.296290, 0.005886,
 1470, 0.295640, 0.005423,
 1471, 0.296320, 0.006143,
 1472, 0.296320, 0.005741,
 1473, 0.295830, 0.006309,
 1474, 0.296390, 0.006324,
 1475, 0.295940, 0.005865,
 1476, 0.296210, 0.005984,
 1477, 0.296070, 0.005399,
 1478, 0.296100, 0.006284,
 1479, 0.296520, 0.006022,
 1480, 0.296240, 0.005457,
 1481, 0.296110, 0.006074,
 1482, 0.296210, 0.005682,
 1483, 0.296240, 0.006091,
 1484, 0.296220, 0.006133,
 1485, 0.296240, 0.005767,
 1486, 0.296000, 0.006160,
 1487, 0.296390, 0.005381,
 1488, 0.296220, 0.006121,
 1489, 0.296150, 0.005987,
 1490, 0.296210, 0.005525,
 1491, 0.295860, 0.006147,
 1492, 0.296380, 0.005446,
 1493, 0.295910, 0.006007,
 1494, 0.296530, 0.005967,
 1495, 0.296040, 0.005639,
 1496, 0.295890, 0.006261,
 1497, 0.296270, 0.005346,
 1498, 0.295790, 0.005421,
 1499, 0.296350, 0.006006,
 1500, 0.296050, 0.005339,
 1501, 0.296170, 0.006048,
 1502, 0.296400, 0.005604,
 1503, 0.296000, 0.005826,
 1504, 0.296350, 0.005650,
 1505, 0.295880, 0.005330,
 1506, 0.296180, 0.006217,
 1507, 0.296510, 0.005228,
 1508, 0.296210, 0.006093,
 1509, 0.296480, 0.005726,
 1510, 0.295900, 0.005881,
 1511, 0.296210, 0.006030,
 1512, 0.296000, 0.005643,
 1513, 0.296280, 0.006250,
 1514, 0.296170, 0.006280,
 1515, 0.296190, 0.005614,
 1516, 0.295950, 0.005825,
 1517, 0.296140, 0.005725,
 1518, 0.296420, 0.006015,
 1519, 0.295870, 0.006072,
 1520, 0.296450, 0.005518,
 1521, 0.296270, 0.006187,
 1522, 0.296060, 0.005564,
 1523, 0.296330, 0.005882,
 1524, 0.295850, 0.006085,
 1525, 0.296330, 0.005433,
 1526, 0.295830, 0.006065,
 1527, 0.296080, 0.005360,
 1528, 0.296050, 0.005818,
 1529, 0.296130, 0.006244,
 1530, 0.296230, 0.005405,
 1531, 0.296320, 0.006063,
 1532, 0.296110, 0.005503,
 1533, 0.296190, 0.005824,
 1534, 0.295970, 0.006412,
 1535, 0.296310, 0.005578,
 1536, 0.296270, 0.006177,
 1537, 0.296140, 0.005611,
 1538, 0.296390, 0.006010,
 1539, 0.296220, 0.005847,
 1540, 0.296120, 0.005735,
 1541, 0.296510, 0.006233,
 1542, 0.296100, 0.005668,
 1543, 0.296190, 0.005921,
 1544, 0.296210, 0.005617,
 1545, 0.296080, 0.005434,
 1546, 0.296110, 0.006620,
 1547, 0.295960, 0.005838,
 1548, 0.296630, 0.005876,
 1549, 0.296060, 0.005877,
 1550, 0.295930, 0.005445,
 1551, 0.296420, 0.005882,
 1552, 0.295640, 0.005626,
 1553, 0.296380, 0.006056,
 1554, 0.295890, 0.006219,
 1555, 0.296150, 0.005522,
 1556, 0.296120, 0.005980,
 1557, 0.295850, 0.005650,
 1558, 0.296530, 0.006421,
 1559, 0.296060, 0.006277,
 1560, 0.296350, 0.005463,
 1561, 0.296230, 0.006119,
 1562, 0.295990, 0.005754,
 1563, 0.296150, 0.005527,
 1564, 0.295980, 0.006153,
 1565, 0.296230, 0.005310,
 1566, 0.296150, 0.006092,
 1567, 0.296070, 0.006014,
 1568, 0.296150, 0.005663,
 1569, 0.296580, 0.006114,
 1570, 0.295640, 0.005834,
 1571, 0.296240, 0.006211,
 1572, 0.296210, 0.006176,
 1573, 0.296070, 0.005574,
 1574, 0.296230, 0.005950,
 1575, 0.296020, 0.005512,
 1576, 0.296410, 0.005887,
 1577, 0.295840, 0.006195,
 1578, 0.296360, 0.005516,
 1579, 0.296320, 0.005902,
 1580, 0.295720, 0.005422,
 1581, 0.296330, 0.006030,
 1582, 0.296120, 0.006029,
 1583, 0.296390, 0.005618,
 1584, 0.296050, 0.005918,
 1585, 0.296060, 0.005539,
 1586, 0.296300, 0.006046,
 1587, 0.295970, 0.006012,
 1588, 0.296340, 0.005397,
 1589, 0.296330, 0.006200,
 1590, 0.296220, 0.005739,
 1591, 0.296110, 0.005904,
 1592, 0.295990, 0.005912,
 1593, 0.296100, 0.005416,
 1594, 0.295800, 0.006086,
 1595, 0.295840, 0.005509,
 1596, 0.296180, 0.006054,
 1597, 0.296230, 0.006227,
 1598, 0.295920, 0.005744,
 1599, 0.296200, 0.005933,
 1600, 0.295850, 0.005279,
 1601, 0.296070, 0.005911,
 1602, 0.296660, 0.006389,
 1603, 0.295890, 0.005335,
 1604, 0.296230, 0.006058,
 1605, 0.295620, 0.005462,
 1606, 0.296100, 0.006007,
 1607, 0.296180, 0.005955,
 1608, 0.295830, 0.005729,
 1609, 0.296590, 0.005886,
 1610, 0.295670, 0.005734,
 1611, 0.296330, 0.006098,
 1612, 0.296140, 0.006137,
 1613, 0.295870, 0.005440,
 1614, 0.296390, 0.005928,
 1615, 0.295810, 0.005411,
 1616, 0.296690, 0.005966,
 1617, 0.296060, 0.005951,
 1618, 0.296320, 0.005796,
 1619, 0.295990, 0.005942,
 1620, 0.295890, 0.005822,
 1621, 0.296400, 0.006010,
 1622, 0.295980, 0.006081,
 1623, 0.296080, 0.005484,
 1624, 0.296000, 0.006161,
 1625, 0.296170, 0.005393,
 1626, 0.296190, 0.006113,
 1627, 0.296090, 0.006048,
 1628, 0.296300, 0.005608,
 1629, 0.296530, 0.006027,
 1630, 0.296160, 0.005466,
 1631, 0.296240, 0.005963,
 1632, 0.296030, 0.005792,
 1633, 0.296100, 0.005823,
 1634, 0.296410, 0.005833,
 1635, 0.295920, 0.005553,
 1636, 0.296330, 0.006005,
 1637, 0.296420, 0.006170,
 1638, 0.295830, 0.005428,
 1639, 0.296300, 0.005791,
 1640, 0.296070, 0.005402,
 1641, 0.296380, 0.005900,
 1642, 0.296240, 0.006145,
 1643, 0.296110, 0.005404,
 1644, 0.296590, 0.006030,
 1645, 0.295790, 0.005511,
 1646, 0.296040, 0.006112,
 1647, 0.296470, 0.006103,
 1648, 0.295660, 0.005696,
 1649, 0.296440, 0.006236,
 1650, 0.295950, 0.005594,
 1651, 0.296290, 0.005878,
 1652, 0.296170, 0.005614,
 1653, 0.295880, 0.005347,
 1654, 0.296140, 0.005958,
 1655, 0.296240, 0.005809,
 1656, 0.296820, 0.006238,
 1657, 0.296260, 0.005951,
 1658, 0.296180, 0.005352,
 1659, 0.296190, 0.006016,
 1660, 0.296110, 0.005560,
 1661, 0.296020, 0.006251,
 1662, 0.296250, 0.006064,
 1663, 0.296330, 0.005530,
 1664, 0.296220, 0.006133,
 1665, 0.296340, 0.005678,
 1666, 0.296160, 0.006001,
 1667, 0.296560, 0.005935,
 1668, 0.296030, 0.005540,
 1669, 0.296180, 0.006387,
 1670, 0.296570, 0.005367,
 1671, 0.296070, 0.005955,
 1672, 0.296330, 0.005870,
 1673, 0.295990, 0.005504,
 1674, 0.296000, 0.005593,
 1675, 0.295960, 0.005368,
 1676, 0.295900, 0.005803,
 1677, 0.296610, 0.005737,
 1678, 0.296210, 0.005332,
 1679, 0.296270, 0.006151,
 1680, 0.296120, 0.005470,
 1681, 0.295780, 0.006402,
 1682, 0.296550, 0.005901,
 1683, 0.296080, 0.005520,
 1684, 0.296580, 0.006009,
 1685, 0.295790, 0.005601,
 1686, 0.296140, 0.006093,
 1687, 0.296340, 0.006160,
 1688, 0.296030, 0.005489,
 1689, 0.296300, 0.006044,
 1690, 0.296310, 0.005580,
 1691, 0.295930, 0.006090,
 1692, 0.296030, 0.006335,
 1693, 0.296430, 0.005341,
 1694, 0.295810, 0.005999,
 1695, 0.296370, 0.005414,
 1696, 0.296390, 0.006040,
 1697, 0.296240, 0.006108,
 1698, 0.296300, 0.005496,
 1699, 0.295620, 0.005931,
 1700, 0.296100, 0.005445,
 1701, 0.295850, 0.006077,
 1702, 0.296220, 0.005756,
 1703, 0.296180, 0.005579,
 1704, 0.295870, 0.005871,
 1705, 0.296260, 0.005538,
 1706, 0.296010, 0.006173,
 1707, 0.296190, 0.006019,
 1708, 0.296180, 0.005538,
 1709, 0.296090, 0.006094,
 1710, 0.296480, 0.005189,
 1711, 0.296210, 0.006191,
 1712, 0.296410, 0.006002,
 1713, 0.296110, 0.005492,
 1714, 0.295960, 0.005906,
 1715, 0.296070, 0.005611,
 1716, 0.295940, 0.006283,
 1717, 0.296510, 0.005967,
 1718, 0.296130, 0.005276,
 1719, 0.296410, 0.006124,
 1720, 0.295930, 0.005604,
 1721, 0.296270, 0.006180,
 1722, 0.295910, 0.006197,
 1723, 0.296570, 0.005305,
 1724, 0.296410, 0.005955,
 1725, 0.296020, 0.005278,
 1726, 0.296060, 0.005894,
 1727, 0.295890, 0.006316,
 1728, 0.296450, 0.005511,
 1729, 0.295950, 0.006123,
 1730, 0.295970, 0.005421,
 1731, 0.296510, 0.006080,
 1732, 0.296090, 0.006127,
 1733, 0.296360, 0.005624,
 1734, 0.295980, 0.005803,
 1735, 0.296250, 0.005525,
 1736, 0.296330, 0.006083,
 1737, 0.296140, 0.006032,
 1738, 0.296220, 0.005471,
 1739, 0.295960, 0.006135,
 1740, 0.296050, 0.005485,
 1741, 0.296040, 0.006180,
 1742, 0.295970, 0.006092,
 1743, 0.296160, 0.005624,
 1744, 0.296430, 0.006213,
 1745, 0.296210, 0.005661,
 1746, 0.296240, 0.006094,
 1747, 0.296400, 0.006163,
 1748, 0.296110, 0.005297,
 1749, 0.296320, 0.006099,
 1750, 0.296020, 0.005430,
 1751, 0.296430, 0.006382,
 1752, 0.296320, 0.006096,
 1753, 0.295780, 0.005356,
 1754, 0.296200, 0.005948,
 1755, 0.295920, 0.005851,
 1756, 0.296260, 0.005621,
 1757, 0.296160, 0.006206,
 1758, 0.296200, 0.005495,
 1759, 0.296560, 0.005828,
 1760, 0.296090, 0.005579,
 1761, 0.296250, 0.005972,
 1762, 0.296130, 0.006128,
 1763, 0.296130, 0.005839,
 1764, 0.296330, 0.006052,
 1765, 0.296030, 0.005579,
 1766, 0.296190, 0.006038,
 1767, 0.295970, 0.006206,
 1768, 0.296080, 0.005486,
 1769, 0.296160, 0.005976,
 1770, 0.296280, 0.005816,
 1771, 0.296180, 0.005567,
 1772, 0.296040, 0.006106,
 1773, 0.296120, 0.005483,
 1774, 0.296040, 0.005965,
 1775, 0.296030, 0.006178,
 1776, 0.296250, 0.005707,
 1777, 0.296360, 0.005822,
 1778, 0.296160, 0.005508,
 1779, 0.296150, 0.005893,
 1780, 0.295760, 0.005916,
 1781, 0.296110, 0.005611,
 1782, 0.296260, 0.005761,
 1783, 0.295630, 0.005372,
 1784, 0.296450, 0.006106,
 1785, 0.296020, 0.006378,
 1786, 0.296270, 0.005314,
 1787, 0.296390, 0.005829,
 1788, 0.295870, 0.005653,
 1789, 0.296480, 0.005915,
 1790, 0.296010, 0.006098,
 1791, 0.296470, 0.005520,
 1792, 0.296420, 0.006053,
 1793, 0.295900, 0.005756,
 1794, 0.296560, 0.005987,
 1795, 0.295810, 0.006154,
 1796, 0.296250, 0.005482,
 1797, 0.296030, 0.006343,
 1798, 0.296190, 0.005674,
 1799, 0.296420, 0.006252,
 1800, 0.296130, 0.006393,
 1801, 0.296400, 0.005400,
 1802, 0.296080, 0.006123,
 1803, 0.296210, 0.005467,
 1804, 0.296100, 0.005869,
 1805, 0.296450, 0.005947,
 1806, 0.296190, 0.005308,
 1807, 0.296220, 0.005876,
 1808, 0.296070, 0.005413,
 1809, 0.296130, 0.005767,
 1810, 0.296340, 0.005888,
 1811, 0.296100, 0.005449,
 1812, 0.296460, 0.006301,
 1813, 0.296000, 0.005582,
 1814, 0.296380, 0.006136,
 1815, 0.295910, 0.005901,
 1816, 0.296030, 0.005572,
 1817, 0.296420, 0.005947,
 1818, 0.296200, 0.005402,
 1819, 0.296590, 0.006182,
 1820, 0.296030, 0.005820,
 1821, 0.296070, 0.005572,
 1822, 0.296330, 0.005965,
 1823, 0.295820, 0.005460,
 1824, 0.296490, 0.006054,
 1825, 0.296220, 0.006327,
 1826, 0.296300, 0.005375,
 1827, 0.295930, 0.006147,
 1828, 0.295720, 0.005470,
 1829, 0.296340, 0.006139,
 1830, 0.295970, 0.005981,
 1831, 0.296290, 0.005117,
 1832, 0.296390, 0.005798,
 1833, 0.296060, 0.005508,
 1834, 0.296160, 0.005753,
 1835, 0.296070, 0.006029,
 1836, 0.296130, 0.005631,
 1837, 0.296140, 0.006083,
 1838, 0.296080, 0.005544,
 1839, 0.296130, 0.006141,
 1840, 0.296470, 0.006207,
 1841, 0.295920, 0.005646,
 1842, 0.296190, 0.005926,
 1843, 0.296250, 0.005514,
 1844, 0.295950, 0.006110,
 1845, 0.296730, 0.005941,
 1846, 0.295740, 0.005642,
 1847, 0.296020, 0.005851,
 1848, 0.296220, 0.005702,
 1849, 0.296030, 0.005751,
 1850, 0.296410, 0.005942,
 1851, 0.295990, 0.005430,
 1852, 0.296790, 0.005771,
 1853, 0.295980, 0.005404,
 1854, 0.295980, 0.006197,
 1855, 0.296350, 0.005944,
 1856, 0.295880, 0.005494,
 1857, 0.296240, 0.005865,
 1858, 0.295980, 0.005461,
 1859, 0.296790, 0.006009,
 1860, 0.296070, 0.006075,
 1861, 0.296000, 0.005855,
 1862, 0.296130, 0.006354,
 1863, 0.296160, 0.005546,
 1864, 0.296050, 0.006343,
 1865, 0.296340, 0.006274,
 1866, 0.296020, 0.005404,
 1867, 0.296280, 0.005926,
 1868, 0.296170, 0.005593,
 1869, 0.295830, 0.006071,
 1870, 0.296040, 0.005723,
 1871, 0.295860, 0.005303,
 1872, 0.296300, 0.006105,
 1873, 0.296430, 0.005434,
 1874, 0.295930, 0.006096,
 1875, 0.296240, 0.006002,
 1876, 0.295990, 0.005495,
 1877, 0.295890, 0.006224,
 1878, 0.296270, 0.005420,
 1879, 0.295910, 0.006098,
 1880, 0.296480, 0.006314,
 1881, 0.295910, 0.005099,
 1882, 0.296220, 0.005989,
 1883, 0.296440, 0.005386,
 1884, 0.296030, 0.006393,
 1885, 0.296580, 0.006060,
 1886, 0.296220, 0.005907,
 1887, 0.296600, 0.005630,
 1888, 0.296070, 0.005454,
 1889, 0.295730, 0.006079,
 1890, 0.296580, 0.005985,
 1891, 0.295990, 0.005675,
 1892, 0.296440, 0.005888,
 1893, 0.295780, 0.005535,
 1894, 0.295930, 0.005729,
 1895, 0.296140, 0.005943,
 1896, 0.296090, 0.005496,
 1897, 0.296120, 0.006163,
 1898, 0.296260, 0.005547,
 1899, 0.296310, 0.005973,
 1900, 0.296130, 0.005720,
 1901, 0.296250, 0.005529,
 1902, 0.295920, 0.005927,
 1903, 0.296250, 0.005266,
 1904, 0.295900, 0.006236,
 1905, 0.296110, 0.006036,
 1906, 0.296150, 0.005471,
 1907, 0.295820, 0.005964,
 1908, 0.296130, 0.005589,
 1909, 0.296110, 0.006372,
 1910, 0.296170, 0.006083,
 1911, 0.296230, 0.005440,
 1912, 0.296050, 0.006324,
 1913, 0.296460, 0.005306,
 1914, 0.296070, 0.005754,
 1915, 0.296070, 0.006025,
 1916, 0.296040, 0.005664,
 1917, 0.296000, 0.005614,
 1918, 0.296000, 0.005555,
 1919, 0.296140, 0.005941,
 1920, 0.296140, 0.005988,
 1921, 0.296160, 0.005820,
 1922, 0.295960, 0.006262,
 1923, 0.296010, 0.005610,
 1924, 0.296260, 0.006118,
 1925, 0.296510, 0.005796,
 1926, 0.296120, 0.005168,
 1927, 0.296270, 0.005729,
 1928, 0.295890, 0.005381,
 1929, 0.296260, 0.006038,
 1930, 0.295970, 0.005905,
 1931, 0.296410, 0.005261,
 1932, 0.296010, 0.005846,
 1933, 0.296170, 0.005685,
 1934, 0.296240, 0.005984,
 1935, 0.295830, 0.006053,
 1936, 0.296130, 0.005621,
 1937, 0.295770, 0.005889,
 1938, 0.295960, 0.005208,
 1939, 0.296460, 0.005619,
 1940, 0.296150, 0.005677,
 1941, 0.296400, 0.005548,
 1942, 0.296110, 0.005877,
 1943, 0.295910, 0.005629,
 1944, 0.296180, 0.005534,
 1945, 0.295990, 0.006324,
 1946, 0.296320, 0.005575,
 1947, 0.296050, 0.006415,
 1948, 0.296340, 0.005910,
 1949, 0.296470, 0.006022,
 1950, 0.296090, 0.006065,
 1951, 0.296440, 0.005778,
 1952, 0.296200, 0.005676,
 1953, 0.296230, 0.005320,
 1954, 0.296210, 0.006252,
 1955, 0.296190, 0.005894,
 1956, 0.295950, 0.005480,
 1957, 0.296330, 0.005941,
 1958, 0.296020, 0.005593,
 1959, 0.296100, 0.006024,
 1960, 0.296170, 0.006042,
 1961, 0.295960, 0.005387,
 1962, 0.296440, 0.006055,
 1963, 0.295870, 0.005504,
 1964, 0.296170, 0.006161,
 1965, 0.295970, 0.006194,
 1966, 0.296290, 0.005461,
 1967, 0.296550, 0.006150,
 1968, 0.295940, 0.005381,
 1969, 0.296360, 0.005947,
 1970, 0.295700, 0.006089,
 1971, 0.296090, 0.005648,
 1972, 0.296150, 0.006220,
 1973, 0.295880, 0.005762,
 1974, 0.296450, 0.006085,
 1975, 0.296170, 0.006081,
 1976, 0.296140, 0.005229,
 1977, 0.296260, 0.006249,
 1978, 0.296380, 0.005981,
 1979, 0.296050, 0.005393,
 1980, 0.296420, 0.006328,
 1981, 0.296320, 0.005870,
 1982, 0.296050, 0.006052,
 1983, 0.296110, 0.006133,
 1984, 0.296140, 0.005062,
 1985, 0.296320, 0.005955,
 1986, 0.295730, 0.005400,
 1987, 0.296340, 0.005994,
 1988, 0.296120, 0.006239,
 1989, 0.296000, 0.005348,
 1990, 0.296300, 0.005915,
 1991, 0.295730, 0.005377,
 1992, 0.296400, 0.006061,
 1993, 0.296240, 0.005786,
 1994, 0.296300, 0.005849,
 1995, 0.295990, 0.005976,
 1996, 0.295780, 0.005608,
 1997, 0.296380, 0.005858,
 1998, 0.295820, 0.006092,
 1999, 0.296110, 0.005688,
 2000, 0.296110, 0.005911,
 2001, 0.295890, 0.005653,
