Container_size, 16777216,key_space, 74017request bin, mean_latency,sd,
 0, 0.318720, 0.010427,
 1, 0.318730, 0.009912,
 2, 0.318900, 0.010316,
 3, 0.318890, 0.010107,
 4, 0.318520, 0.010035,
 5, 0.318970, 0.010354,
 6, 0.318640, 0.009796,
 7, 0.318630, 0.010521,
 8, 0.318630, 0.010267,
 9, 0.318870, 0.010275,
 10, 0.318470, 0.010009,
 11, 0.318640, 0.009633,
 12, 0.318460, 0.010589,
 13, 0.318460, 0.010281,
 14, 0.318130, 0.009878,
 15, 0.318330, 0.010350,
 16, 0.318500, 0.009495,
 17, 0.318870, 0.010167,
 18, 0.318440, 0.010442,
 19, 0.318570, 0.010109,
 20, 0.318470, 0.010461,
 21, 0.318480, 0.009848,
 22, 0.318480, 0.010458,
 23, 0.318640, 0.010216,
 24, 0.318310, 0.009801,
 25, 0.318690, 0.010489,
 26, 0.318130, 0.009713,
 27, 0.318500, 0.010462,
 28, 0.318550, 0.010391,
 29, 0.318340, 0.009853,
 30, 0.318400, 0.010442,
 31, 0.318050, 0.009797,
 32, 0.318580, 0.010364,
 33, 0.318830, 0.009955,
 34, 0.318510, 0.009864,
 35, 0.318370, 0.010058,
 36, 0.318270, 0.009704,
 37, 0.318630, 0.010509,
 38, 0.318280, 0.010308,
 39, 0.318490, 0.009890,
 40, 0.318560, 0.010227,
 41, 0.317960, 0.009529,
 42, 0.318670, 0.010533,
 43, 0.318520, 0.010373,
 44, 0.318520, 0.009746,
 45, 0.318680, 0.010221,
 46, 0.318150, 0.009312,
 47, 0.318720, 0.010700,
 48, 0.318260, 0.010550,
 49, 0.318370, 0.009511,
 50, 0.318520, 0.010025,
 51, 0.318030, 0.009746,
 52, 0.318590, 0.010233,
 53, 0.318090, 0.009982,
 54, 0.318500, 0.009905,
 55, 0.318500, 0.010083,
 56, 0.318350, 0.010271,
 57, 0.318830, 0.010245,
 58, 0.318280, 0.010277,
 59, 0.318280, 0.010013,
 60, 0.318330, 0.010382,
 61, 0.318590, 0.010015,
 62, 0.318500, 0.010077,
 63, 0.318490, 0.010140,
 64, 0.318050, 0.009681,
 65, 0.319030, 0.010053,
 66, 0.318520, 0.010012,
 67, 0.318880, 0.009710,
 68, 0.318670, 0.010681,
 69, 0.317920, 0.009925,
 70, 0.318530, 0.010520,
 71, 0.318660, 0.010239,
 72, 0.318720, 0.010062,
 73, 0.318510, 0.010170,
 74, 0.318000, 0.009858,
 75, 0.318730, 0.010335,
 76, 0.318310, 0.010472,
 77, 0.318500, 0.009594,
 78, 0.318570, 0.010505,
 79, 0.318130, 0.009374,
 80, 0.318580, 0.010276,
 81, 0.318300, 0.010163,
 82, 0.318430, 0.009612,
 83, 0.318480, 0.009988,
 84, 0.318040, 0.009531,
 85, 0.318490, 0.010236,
 86, 0.318540, 0.010222,
 87, 0.318350, 0.010043,
 88, 0.318810, 0.010488,
 89, 0.318090, 0.010020,
 90, 0.318290, 0.010216,
 91, 0.318400, 0.009977,
 92, 0.318590, 0.010150,
 93, 0.318560, 0.010163,
 94, 0.318210, 0.009645,
 95, 0.318260, 0.010071,
 96, 0.318320, 0.010311,
 97, 0.318320, 0.009743,
 98, 0.318670, 0.010661,
 99, 0.318540, 0.009784,
 100, 0.318370, 0.010527,
 101, 0.318460, 0.010396,
 102, 0.318510, 0.009708,
 103, 0.318290, 0.010259,
 104, 0.318410, 0.009662,
 105, 0.318510, 0.010379,
 106, 0.318500, 0.010079,
 107, 0.318710, 0.009887,
 108, 0.318770, 0.010599,
 109, 0.318380, 0.009833,
 110, 0.318480, 0.010556,
 111, 0.318210, 0.010400,
 112, 0.318700, 0.009535,
 113, 0.318490, 0.010243,
 114, 0.318170, 0.009538,
 115, 0.318590, 0.010536,
 116, 0.318190, 0.010111,
 117, 0.318610, 0.010248,
 118, 0.318270, 0.010342,
 119, 0.318360, 0.009588,
 120, 0.318550, 0.010592,
 121, 0.318110, 0.009898,
 122, 0.318510, 0.009746,
 123, 0.318500, 0.010175,
 124, 0.318480, 0.009690,
 125, 0.318400, 0.010441,
 126, 0.318180, 0.009991,
 127, 0.318650, 0.010131,
 128, 0.318520, 0.010018,
 129, 0.319020, 0.009838,
 130, 0.318770, 0.010345,
 131, 0.318380, 0.010424,
 132, 0.318340, 0.009763,
 133, 0.318610, 0.010410,
 134, 0.318660, 0.009691,
 135, 0.318940, 0.010118,
 136, 0.318550, 0.009938,
 137, 0.318220, 0.010245,
 138, 0.318300, 0.010210,
 139, 0.318670, 0.009557,
 140, 0.318490, 0.010529,
 141, 0.318510, 0.010305,
 142, 0.318440, 0.009937,
 143, 0.318400, 0.010044,
 144, 0.318190, 0.009783,
 145, 0.318570, 0.010546,
 146, 0.318510, 0.009864,
 147, 0.318450, 0.010206,
 148, 0.318580, 0.010231,
 149, 0.318350, 0.009790,
 150, 0.318590, 0.010403,
 151, 0.318590, 0.010369,
 152, 0.318320, 0.009440,
 153, 0.318330, 0.010505,
 154, 0.318420, 0.009673,
 155, 0.318860, 0.010644,
 156, 0.318250, 0.010614,
 157, 0.318280, 0.009868,
 158, 0.318490, 0.010406,
 159, 0.318480, 0.009691,
 160, 0.318560, 0.010523,
 161, 0.318630, 0.010469,
 162, 0.318560, 0.009979,
 163, 0.318310, 0.009856,
 164, 0.318420, 0.009742,
 165, 0.318760, 0.010670,
 166, 0.318220, 0.010395,
 167, 0.318510, 0.010219,
 168, 0.318350, 0.010570,
 169, 0.318410, 0.009602,
 170, 0.318590, 0.010923,
 171, 0.318460, 0.010482,
 172, 0.318460, 0.009933,
 173, 0.318500, 0.010482,
 174, 0.318480, 0.009787,
 175, 0.318230, 0.010586,
 176, 0.318580, 0.010295,
 177, 0.318400, 0.010263,
 178, 0.318730, 0.010234,
 179, 0.318250, 0.009801,
 180, 0.318490, 0.010470,
 181, 0.318270, 0.010182,
 182, 0.318440, 0.009900,
 183, 0.318790, 0.010132,
 184, 0.318310, 0.009746,
 185, 0.318670, 0.010585,
 186, 0.318290, 0.010126,
 187, 0.318490, 0.010141,
 188, 0.318480, 0.010302,
 189, 0.318530, 0.009773,
 190, 0.318620, 0.010708,
 191, 0.318280, 0.010227,
 192, 0.318610, 0.010368,
 193, 0.318540, 0.010459,
 194, 0.318240, 0.009494,
 195, 0.318630, 0.010428,
 196, 0.318760, 0.010600,
 197, 0.318260, 0.010427,
 198, 0.318660, 0.010450,
 199, 0.318320, 0.009636,
 200, 0.318680, 0.010700,
 201, 0.318440, 0.010452,
 202, 0.318330, 0.009812,
 203, 0.318500, 0.010331,
 204, 0.318330, 0.009811,
 205, 0.318760, 0.010660,
 206, 0.318650, 0.010343,
 207, 0.318430, 0.010233,
 208, 0.318580, 0.010368,
 209, 0.318360, 0.009778,
 210, 0.318640, 0.010424,
 211, 0.318420, 0.010236,
 212, 0.318340, 0.010036,
 213, 0.318110, 0.010182,
 214, 0.318720, 0.009629,
 215, 0.318520, 0.010452,
 216, 0.318320, 0.010609,
 217, 0.318530, 0.010077,
 218, 0.318380, 0.010607,
 219, 0.318580, 0.009943,
 220, 0.318610, 0.010610,
 221, 0.318610, 0.010037,
 222, 0.318110, 0.009982,
 223, 0.318150, 0.010194,
 224, 0.318510, 0.009900,
 225, 0.318850, 0.010538,
 226, 0.318360, 0.010911,
 227, 0.318220, 0.009511,
 228, 0.318640, 0.010609,
 229, 0.317970, 0.009523,
 230, 0.319050, 0.010500,
 231, 0.318260, 0.010169,
 232, 0.318680, 0.009977,
 233, 0.318670, 0.010176,
 234, 0.318040, 0.009760,
 235, 0.318930, 0.010798,
 236, 0.318480, 0.010924,
 237, 0.318570, 0.009749,
 238, 0.318320, 0.010544,
 239, 0.317870, 0.009708,
 240, 0.318720, 0.010619,
 241, 0.318240, 0.010309,
 242, 0.318680, 0.009554,
 243, 0.318480, 0.010681,
 244, 0.318110, 0.010053,
 245, 0.318740, 0.010322,
 246, 0.318400, 0.010822,
 247, 0.318580, 0.010040,
 248, 0.318420, 0.010119,
 249, 0.318060, 0.009631,
 250, 0.318710, 0.010303,
 251, 0.318360, 0.010542,
 252, 0.318720, 0.009913,
 253, 0.318540, 0.010219,
 254, 0.318330, 0.010250,
 255, 0.318440, 0.009648,
 256, 0.318380, 0.010563,
 257, 0.319190, 0.009973,
 258, 0.318450, 0.010823,
 259, 0.318840, 0.010327,
 260, 0.318760, 0.010125,
 261, 0.318510, 0.010333,
 262, 0.318560, 0.009708,
 263, 0.318550, 0.010803,
 264, 0.318800, 0.010567,
 265, 0.318460, 0.009928,
 266, 0.318300, 0.010774,
 267, 0.318340, 0.010257,
 268, 0.318660, 0.010576,
 269, 0.318530, 0.010714,
 270, 0.318580, 0.010096,
 271, 0.318680, 0.010110,
 272, 0.318020, 0.009724,
 273, 0.318550, 0.010307,
 274, 0.318250, 0.010448,
 275, 0.318620, 0.009889,
 276, 0.318520, 0.010770,
 277, 0.318310, 0.010198,
 278, 0.318860, 0.010944,
 279, 0.318410, 0.010363,
 280, 0.318960, 0.009943,
 281, 0.318730, 0.010437,
 282, 0.318390, 0.010171,
 283, 0.318650, 0.010239,
 284, 0.318500, 0.010324,
 285, 0.318640, 0.010148,
 286, 0.318450, 0.010646,
 287, 0.318070, 0.009669,
 288, 0.318760, 0.010843,
 289, 0.318460, 0.010127,
 290, 0.318720, 0.010184,
 291, 0.318500, 0.010410,
 292, 0.318010, 0.009916,
 293, 0.318590, 0.010901,
 294, 0.318920, 0.010342,
 295, 0.318620, 0.010229,
 296, 0.318690, 0.010312,
 297, 0.318230, 0.009892,
 298, 0.318250, 0.010247,
 299, 0.318690, 0.010669,
 300, 0.318540, 0.009861,
 301, 0.318730, 0.010409,
 302, 0.318530, 0.009752,
 303, 0.318770, 0.010298,
 304, 0.318390, 0.010536,
 305, 0.318660, 0.010202,
 306, 0.319020, 0.010462,
 307, 0.318310, 0.009447,
 308, 0.318580, 0.010342,
 309, 0.318300, 0.010117,
 310, 0.318480, 0.009901,
 311, 0.318620, 0.010164,
 312, 0.318500, 0.009625,
 313, 0.318610, 0.010359,
 314, 0.318380, 0.010310,
 315, 0.318930, 0.010527,
 316, 0.318430, 0.009975,
 317, 0.318160, 0.009870,
 318, 0.318800, 0.010359,
 319, 0.318210, 0.010256,
 320, 0.318840, 0.009850,
 321, 0.318540, 0.010315,
 322, 0.318570, 0.010184,
 323, 0.318690, 0.010388,
 324, 0.318260, 0.010532,
 325, 0.318780, 0.010080,
 326, 0.318630, 0.010246,
 327, 0.318400, 0.010138,
 328, 0.318590, 0.010450,
 329, 0.318240, 0.010564,
 330, 0.318740, 0.009797,
 331, 0.318360, 0.009945,
 332, 0.318480, 0.010119,
 333, 0.318400, 0.010626,
 334, 0.318410, 0.010091,
 335, 0.318520, 0.010149,
 336, 0.318360, 0.010482,
 337, 0.318370, 0.009797,
 338, 0.318640, 0.010655,
 339, 0.318680, 0.010052,
 340, 0.318290, 0.010075,
 341, 0.318330, 0.010139,
 342, 0.318420, 0.009565,
 343, 0.318500, 0.010872,
 344, 0.318630, 0.010516,
 345, 0.318300, 0.010241,
 346, 0.318230, 0.009943,
 347, 0.318500, 0.009729,
 348, 0.318490, 0.010497,
 349, 0.318580, 0.009983,
 350, 0.318580, 0.010052,
 351, 0.318500, 0.010233,
 352, 0.318330, 0.009980,
 353, 0.318610, 0.010402,
 354, 0.318570, 0.010853,
 355, 0.318490, 0.010239,
 356, 0.318150, 0.010144,
 357, 0.318640, 0.009728,
 358, 0.318730, 0.010442,
 359, 0.318360, 0.010414,
 360, 0.318510, 0.009824,
 361, 0.318390, 0.009991,
 362, 0.318590, 0.009727,
 363, 0.318910, 0.010599,
 364, 0.318660, 0.010500,
 365, 0.318450, 0.009796,
 366, 0.318630, 0.009705,
 367, 0.318560, 0.010059,
 368, 0.318560, 0.010679,
 369, 0.318570, 0.010394,
 370, 0.318420, 0.009880,
 371, 0.318420, 0.010018,
 372, 0.318410, 0.009519,
 373, 0.318460, 0.010515,
 374, 0.318410, 0.010653,
 375, 0.318710, 0.010117,
 376, 0.318690, 0.010245,
 377, 0.318200, 0.009573,
 378, 0.318700, 0.010220,
 379, 0.318470, 0.010683,
 380, 0.318330, 0.009881,
 381, 0.318640, 0.010242,
 382, 0.318470, 0.009835,
 383, 0.318630, 0.010529,
 384, 0.318390, 0.010742,
 385, 0.318470, 0.010172,
 386, 0.318280, 0.010273,
 387, 0.318330, 0.009788,
 388, 0.318600, 0.010262,
 389, 0.318120, 0.009929,
 390, 0.318290, 0.010010,
 391, 0.318680, 0.010029,
 392, 0.318210, 0.009652,
 393, 0.318500, 0.010609,
 394, 0.318490, 0.010436,
 395, 0.318390, 0.009498,
 396, 0.318600, 0.010335,
 397, 0.318460, 0.009982,
 398, 0.318590, 0.010626,
 399, 0.318470, 0.010256,
 400, 0.318530, 0.010374,
 401, 0.319340, 0.011962,
 402, 0.318720, 0.010951,
 403, 0.319360, 0.011839,
 404, 0.319140, 0.011266,
 405, 0.318810, 0.011270,
 406, 0.318970, 0.011368,
 407, 0.319020, 0.010516,
 408, 0.319130, 0.011337,
 409, 0.318870, 0.010473,
 410, 0.319230, 0.010978,
 411, 0.319040, 0.011143,
 412, 0.318950, 0.010251,
 413, 0.319060, 0.011707,
 414, 0.318880, 0.010855,
 415, 0.318510, 0.011100,
 416, 0.318880, 0.011804,
 417, 0.318870, 0.010249,
 418, 0.318740, 0.011644,
 419, 0.318880, 0.010397,
 420, 0.318830, 0.010973,
 421, 0.318470, 0.011553,
 422, 0.318660, 0.009747,
 423, 0.319140, 0.011578,
 424, 0.318940, 0.011160,
 425, 0.318500, 0.010411,
 426, 0.318630, 0.011158,
 427, 0.318460, 0.010110,
 428, 0.318840, 0.011309,
 429, 0.318800, 0.010634,
 430, 0.318510, 0.010447,
 431, 0.318720, 0.011270,
 432, 0.318530, 0.009928,
 433, 0.319050, 0.011356,
 434, 0.318950, 0.011475,
 435, 0.318700, 0.010750,
 436, 0.318780, 0.010598,
 437, 0.318280, 0.010386,
 438, 0.318860, 0.011288,
 439, 0.318730, 0.010635,
 440, 0.318570, 0.010070,
 441, 0.318990, 0.011140,
 442, 0.318280, 0.010416,
 443, 0.318780, 0.011393,
 444, 0.318640, 0.010753,
 445, 0.318700, 0.010283,
 446, 0.318970, 0.011012,
 447, 0.318210, 0.009661,
 448, 0.318910, 0.011220,
 449, 0.318520, 0.010707,
 450, 0.318510, 0.010696,
 451, 0.318890, 0.010649,
 452, 0.318280, 0.009783,
 453, 0.319150, 0.011521,
 454, 0.318490, 0.010671,
 455, 0.318890, 0.010447,
 456, 0.318740, 0.011488,
 457, 0.318700, 0.010364,
 458, 0.319010, 0.011177,
 459, 0.318690, 0.010623,
 460, 0.318470, 0.010132,
 461, 0.318750, 0.010921,
 462, 0.318470, 0.010534,
 463, 0.318580, 0.010544,
 464, 0.318480, 0.010430,
 465, 0.318580, 0.010355,
 466, 0.318880, 0.011001,
 467, 0.318680, 0.010865,
 468, 0.318510, 0.010678,
 469, 0.318350, 0.010352,
 470, 0.318540, 0.010276,
 471, 0.318730, 0.010533,
 472, 0.318750, 0.010997,
 473, 0.318590, 0.010476,
 474, 0.318780, 0.010562,
 475, 0.318320, 0.010317,
 476, 0.318760, 0.010795,
 477, 0.318800, 0.010853,
 478, 0.318550, 0.010570,
 479, 0.318770, 0.010373,
 480, 0.318130, 0.010152,
 481, 0.318470, 0.010770,
 482, 0.318290, 0.010497,
 483, 0.318680, 0.010376,
 484, 0.318700, 0.010474,
 485, 0.318200, 0.010444,
 486, 0.318860, 0.010894,
 487, 0.318780, 0.010744,
 488, 0.318630, 0.009924,
 489, 0.318810, 0.010606,
 490, 0.318160, 0.010179,
 491, 0.318690, 0.010440,
 492, 0.318950, 0.010448,
 493, 0.318490, 0.010369,
 494, 0.318780, 0.010662,
 495, 0.318450, 0.009915,
 496, 0.318630, 0.010857,
 497, 0.318690, 0.010053,
 498, 0.318590, 0.010268,
 499, 0.318480, 0.010179,
 500, 0.318310, 0.010117,
 501, 0.318300, 0.010629,
 502, 0.318790, 0.010381,
 503, 0.318550, 0.009994,
 504, 0.318820, 0.010388,
 505, 0.318150, 0.009540,
 506, 0.318340, 0.010710,
 507, 0.318430, 0.010212,
 508, 0.318830, 0.010266,
 509, 0.318740, 0.010461,
 510, 0.318450, 0.010042,
 511, 0.318690, 0.010429,
 512, 0.318320, 0.010551,
 513, 0.319090, 0.009907,
 514, 0.318980, 0.010174,
 515, 0.318490, 0.010209,
 516, 0.318240, 0.010505,
 517, 0.318250, 0.010308,
 518, 0.318520, 0.009963,
 519, 0.318600, 0.010769,
 520, 0.318390, 0.009789,
 521, 0.318580, 0.010450,
 522, 0.318270, 0.010824,
 523, 0.318510, 0.009848,
 524, 0.318430, 0.010226,
 525, 0.318360, 0.009778,
 526, 0.318860, 0.010485,
 527, 0.318150, 0.010071,
 528, 0.318610, 0.009763,
 529, 0.318710, 0.010386,
 530, 0.318350, 0.009635,
 531, 0.318600, 0.010423,
 532, 0.318550, 0.010654,
 533, 0.318560, 0.009873,
 534, 0.318320, 0.010446,
 535, 0.318180, 0.009667,
 536, 0.318910, 0.010456,
 537, 0.318380, 0.010357,
 538, 0.318610, 0.009764,
 539, 0.318540, 0.010528,
 540, 0.318450, 0.009704,
 541, 0.318410, 0.010528,
 542, 0.318600, 0.010143,
 543, 0.318580, 0.010081,
 544, 0.318280, 0.010500,
 545, 0.318520, 0.009863,
 546, 0.318810, 0.010421,
 547, 0.318500, 0.010243,
 548, 0.318460, 0.009755,
 549, 0.318380, 0.010071,
 550, 0.318460, 0.009551,
 551, 0.318750, 0.010366,
 552, 0.318750, 0.010371,
 553, 0.318230, 0.010034,
 554, 0.318470, 0.010078,
 555, 0.318340, 0.009846,
 556, 0.318590, 0.010190,
 557, 0.318400, 0.010276,
 558, 0.318680, 0.009587,
 559, 0.318430, 0.010218,
 560, 0.318320, 0.009650,
 561, 0.318500, 0.010052,
 562, 0.318110, 0.010664,
 563, 0.318790, 0.009816,
 564, 0.318310, 0.010147,
 565, 0.318660, 0.009462,
 566, 0.318570, 0.010605,
 567, 0.318450, 0.010113,
 568, 0.318520, 0.009665,
 569, 0.318230, 0.010301,
 570, 0.318540, 0.009669,
 571, 0.318770, 0.010958,
 572, 0.318520, 0.010262,
 573, 0.318500, 0.009920,
 574, 0.318630, 0.009971,
 575, 0.318220, 0.009840,
 576, 0.318460, 0.010276,
 577, 0.318520, 0.009947,
 578, 0.318560, 0.009720,
 579, 0.318620, 0.009904,
 580, 0.318270, 0.009492,
 581, 0.318950, 0.011497,
 582, 0.318360, 0.010361,
 583, 0.318350, 0.009931,
 584, 0.318690, 0.010053,
 585, 0.318370, 0.009583,
 586, 0.318540, 0.010739,
 587, 0.318240, 0.010066,
 588, 0.318670, 0.009708,
 589, 0.318750, 0.010160,
 590, 0.318310, 0.009727,
 591, 0.318400, 0.010550,
 592, 0.318440, 0.010198,
 593, 0.318460, 0.009794,
 594, 0.318460, 0.010420,
 595, 0.318090, 0.009409,
 596, 0.318720, 0.010532,
 597, 0.318470, 0.010266,
 598, 0.318410, 0.009678,
 599, 0.318720, 0.010051,
 600, 0.318370, 0.009594,
 601, 0.318600, 0.010683,
 602, 0.318520, 0.009837,
 603, 0.318260, 0.010002,
 604, 0.318310, 0.010143,
 605, 0.318300, 0.009562,
 606, 0.318730, 0.010940,
 607, 0.318270, 0.010459,
 608, 0.318530, 0.009876,
 609, 0.318490, 0.010414,
 610, 0.318690, 0.009812,
 611, 0.318730, 0.010679,
 612, 0.318700, 0.010194,
 613, 0.318200, 0.009971,
 614, 0.318410, 0.010411,
 615, 0.318570, 0.009710,
 616, 0.318390, 0.010571,
 617, 0.318510, 0.009665,
 618, 0.318530, 0.010117,
 619, 0.318490, 0.010245,
 620, 0.318550, 0.009217,
 621, 0.318440, 0.011047,
 622, 0.318550, 0.010288,
 623, 0.318310, 0.009792,
 624, 0.318560, 0.010451,
 625, 0.318530, 0.009412,
 626, 0.318580, 0.010432,
 627, 0.318620, 0.009974,
 628, 0.318330, 0.009762,
 629, 0.318640, 0.010241,
 630, 0.318550, 0.009817,
 631, 0.318860, 0.011056,
 632, 0.318650, 0.010249,
 633, 0.318270, 0.009692,
 634, 0.318500, 0.010297,
 635, 0.318140, 0.009482,
 636, 0.318600, 0.010590,
 637, 0.318570, 0.010018,
 638, 0.318470, 0.010154,
 639, 0.318640, 0.010179,
 640, 0.318120, 0.009579,
 641, 0.318700, 0.010853,
 642, 0.318440, 0.010082,
 643, 0.318720, 0.009914,
 644, 0.318580, 0.010241,
 645, 0.318150, 0.009678,
 646, 0.318620, 0.010368,
 647, 0.318480, 0.010195,
 648, 0.318350, 0.009913,
 649, 0.318380, 0.010470,
 650, 0.317940, 0.009315,
 651, 0.318620, 0.010526,
 652, 0.318400, 0.009923,
 653, 0.318690, 0.009386,
 654, 0.318270, 0.010322,
 655, 0.318130, 0.009283,
 656, 0.319030, 0.010725,
 657, 0.318310, 0.010146,
 658, 0.318650, 0.009835,
 659, 0.318670, 0.009794,
 660, 0.318050, 0.009296,
 661, 0.318780, 0.010531,
 662, 0.317980, 0.009894,
 663, 0.318200, 0.009523,
 664, 0.318320, 0.009862,
 665, 0.318620, 0.010373,
 666, 0.318500, 0.009954,
 667, 0.318330, 0.010215,
 668, 0.318290, 0.009705,
 669, 0.318480, 0.010350,
 670, 0.318240, 0.010281,
 671, 0.318560, 0.010299,
 672, 0.318300, 0.010229,
 673, 0.318260, 0.009903,
 674, 0.318520, 0.010161,
 675, 0.318400, 0.010056,
 676, 0.318230, 0.009462,
 677, 0.318520, 0.010180,
 678, 0.318300, 0.009978,
 679, 0.318390, 0.010530,
 680, 0.318360, 0.010119,
 681, 0.318730, 0.010183,
 682, 0.318400, 0.009851,
 683, 0.318100, 0.009910,
 684, 0.318730, 0.010700,
 685, 0.318510, 0.010405,
 686, 0.318500, 0.009651,
 687, 0.318410, 0.010104,
 688, 0.317950, 0.009748,
 689, 0.318670, 0.010097,
 690, 0.318630, 0.009863,
 691, 0.318750, 0.010494,
 692, 0.318520, 0.010147,
 693, 0.318080, 0.009873,
 694, 0.318550, 0.010185,
 695, 0.318350, 0.010438,
 696, 0.318530, 0.010086,
 697, 0.318760, 0.010258,
 698, 0.318150, 0.010135,
 699, 0.318190, 0.010298,
 700, 0.318790, 0.010131,
 701, 0.318460, 0.009854,
 702, 0.318700, 0.010349,
 703, 0.318460, 0.010004,
 704, 0.318300, 0.010835,
 705, 0.318460, 0.010181,
 706, 0.318700, 0.009648,
 707, 0.318500, 0.009949,
 708, 0.318100, 0.009791,
 709, 0.318500, 0.010294,
 710, 0.318510, 0.010307,
 711, 0.318680, 0.009529,
 712, 0.318650, 0.010164,
 713, 0.318350, 0.009791,
 714, 0.318800, 0.010421,
 715, 0.318340, 0.010633,
 716, 0.318780, 0.009888,
 717, 0.318460, 0.010445,
 718, 0.318340, 0.009849,
 719, 0.318350, 0.010209,
 720, 0.318310, 0.010647,
 721, 0.318660, 0.009620,
 722, 0.318620, 0.010450,
 723, 0.318450, 0.009881,
 724, 0.318590, 0.010518,
 725, 0.318140, 0.010388,
 726, 0.318480, 0.009854,
 727, 0.318510, 0.010467,
 728, 0.318610, 0.009560,
 729, 0.318640, 0.010251,
 730, 0.318460, 0.010608,
 731, 0.318810, 0.010034,
 732, 0.318720, 0.010256,
 733, 0.318320, 0.009434,
 734, 0.318540, 0.010393,
 735, 0.318450, 0.010038,
 736, 0.318460, 0.009788,
 737, 0.318260, 0.010169,
 738, 0.318240, 0.009567,
 739, 0.318560, 0.010601,
 740, 0.318460, 0.010424,
 741, 0.318580, 0.009791,
 742, 0.318450, 0.010436,
 743, 0.318410, 0.010139,
 744, 0.318600, 0.010239,
 745, 0.318460, 0.010074,
 746, 0.318350, 0.010004,
 747, 0.318450, 0.009946,
 748, 0.318470, 0.009795,
 749, 0.318610, 0.010166,
 750, 0.318640, 0.010326,
 751, 0.318400, 0.009638,
 752, 0.318380, 0.009747,
 753, 0.318390, 0.009572,
 754, 0.318760, 0.010769,
 755, 0.318530, 0.010380,
 756, 0.318500, 0.009944,
 757, 0.318290, 0.010229,
 758, 0.318190, 0.009841,
 759, 0.318560, 0.010395,
 760, 0.318510, 0.010550,
 761, 0.318280, 0.009815,
 762, 0.318280, 0.010196,
 763, 0.318410, 0.009491,
 764, 0.318380, 0.010453,
 765, 0.318390, 0.010400,
 766, 0.318520, 0.009547,
 767, 0.318050, 0.010388,
 768, 0.318160, 0.009301,
 769, 0.318450, 0.010532,
 770, 0.318220, 0.010200,
 771, 0.318480, 0.009782,
 772, 0.318380, 0.010231,
 773, 0.318690, 0.009590,
 774, 0.318580, 0.010721,
 775, 0.318540, 0.010463,
 776, 0.318730, 0.009968,
 777, 0.318520, 0.010286,
 778, 0.318360, 0.009297,
 779, 0.318570, 0.010660,
 780, 0.318430, 0.010028,
 781, 0.318410, 0.009966,
 782, 0.318670, 0.009988,
 783, 0.318250, 0.009815,
 784, 0.318440, 0.010431,
 785, 0.318450, 0.010437,
 786, 0.318320, 0.009828,
 787, 0.318500, 0.010132,
 788, 0.318610, 0.009583,
 789, 0.318720, 0.010334,
 790, 0.318560, 0.010714,
 791, 0.318330, 0.009813,
 792, 0.318570, 0.010092,
 793, 0.318220, 0.009749,
 794, 0.318650, 0.010546,
 795, 0.318450, 0.010092,
 796, 0.318520, 0.010058,
 797, 0.318580, 0.009806,
 798, 0.318390, 0.009692,
 799, 0.318610, 0.010561,
 800, 0.318390, 0.010422,
 801, 0.318560, 0.010093,
 802, 0.318610, 0.010272,
 803, 0.318080, 0.009534,
 804, 0.318970, 0.010864,
 805, 0.318330, 0.009857,
 806, 0.318410, 0.009927,
 807, 0.318320, 0.010035,
 808, 0.318490, 0.009712,
 809, 0.318430, 0.010660,
 810, 0.318660, 0.010362,
 811, 0.318350, 0.009864,
 812, 0.318470, 0.010468,
 813, 0.318470, 0.009670,
 814, 0.318470, 0.010548,
 815, 0.318380, 0.010136,
 816, 0.318460, 0.009999,
 817, 0.318580, 0.010255,
 818, 0.318280, 0.009260,
 819, 0.318630, 0.010895,
 820, 0.318430, 0.009988,
 821, 0.317950, 0.010044,
 822, 0.318280, 0.010306,
 823, 0.318530, 0.009396,
 824, 0.318320, 0.010684,
 825, 0.318340, 0.010106,
 826, 0.318450, 0.010168,
 827, 0.318560, 0.009865,
 828, 0.318510, 0.009774,
 829, 0.318480, 0.010771,
 830, 0.318460, 0.010228,
 831, 0.318410, 0.010042,
 832, 0.318420, 0.010399,
 833, 0.318290, 0.009330,
 834, 0.318530, 0.010966,
 835, 0.318530, 0.010278,
 836, 0.318420, 0.009596,
 837, 0.318330, 0.010438,
 838, 0.318320, 0.009666,
 839, 0.318370, 0.010904,
 840, 0.318760, 0.010394,
 841, 0.318300, 0.010006,
 842, 0.318590, 0.010132,
 843, 0.317940, 0.009650,
 844, 0.318930, 0.010440,
 845, 0.318590, 0.010071,
 846, 0.318180, 0.009811,
 847, 0.318450, 0.010373,
 848, 0.318430, 0.009912,
 849, 0.318660, 0.010815,
 850, 0.318480, 0.010357,
 851, 0.318700, 0.009536,
 852, 0.318480, 0.010206,
 853, 0.317980, 0.009365,
 854, 0.318460, 0.010400,
 855, 0.318450, 0.010199,
 856, 0.318350, 0.009538,
 857, 0.318570, 0.010560,
 858, 0.318260, 0.009583,
 859, 0.318710, 0.010850,
 860, 0.318220, 0.010767,
 861, 0.318550, 0.009601,
 862, 0.318600, 0.010545,
 863, 0.318100, 0.009974,
 864, 0.318880, 0.009944,
 865, 0.318270, 0.010471,
 866, 0.318250, 0.009549,
 867, 0.318580, 0.010062,
 868, 0.318280, 0.010463,
 869, 0.318630, 0.010165,
 870, 0.318600, 0.010054,
 871, 0.318440, 0.009710,
 872, 0.318560, 0.010505,
 873, 0.318610, 0.010467,
 874, 0.318390, 0.009764,
 875, 0.318570, 0.009916,
 876, 0.318310, 0.009950,
 877, 0.318620, 0.010266,
 878, 0.318400, 0.010253,
 879, 0.318580, 0.010589,
 880, 0.318400, 0.010025,
 881, 0.318010, 0.009904,
 882, 0.318620, 0.010496,
 883, 0.318560, 0.010541,
 884, 0.318460, 0.009587,
 885, 0.318290, 0.009579,
 886, 0.318280, 0.009841,
 887, 0.318690, 0.010295,
 888, 0.318410, 0.010207,
 889, 0.319000, 0.010437,
 890, 0.318460, 0.009862,
 891, 0.318090, 0.009840,
 892, 0.318530, 0.009963,
 893, 0.318450, 0.010081,
 894, 0.318420, 0.009940,
 895, 0.318620, 0.010163,
 896, 0.317940, 0.009853,
 897, 0.318420, 0.010300,
 898, 0.318520, 0.010200,
 899, 0.318680, 0.010421,
 900, 0.318370, 0.010091,
 901, 0.318290, 0.009770,
 902, 0.318580, 0.010569,
 903, 0.318530, 0.010255,
 904, 0.318740, 0.010171,
 905, 0.318680, 0.010087,
 906, 0.318000, 0.009703,
 907, 0.318410, 0.010460,
 908, 0.318290, 0.010309,
 909, 0.318550, 0.010397,
 910, 0.318420, 0.009967,
 911, 0.318230, 0.009427,
 912, 0.318450, 0.010414,
 913, 0.318350, 0.010208,
 914, 0.318950, 0.009743,
 915, 0.318260, 0.009893,
 916, 0.318200, 0.009779,
 917, 0.318510, 0.010380,
 918, 0.318440, 0.010531,
 919, 0.318600, 0.009871,
 920, 0.318830, 0.010298,
 921, 0.318370, 0.009648,
 922, 0.318370, 0.010079,
 923, 0.318270, 0.010471,
 924, 0.318840, 0.009656,
 925, 0.318880, 0.010353,
 926, 0.318320, 0.009715,
 927, 0.318700, 0.010685,
 928, 0.318340, 0.010639,
 929, 0.318460, 0.009606,
 930, 0.318610, 0.010037,
 931, 0.318320, 0.009691,
 932, 0.318520, 0.010493,
 933, 0.318020, 0.009949,
 934, 0.318620, 0.009709,
 935, 0.318600, 0.010164,
 936, 0.318450, 0.009622,
 937, 0.318650, 0.010295,
 938, 0.318070, 0.010360,
 939, 0.318830, 0.010001,
 940, 0.318390, 0.010459,
 941, 0.318470, 0.009858,
 942, 0.318870, 0.010267,
 943, 0.318500, 0.010105,
 944, 0.318350, 0.009837,
 945, 0.318640, 0.009999,
 946, 0.318370, 0.009665,
 947, 0.318450, 0.010516,
 948, 0.318370, 0.010509,
 949, 0.318720, 0.009937,
 950, 0.318340, 0.010254,
 951, 0.318530, 0.009698,
 952, 0.318790, 0.010749,
 953, 0.318340, 0.010390,
 954, 0.318260, 0.010170,
 955, 0.318390, 0.010079,
 956, 0.318240, 0.009760,
 957, 0.318410, 0.010521,
 958, 0.318550, 0.010386,
 959, 0.318350, 0.010000,
 960, 0.318540, 0.010104,
 961, 0.318400, 0.009865,
 962, 0.318760, 0.010525,
 963, 0.318750, 0.010711,
 964, 0.318280, 0.010027,
 965, 0.318420, 0.010062,
 966, 0.318470, 0.009968,
 967, 0.318720, 0.010657,
 968, 0.318570, 0.010957,
 969, 0.318020, 0.009719,
 970, 0.318420, 0.010027,
 971, 0.318570, 0.009729,
 972, 0.318640, 0.010631,
 973, 0.318390, 0.010587,
 974, 0.318480, 0.009666,
 975, 0.318280, 0.010162,
 976, 0.318460, 0.010196,
 977, 0.318640, 0.010351,
 978, 0.318480, 0.010748,
 979, 0.318640, 0.010099,
 980, 0.318330, 0.010292,
 981, 0.318470, 0.010037,
 982, 0.318690, 0.010324,
 983, 0.318410, 0.010345,
 984, 0.318560, 0.009930,
 985, 0.318570, 0.010369,
 986, 0.318400, 0.009848,
 987, 0.318730, 0.010740,
 988, 0.318270, 0.010686,
 989, 0.318410, 0.009872,
 990, 0.318570, 0.010361,
 991, 0.318310, 0.009743,
 992, 0.318490, 0.010239,
 993, 0.318450, 0.010339,
 994, 0.318520, 0.009675,
 995, 0.318740, 0.010288,
 996, 0.318230, 0.009813,
 997, 0.318700, 0.010737,
 998, 0.318300, 0.010552,
 999, 0.318710, 0.009693,
 1000, 0.318600, 0.010008,
 1001, 0.318180, 0.009847,
 1002, 0.318590, 0.010549,
 1003, 0.318200, 0.010394,
 1004, 0.318640, 0.009969,
 1005, 0.318630, 0.010365,
 1006, 0.318430, 0.009644,
 1007, 0.318270, 0.010594,
 1008, 0.318770, 0.010353,
 1009, 0.318470, 0.009901,
 1010, 0.318420, 0.010160,
 1011, 0.318330, 0.010004,
 1012, 0.318700, 0.010995,
 1013, 0.318390, 0.010374,
 1014, 0.318500, 0.009829,
 1015, 0.318640, 0.010381,
 1016, 0.318480, 0.009913,
 1017, 0.318500, 0.010890,
 1018, 0.318550, 0.009826,
 1019, 0.318260, 0.009936,
 1020, 0.318480, 0.010294,
 1021, 0.318450, 0.009515,
 1022, 0.318650, 0.010573,
 1023, 0.318640, 0.010292,
 1024, 0.318260, 0.010177,
 1025, 0.318990, 0.010423,
 1026, 0.318710, 0.009923,
 1027, 0.318780, 0.011342,
 1028, 0.318670, 0.010061,
 1029, 0.318350, 0.009936,
 1030, 0.318880, 0.010533,
 1031, 0.318480, 0.009449,
 1032, 0.318600, 0.010594,
 1033, 0.318560, 0.010456,
 1034, 0.318540, 0.010325,
 1035, 0.318540, 0.010809,
 1036, 0.318470, 0.009454,
 1037, 0.319040, 0.010689,
 1038, 0.318500, 0.010524,
 1039, 0.318520, 0.009873,
 1040, 0.318740, 0.010330,
 1041, 0.318260, 0.009644,
 1042, 0.318490, 0.010655,
 1043, 0.318510, 0.010355,
 1044, 0.318410, 0.009796,
 1045, 0.318640, 0.010392,
 1046, 0.318480, 0.009830,
 1047, 0.318470, 0.010746,
 1048, 0.318370, 0.010256,
 1049, 0.318690, 0.009868,
 1050, 0.318590, 0.010229,
 1051, 0.318190, 0.009756,
 1052, 0.318490, 0.010189,
 1053, 0.318660, 0.010428,
 1054, 0.318550, 0.009870,
 1055, 0.318290, 0.010289,
 1056, 0.318370, 0.009843,
 1057, 0.318670, 0.011250,
 1058, 0.318590, 0.010319,
 1059, 0.318640, 0.009906,
 1060, 0.318460, 0.009953,
 1061, 0.318190, 0.009715,
 1062, 0.318570, 0.010288,
 1063, 0.318380, 0.010429,
 1064, 0.318430, 0.009794,
 1065, 0.318900, 0.010292,
 1066, 0.318160, 0.009842,
 1067, 0.318670, 0.011011,
 1068, 0.318190, 0.010295,
 1069, 0.318560, 0.010045,
 1070, 0.318360, 0.010220,
 1071, 0.318340, 0.010853,
 1072, 0.318750, 0.010301,
 1073, 0.318180, 0.010268,
 1074, 0.318440, 0.009757,
 1075, 0.318380, 0.010249,
 1076, 0.318770, 0.010479,
 1077, 0.318590, 0.010521,
 1078, 0.318680, 0.010438,
 1079, 0.318350, 0.009845,
 1080, 0.318600, 0.010322,
 1081, 0.318500, 0.010548,
 1082, 0.318560, 0.009952,
 1083, 0.318330, 0.010486,
 1084, 0.318150, 0.009921,
 1085, 0.318780, 0.010267,
 1086, 0.318310, 0.010017,
 1087, 0.318290, 0.009967,
 1088, 0.318580, 0.010071,
 1089, 0.317730, 0.009828,
 1090, 0.318520, 0.010304,
 1091, 0.318470, 0.010064,
 1092, 0.318460, 0.010091,
 1093, 0.318480, 0.010313,
 1094, 0.318280, 0.009903,
 1095, 0.318520, 0.010396,
 1096, 0.318540, 0.010575,
 1097, 0.318490, 0.009928,
 1098, 0.318390, 0.010069,
 1099, 0.318190, 0.010081,
 1100, 0.318860, 0.010406,
 1101, 0.318630, 0.010511,
 1102, 0.318440, 0.009926,
 1103, 0.318650, 0.010244,
 1104, 0.318370, 0.009747,
 1105, 0.318530, 0.010553,
 1106, 0.318600, 0.010702,
 1107, 0.318620, 0.010022,
 1108, 0.318300, 0.010580,
 1109, 0.318080, 0.009928,
 1110, 0.318580, 0.010533,
 1111, 0.318240, 0.010221,
 1112, 0.318610, 0.010057,
 1113, 0.318790, 0.010275,
 1114, 0.318220, 0.009640,
 1115, 0.318430, 0.010356,
 1116, 0.318380, 0.010754,
 1117, 0.318510, 0.009892,
 1118, 0.318440, 0.010157,
 1119, 0.318330, 0.009915,
 1120, 0.318580, 0.010571,
 1121, 0.318330, 0.010068,
 1122, 0.318830, 0.010026,
 1123, 0.318410, 0.010329,
 1124, 0.318190, 0.009824,
 1125, 0.318640, 0.010132,
 1126, 0.318400, 0.010471,
 1127, 0.318470, 0.009855,
 1128, 0.318240, 0.010522,
 1129, 0.318460, 0.009637,
 1130, 0.318660, 0.010407,
 1131, 0.318330, 0.010156,
 1132, 0.318850, 0.009866,
 1133, 0.318390, 0.010211,
 1134, 0.318260, 0.009733,
 1135, 0.318890, 0.010338,
 1136, 0.318080, 0.010217,
 1137, 0.318640, 0.010358,
 1138, 0.318770, 0.009996,
 1139, 0.318220, 0.009823,
 1140, 0.318580, 0.010352,
 1141, 0.318270, 0.010352,
 1142, 0.318740, 0.009748,
 1143, 0.318150, 0.010043,
 1144, 0.318540, 0.009899,
 1145, 0.318630, 0.010412,
 1146, 0.318290, 0.010610,
 1147, 0.318530, 0.010113,
 1148, 0.318310, 0.010010,
 1149, 0.318750, 0.009699,
 1150, 0.318600, 0.010545,
 1151, 0.318380, 0.010234,
 1152, 0.318480, 0.009721,
 1153, 0.318150, 0.009924,
 1154, 0.318650, 0.009637,
 1155, 0.318800, 0.010233,
 1156, 0.318680, 0.010664,
 1157, 0.318320, 0.009752,
 1158, 0.318160, 0.009998,
 1159, 0.318300, 0.009830,
 1160, 0.318810, 0.010572,
 1161, 0.318390, 0.010317,
 1162, 0.318450, 0.010243,
 1163, 0.318380, 0.009985,
 1164, 0.318450, 0.010008,
 1165, 0.318520, 0.010752,
 1166, 0.318350, 0.010369,
 1167, 0.318330, 0.010123,
 1168, 0.318440, 0.010319,
 1169, 0.318350, 0.009719,
 1170, 0.318740, 0.010663,
 1171, 0.318420, 0.010166,
 1172, 0.318440, 0.010085,
 1173, 0.318600, 0.010304,
 1174, 0.318580, 0.010078,
 1175, 0.318620, 0.010263,
 1176, 0.318480, 0.010863,
 1177, 0.318370, 0.010063,
 1178, 0.318530, 0.010540,
 1179, 0.318790, 0.009852,
 1180, 0.318580, 0.010766,
 1181, 0.318450, 0.010394,
 1182, 0.318970, 0.009991,
 1183, 0.318280, 0.010316,
 1184, 0.318530, 0.009871,
 1185, 0.318540, 0.010556,
 1186, 0.318480, 0.010680,
 1187, 0.318600, 0.010299,
 1188, 0.318570, 0.010036,
 1189, 0.318310, 0.009722,
 1190, 0.318780, 0.010583,
 1191, 0.318210, 0.010562,
 1192, 0.318520, 0.010037,
 1193, 0.318580, 0.010400,
 1194, 0.318370, 0.009786,
 1195, 0.318930, 0.010872,
 1196, 0.318060, 0.010501,
 1197, 0.318410, 0.010263,
 1198, 0.318540, 0.010048,
 1199, 0.318310, 0.009650,
 1200, 0.318660, 0.010554,
 1201, 0.318370, 0.010272,
 1202, 0.318300, 0.009758,
 1203, 0.318780, 0.010363,
 1204, 0.318370, 0.009990,
 1205, 0.318730, 0.010875,
 1206, 0.318610, 0.010502,
 1207, 0.318690, 0.010058,
 1208, 0.318790, 0.010362,
 1209, 0.318360, 0.009765,
 1210, 0.318530, 0.010678,
 1211, 0.318690, 0.010501,
 1212, 0.318400, 0.010026,
 1213, 0.318480, 0.010260,
 1214, 0.318570, 0.009800,
 1215, 0.318520, 0.010786,
 1216, 0.318420, 0.010316,
 1217, 0.318500, 0.010166,
 1218, 0.318520, 0.010386,
 1219, 0.318520, 0.010012,
 1220, 0.318530, 0.010711,
 1221, 0.318510, 0.009771,
 1222, 0.318340, 0.010163,
 1223, 0.318620, 0.010319,
 1224, 0.318200, 0.009833,
 1225, 0.318450, 0.010641,
 1226, 0.318610, 0.010513,
 1227, 0.318190, 0.009949,
 1228, 0.318330, 0.010484,
 1229, 0.318720, 0.009988,
 1230, 0.318500, 0.010631,
 1231, 0.318390, 0.010198,
 1232, 0.318050, 0.010204,
 1233, 0.318320, 0.010210,
 1234, 0.318510, 0.009682,
 1235, 0.318600, 0.011130,
 1236, 0.318690, 0.010040,
 1237, 0.318350, 0.010013,
 1238, 0.318600, 0.010201,
 1239, 0.318400, 0.009792,
 1240, 0.318520, 0.010489,
 1241, 0.318320, 0.010346,
 1242, 0.318650, 0.010107,
 1243, 0.318590, 0.010279,
 1244, 0.318400, 0.009538,
 1245, 0.318520, 0.010676,
 1246, 0.318350, 0.010392,
 1247, 0.318670, 0.010141,
 1248, 0.318580, 0.010300,
 1249, 0.318050, 0.009328,
 1250, 0.318560, 0.010760,
 1251, 0.318640, 0.010329,
 1252, 0.318700, 0.009689,
 1253, 0.318580, 0.010744,
 1254, 0.318290, 0.009679,
 1255, 0.318540, 0.010844,
 1256, 0.318380, 0.010207,
 1257, 0.318640, 0.009959,
 1258, 0.318550, 0.010139,
 1259, 0.318050, 0.009780,
 1260, 0.318670, 0.010638,
 1261, 0.318580, 0.010401,
 1262, 0.318210, 0.009692,
 1263, 0.318110, 0.010292,
 1264, 0.318490, 0.009758,
 1265, 0.318610, 0.010649,
 1266, 0.318310, 0.010202,
 1267, 0.318420, 0.009672,
 1268, 0.318570, 0.010660,
 1269, 0.318310, 0.009557,
 1270, 0.318750, 0.010474,
 1271, 0.318110, 0.010158,
 1272, 0.318520, 0.009972,
 1273, 0.318590, 0.010194,
 1274, 0.318240, 0.010466,
 1275, 0.318760, 0.009846,
 1276, 0.318220, 0.010119,
 1277, 0.318610, 0.009817,
 1278, 0.318360, 0.010306,
 1279, 0.318690, 0.010507,
 1280, 0.318330, 0.009899,
 1281, 0.318580, 0.010500,
 1282, 0.318320, 0.009772,
 1283, 0.318810, 0.010756,
 1284, 0.318190, 0.010817,
 1285, 0.318460, 0.010031,
 1286, 0.318500, 0.010108,
 1287, 0.318260, 0.009959,
 1288, 0.318430, 0.010511,
 1289, 0.318330, 0.010114,
 1290, 0.318480, 0.010093,
 1291, 0.318370, 0.010365,
 1292, 0.318260, 0.009964,
 1293, 0.318640, 0.010523,
 1294, 0.318380, 0.010582,
 1295, 0.318540, 0.009910,
 1296, 0.318640, 0.010158,
 1297, 0.318330, 0.010080,
 1298, 0.318750, 0.010471,
 1299, 0.318460, 0.010060,
 1300, 0.318300, 0.009618,
 1301, 0.318350, 0.009819,
 1302, 0.318320, 0.009729,
 1303, 0.318530, 0.010422,
 1304, 0.318670, 0.010327,
 1305, 0.318570, 0.010001,
 1306, 0.318690, 0.009996,
 1307, 0.318000, 0.010005,
 1308, 0.318590, 0.010350,
 1309, 0.318510, 0.010179,
 1310, 0.318380, 0.010481,
 1311, 0.318440, 0.010091,
 1312, 0.318270, 0.009588,
 1313, 0.318650, 0.010357,
 1314, 0.318430, 0.010478,
 1315, 0.318730, 0.009502,
 1316, 0.318800, 0.010399,
 1317, 0.317930, 0.009990,
 1318, 0.318770, 0.010420,
 1319, 0.318250, 0.010265,
 1320, 0.318820, 0.009946,
 1321, 0.318720, 0.010311,
 1322, 0.318210, 0.009657,
 1323, 0.318430, 0.010463,
 1324, 0.318550, 0.010533,
 1325, 0.318730, 0.010004,
 1326, 0.318490, 0.010330,
 1327, 0.318060, 0.009934,
 1328, 0.318620, 0.010506,
 1329, 0.318170, 0.010214,
 1330, 0.318590, 0.009837,
 1331, 0.318460, 0.010390,
 1332, 0.318320, 0.009612,
 1333, 0.318690, 0.010311,
 1334, 0.318310, 0.010377,
 1335, 0.318520, 0.009551,
 1336, 0.318530, 0.010200,
 1337, 0.318340, 0.009637,
 1338, 0.318700, 0.010714,
 1339, 0.317960, 0.009594,
 1340, 0.318510, 0.009573,
 1341, 0.318620, 0.010045,
 1342, 0.318350, 0.009924,
 1343, 0.318730, 0.010165,
 1344, 0.318120, 0.010617,
 1345, 0.318760, 0.009807,
 1346, 0.318400, 0.010421,
 1347, 0.318480, 0.009750,
 1348, 0.318270, 0.010572,
 1349, 0.318400, 0.010205,
 1350, 0.318680, 0.010031,
 1351, 0.318150, 0.010267,
 1352, 0.318510, 0.009848,
 1353, 0.318630, 0.010411,
 1354, 0.318290, 0.010571,
 1355, 0.318660, 0.010057,
 1356, 0.318370, 0.010207,
 1357, 0.318430, 0.009832,
 1358, 0.318730, 0.010259,
 1359, 0.318420, 0.010166,
 1360, 0.318570, 0.010148,
 1361, 0.318260, 0.010137,
 1362, 0.318660, 0.009838,
 1363, 0.318560, 0.010462,
 1364, 0.318590, 0.010890,
 1365, 0.318380, 0.009732,
 1366, 0.318320, 0.010235,
 1367, 0.318420, 0.009920,
 1368, 0.318810, 0.010543,
 1369, 0.318520, 0.010126,
 1370, 0.318380, 0.009846,
 1371, 0.318650, 0.010029,
 1372, 0.318280, 0.009430,
 1373, 0.318370, 0.010565,
 1374, 0.318510, 0.010479,
 1375, 0.318200, 0.010068,
 1376, 0.318180, 0.010311,
 1377, 0.318440, 0.009837,
 1378, 0.318520, 0.010371,
 1379, 0.318440, 0.010427,
 1380, 0.318220, 0.009791,
 1381, 0.318410, 0.010298,
 1382, 0.318540, 0.009660,
 1383, 0.318540, 0.010875,
 1384, 0.318300, 0.010189,
 1385, 0.318460, 0.009567,
 1386, 0.318510, 0.010302,
 1387, 0.318220, 0.009559,
 1388, 0.318590, 0.010329,
 1389, 0.318420, 0.010235,
 1390, 0.318580, 0.009579,
 1391, 0.318250, 0.010048,
 1392, 0.318240, 0.009678,
 1393, 0.318720, 0.010772,
 1394, 0.318040, 0.009960,
 1395, 0.318600, 0.009832,
 1396, 0.318360, 0.010202,
 1397, 0.318340, 0.009629,
 1398, 0.318390, 0.010353,
 1399, 0.318260, 0.010154,
 1400, 0.318580, 0.009872,
 1401, 0.318500, 0.010158,
 1402, 0.318370, 0.009881,
 1403, 0.318720, 0.010829,
 1404, 0.318260, 0.010059,
 1405, 0.318230, 0.009636,
 1406, 0.318710, 0.010415,
 1407, 0.318220, 0.009757,
 1408, 0.318610, 0.010350,
 1409, 0.318690, 0.010093,
 1410, 0.318150, 0.010106,
 1411, 0.318650, 0.010304,
 1412, 0.318400, 0.009635,
 1413, 0.318400, 0.010701,
 1414, 0.318310, 0.010250,
 1415, 0.318260, 0.009785,
 1416, 0.318620, 0.010463,
 1417, 0.318210, 0.009257,
 1418, 0.318580, 0.010600,
 1419, 0.318600, 0.010028,
 1420, 0.318420, 0.009754,
 1421, 0.318280, 0.010010,
 1422, 0.318590, 0.009290,
 1423, 0.318410, 0.010943,
 1424, 0.318480, 0.009704,
 1425, 0.318670, 0.010229,
 1426, 0.318200, 0.010181,
 1427, 0.318270, 0.009278,
 1428, 0.318730, 0.010357,
 1429, 0.318340, 0.010241,
 1430, 0.318090, 0.009836,
 1431, 0.318580, 0.010238,
 1432, 0.318640, 0.009639,
 1433, 0.318800, 0.010878,
 1434, 0.318390, 0.010160,
 1435, 0.318420, 0.010137,
 1436, 0.318250, 0.010577,
 1437, 0.318650, 0.009771,
 1438, 0.318780, 0.010558,
 1439, 0.318310, 0.010012,
 1440, 0.318250, 0.009772,
 1441, 0.318460, 0.009801,
 1442, 0.318170, 0.009432,
 1443, 0.318900, 0.010632,
 1444, 0.318270, 0.010101,
 1445, 0.318220, 0.009764,
 1446, 0.318220, 0.010575,
 1447, 0.318550, 0.009384,
 1448, 0.318640, 0.010530,
 1449, 0.318380, 0.010540,
 1450, 0.318550, 0.009738,
 1451, 0.318450, 0.010337,
 1452, 0.318320, 0.009624,
 1453, 0.318670, 0.010903,
 1454, 0.318340, 0.010180,
 1455, 0.318340, 0.009876,
 1456, 0.318670, 0.010159,
 1457, 0.318180, 0.009656,
 1458, 0.318530, 0.010785,
 1459, 0.318560, 0.010250,
 1460, 0.318560, 0.009797,
 1461, 0.318500, 0.010348,
 1462, 0.318330, 0.009545,
 1463, 0.318510, 0.010538,
 1464, 0.318380, 0.010331,
 1465, 0.318440, 0.009945,
 1466, 0.318430, 0.010489,
 1467, 0.318380, 0.009594,
 1468, 0.318660, 0.010624,
 1469, 0.318650, 0.010134,
 1470, 0.318540, 0.009842,
 1471, 0.318550, 0.010442,
 1472, 0.318170, 0.009481,
 1473, 0.318880, 0.010903,
 1474, 0.318340, 0.010528,
 1475, 0.318650, 0.009681,
 1476, 0.318440, 0.009992,
 1477, 0.318660, 0.010707,
 1478, 0.318600, 0.009702,
 1479, 0.318180, 0.010489,
 1480, 0.318340, 0.009778,
 1481, 0.318770, 0.010320,
 1482, 0.318200, 0.010318,
 1483, 0.318470, 0.010136,
 1484, 0.318430, 0.010239,
 1485, 0.318670, 0.009738,
 1486, 0.318520, 0.010685,
 1487, 0.318360, 0.010214,
 1488, 0.318700, 0.009902,
 1489, 0.318290, 0.009812,
 1490, 0.318290, 0.009793,
 1491, 0.318880, 0.010342,
 1492, 0.318380, 0.010898,
 1493, 0.318230, 0.009947,
 1494, 0.318490, 0.010408,
 1495, 0.318190, 0.009876,
 1496, 0.318690, 0.010064,
 1497, 0.318400, 0.010351,
 1498, 0.318770, 0.010333,
 1499, 0.318530, 0.010136,
 1500, 0.318250, 0.009955,
 1501, 0.318670, 0.010660,
 1502, 0.318370, 0.010511,
 1503, 0.318590, 0.010157,
 1504, 0.318600, 0.010516,
 1505, 0.318180, 0.010059,
 1506, 0.318540, 0.010355,
 1507, 0.318430, 0.009801,
 1508, 0.318450, 0.010077,
 1509, 0.318810, 0.010540,
 1510, 0.318420, 0.010175,
 1511, 0.318550, 0.010701,
 1512, 0.318460, 0.010299,
 1513, 0.318520, 0.009922,
 1514, 0.318390, 0.010215,
 1515, 0.318320, 0.009953,
 1516, 0.318460, 0.010380,
 1517, 0.318300, 0.010192,
 1518, 0.318430, 0.009464,
 1519, 0.318640, 0.010525,
 1520, 0.318180, 0.009996,
 1521, 0.318430, 0.010418,
 1522, 0.318560, 0.010672,
 1523, 0.318920, 0.009872,
 1524, 0.318390, 0.010238,
 1525, 0.318540, 0.010137,
 1526, 0.318450, 0.010450,
 1527, 0.318280, 0.010241,
 1528, 0.318620, 0.010006,
 1529, 0.318870, 0.010094,
 1530, 0.318190, 0.009985,
 1531, 0.318770, 0.010290,
 1532, 0.318330, 0.010410,
 1533, 0.318540, 0.010004,
 1534, 0.318480, 0.010502,
 1535, 0.318180, 0.009877,
 1536, 0.318730, 0.010942,
 1537, 0.318010, 0.010101,
 1538, 0.318810, 0.009589,
 1539, 0.318610, 0.010502,
 1540, 0.318570, 0.009652,
 1541, 0.318470, 0.010301,
 1542, 0.318210, 0.010704,
 1543, 0.318460, 0.009980,
 1544, 0.318440, 0.010139,
 1545, 0.318430, 0.009779,
 1546, 0.318570, 0.010284,
 1547, 0.318400, 0.010387,
 1548, 0.318800, 0.009913,
 1549, 0.318480, 0.010167,
 1550, 0.318450, 0.010094,
 1551, 0.318870, 0.010257,
 1552, 0.318450, 0.010280,
 1553, 0.318850, 0.009870,
 1554, 0.318420, 0.010300,
 1555, 0.318610, 0.009907,
 1556, 0.318700, 0.010824,
 1557, 0.318130, 0.009704,
 1558, 0.318980, 0.010215,
 1559, 0.318490, 0.010141,
 1560, 0.318770, 0.009844,
 1561, 0.318810, 0.010548,
 1562, 0.318310, 0.010806,
 1563, 0.318740, 0.009908,
 1564, 0.317980, 0.010243,
 1565, 0.318470, 0.009786,
 1566, 0.318660, 0.010630,
 1567, 0.318740, 0.009914,
 1568, 0.318080, 0.010145,
 1569, 0.318330, 0.010220,
 1570, 0.318430, 0.009338,
 1571, 0.318450, 0.010398,
 1572, 0.318490, 0.010646,
 1573, 0.318560, 0.009748,
 1574, 0.318460, 0.010115,
 1575, 0.318520, 0.009861,
 1576, 0.319000, 0.010118,
 1577, 0.318440, 0.010333,
 1578, 0.318410, 0.010170,
 1579, 0.318720, 0.009990,
 1580, 0.318390, 0.009633,
 1581, 0.318630, 0.010789,
 1582, 0.318400, 0.010104,
 1583, 0.318290, 0.009799,
 1584, 0.318500, 0.010173,
 1585, 0.318600, 0.009623,
 1586, 0.318710, 0.010310,
 1587, 0.318340, 0.010705,
 1588, 0.318490, 0.009963,
 1589, 0.318690, 0.009967,
 1590, 0.318230, 0.009936,
 1591, 0.318720, 0.010564,
 1592, 0.318460, 0.010529,
 1593, 0.318540, 0.010136,
 1594, 0.318420, 0.010351,
 1595, 0.318170, 0.009559,
 1596, 0.318560, 0.010611,
 1597, 0.318170, 0.010655,
 1598, 0.318420, 0.009940,
 1599, 0.318560, 0.010443,
 1600, 0.318060, 0.009801,
 1601, 0.318680, 0.010999,
 1602, 0.318310, 0.010318,
 1603, 0.318620, 0.009790,
 1604, 0.318510, 0.009909,
 1605, 0.318360, 0.009924,
 1606, 0.318710, 0.010278,
 1607, 0.318340, 0.010043,
 1608, 0.318380, 0.009775,
 1609, 0.318670, 0.010484,
 1610, 0.318130, 0.009570,
 1611, 0.318700, 0.010520,
 1612, 0.318250, 0.010086,
 1613, 0.318130, 0.010167,
 1614, 0.318780, 0.010009,
 1615, 0.318330, 0.009484,
 1616, 0.318560, 0.010705,
 1617, 0.318540, 0.010386,
 1618, 0.318380, 0.009841,
 1619, 0.318620, 0.010256,
 1620, 0.318390, 0.009486,
 1621, 0.318640, 0.011108,
 1622, 0.318320, 0.010044,
 1623, 0.318610, 0.009916,
 1624, 0.318520, 0.010155,
 1625, 0.318340, 0.009696,
 1626, 0.318430, 0.010362,
 1627, 0.318370, 0.010116,
 1628, 0.318480, 0.009976,
 1629, 0.318640, 0.010241,
 1630, 0.318520, 0.009389,
 1631, 0.318280, 0.011099,
 1632, 0.318430, 0.010210,
 1633, 0.318260, 0.009654,
 1634, 0.318560, 0.010191,
 1635, 0.318510, 0.009753,
 1636, 0.318860, 0.010480,
 1637, 0.318450, 0.009755,
 1638, 0.318130, 0.009842,
 1639, 0.318470, 0.009924,
 1640, 0.318230, 0.009534,
 1641, 0.318590, 0.010915,
 1642, 0.318580, 0.010271,
 1643, 0.318070, 0.009611,
 1644, 0.318810, 0.010514,
 1645, 0.318500, 0.009508,
 1646, 0.318610, 0.010581,
 1647, 0.318310, 0.010254,
 1648, 0.318250, 0.009731,
 1649, 0.318590, 0.010228,
 1650, 0.318280, 0.009612,
 1651, 0.318750, 0.010815,
 1652, 0.318290, 0.010312,
 1653, 0.318270, 0.009831,
 1654, 0.318260, 0.010451,
 1655, 0.318590, 0.009468,
 1656, 0.318350, 0.010469,
 1657, 0.318560, 0.010282,
 1658, 0.318610, 0.010198,
 1659, 0.318660, 0.010571,
 1660, 0.318190, 0.009807,
 1661, 0.318450, 0.010675,
 1662, 0.318630, 0.010364,
 1663, 0.318510, 0.009698,
 1664, 0.318360, 0.010368,
 1665, 0.318210, 0.009796,
 1666, 0.318790, 0.010427,
 1667, 0.318230, 0.010189,
 1668, 0.318700, 0.009692,
 1669, 0.318510, 0.010735,
 1670, 0.318200, 0.009657,
 1671, 0.318590, 0.010942,
 1672, 0.318350, 0.010382,
 1673, 0.318550, 0.009860,
 1674, 0.318360, 0.010453,
 1675, 0.317730, 0.009697,
 1676, 0.319110, 0.010649,
 1677, 0.318090, 0.010222,
 1678, 0.318590, 0.009828,
 1679, 0.318340, 0.010203,
 1680, 0.318320, 0.009777,
 1681, 0.318880, 0.010621,
 1682, 0.318140, 0.010411,
 1683, 0.318380, 0.009898,
 1684, 0.318510, 0.010279,
 1685, 0.318470, 0.010479,
 1686, 0.318380, 0.009774,
 1687, 0.318650, 0.010294,
 1688, 0.318460, 0.009652,
 1689, 0.318800, 0.010743,
 1690, 0.318420, 0.010750,
 1691, 0.318590, 0.009949,
 1692, 0.318310, 0.010176,
 1693, 0.318140, 0.009926,
 1694, 0.318300, 0.010637,
 1695, 0.318500, 0.010404,
 1696, 0.318490, 0.009818,
 1697, 0.318470, 0.010285,
 1698, 0.318410, 0.009870,
 1699, 0.318800, 0.010289,
 1700, 0.318400, 0.010445,
 1701, 0.318680, 0.009822,
 1702, 0.318360, 0.010291,
 1703, 0.318190, 0.009891,
 1704, 0.318380, 0.010535,
 1705, 0.318560, 0.009991,
 1706, 0.318560, 0.009746,
 1707, 0.318380, 0.009952,
 1708, 0.318360, 0.010365,
 1709, 0.318670, 0.010411,
 1710, 0.318620, 0.010666,
 1711, 0.318410, 0.009810,
 1712, 0.318720, 0.010763,
 1713, 0.318260, 0.010115,
 1714, 0.318610, 0.010293,
 1715, 0.318550, 0.010412,
 1716, 0.318260, 0.009884,
 1717, 0.318610, 0.010642,
 1718, 0.318570, 0.010111,
 1719, 0.318640, 0.011076,
 1720, 0.318980, 0.010757,
 1721, 0.318920, 0.009759,
 1722, 0.318450, 0.010497,
 1723, 0.318350, 0.010135,
 1724, 0.318730, 0.010633,
 1725, 0.318730, 0.010337,
 1726, 0.318610, 0.009703,
 1727, 0.318720, 0.010518,
 1728, 0.318220, 0.009774,
 1729, 0.318570, 0.010540,
 1730, 0.318870, 0.011637,
 1731, 0.318800, 0.009800,
 1732, 0.318570, 0.010317,
 1733, 0.318320, 0.009868,
 1734, 0.318730, 0.010325,
 1735, 0.318220, 0.010335,
 1736, 0.318780, 0.010161,
 1737, 0.318810, 0.010020,
 1738, 0.318010, 0.009748,
 1739, 0.318360, 0.010396,
 1740, 0.318120, 0.010655,
 1741, 0.318560, 0.009856,
 1742, 0.318630, 0.010324,
 1743, 0.318860, 0.009806,
 1744, 0.318610, 0.010593,
 1745, 0.318290, 0.010253,
 1746, 0.318960, 0.010114,
 1747, 0.318740, 0.009897,
 1748, 0.318410, 0.009604,
 1749, 0.318850, 0.010529,
 1750, 0.318250, 0.010278,
 1751, 0.318500, 0.009708,
 1752, 0.318410, 0.010283,
 1753, 0.318700, 0.009708,
 1754, 0.318500, 0.010527,
 1755, 0.318190, 0.010236,
 1756, 0.318600, 0.009859,
 1757, 0.318540, 0.010133,
 1758, 0.318820, 0.009895,
 1759, 0.318610, 0.010726,
 1760, 0.318410, 0.010467,
 1761, 0.318760, 0.010207,
 1762, 0.318350, 0.010400,
 1763, 0.318480, 0.009686,
 1764, 0.318430, 0.011150,
 1765, 0.318340, 0.010204,
 1766, 0.318560, 0.009867,
 1767, 0.318360, 0.010460,
 1768, 0.318270, 0.009528,
 1769, 0.318890, 0.011199,
 1770, 0.318620, 0.010275,
 1771, 0.318520, 0.010508,
 1772, 0.318250, 0.010496,
 1773, 0.318360, 0.009643,
 1774, 0.318840, 0.010516,
 1775, 0.318780, 0.010351,
 1776, 0.318360, 0.010178,
 1777, 0.318230, 0.010197,
 1778, 0.318850, 0.009683,
 1779, 0.318620, 0.010931,
 1780, 0.318660, 0.010541,
 1781, 0.318360, 0.009629,
 1782, 0.318210, 0.010654,
 1783, 0.318380, 0.009687,
 1784, 0.318380, 0.010691,
 1785, 0.318460, 0.010782,
 1786, 0.318530, 0.009661,
 1787, 0.318770, 0.010387,
 1788, 0.318280, 0.009553,
 1789, 0.318750, 0.011204,
 1790, 0.318670, 0.010260,
 1791, 0.318570, 0.010188,
 1792, 0.318760, 0.010253,
 1793, 0.318210, 0.009901,
 1794, 0.318830, 0.010763,
 1795, 0.318700, 0.010518,
 1796, 0.318500, 0.009740,
 1797, 0.318750, 0.010171,
 1798, 0.318190, 0.009833,
 1799, 0.318790, 0.011109,
 1800, 0.318440, 0.010335,
 1801, 0.318670, 0.009761,
 1802, 0.318420, 0.010959,
 1803, 0.318260, 0.009699,
 1804, 0.318540, 0.010664,
 1805, 0.318400, 0.010562,
 1806, 0.318720, 0.010145,
 1807, 0.318760, 0.010830,
 1808, 0.317870, 0.009070,
 1809, 0.318800, 0.010831,
 1810, 0.318430, 0.010298,
 1811, 0.318310, 0.010272,
 1812, 0.318740, 0.010289,
 1813, 0.318150, 0.009829,
 1814, 0.318820, 0.010582,
 1815, 0.318370, 0.010549,
 1816, 0.318680, 0.010110,
 1817, 0.318620, 0.010636,
 1818, 0.318260, 0.010086,
 1819, 0.318990, 0.010974,
 1820, 0.318250, 0.010389,
 1821, 0.318320, 0.009705,
 1822, 0.318620, 0.010811,
 1823, 0.318290, 0.009610,
 1824, 0.318760, 0.010620,
 1825, 0.318660, 0.010317,
 1826, 0.318520, 0.010011,
 1827, 0.318470, 0.010145,
 1828, 0.318640, 0.009664,
 1829, 0.318610, 0.011195,
 1830, 0.318190, 0.009997,
 1831, 0.318480, 0.009982,
 1832, 0.318360, 0.010566,
 1833, 0.318560, 0.009831,
 1834, 0.318720, 0.010424,
 1835, 0.318580, 0.010369,
 1836, 0.318710, 0.010114,
 1837, 0.318360, 0.010307,
 1838, 0.318580, 0.009719,
 1839, 0.318480, 0.010604,
 1840, 0.318600, 0.010081,
 1841, 0.318320, 0.009357,
 1842, 0.318450, 0.010241,
 1843, 0.318500, 0.009870,
 1844, 0.318710, 0.010485,
 1845, 0.318820, 0.010184,
 1846, 0.318230, 0.009868,
 1847, 0.318620, 0.010310,
 1848, 0.318640, 0.010649,
 1849, 0.318530, 0.010684,
 1850, 0.318700, 0.010262,
 1851, 0.318460, 0.010029,
 1852, 0.318360, 0.010343,
 1853, 0.318620, 0.009761,
 1854, 0.318820, 0.010489,
 1855, 0.318320, 0.010048,
 1856, 0.318600, 0.009833,
 1857, 0.318500, 0.009943,
 1858, 0.318290, 0.009823,
 1859, 0.318600, 0.010928,
 1860, 0.318620, 0.010049,
 1861, 0.318400, 0.009832,
 1862, 0.318160, 0.010573,
 1863, 0.318250, 0.009558,
 1864, 0.318720, 0.010492,
 1865, 0.318300, 0.010320,
 1866, 0.318710, 0.009656,
 1867, 0.318290, 0.010623,
 1868, 0.318400, 0.009637,
 1869, 0.318610, 0.010257,
 1870, 0.318050, 0.010075,
 1871, 0.318510, 0.009525,
 1872, 0.318810, 0.010488,
 1873, 0.317980, 0.009925,
 1874, 0.318550, 0.010537,
 1875, 0.318380, 0.010238,
 1876, 0.318670, 0.010113,
 1877, 0.318380, 0.010606,
 1878, 0.318390, 0.009643,
 1879, 0.318980, 0.010504,
 1880, 0.318190, 0.009861,
 1881, 0.318360, 0.009750,
 1882, 0.318480, 0.010483,
 1883, 0.318270, 0.009968,
 1884, 0.318390, 0.010369,
 1885, 0.318330, 0.009886,
 1886, 0.318290, 0.009574,
 1887, 0.318490, 0.010424,
 1888, 0.318700, 0.010694,
 1889, 0.318500, 0.009830,
 1890, 0.318140, 0.010346,
 1891, 0.318660, 0.009722,
 1892, 0.318410, 0.010560,
 1893, 0.318150, 0.010135,
 1894, 0.318580, 0.009946,
 1895, 0.318440, 0.010111,
 1896, 0.318360, 0.009973,
 1897, 0.318640, 0.010457,
 1898, 0.318470, 0.010641,
 1899, 0.318310, 0.009787,
 1900, 0.318600, 0.010366,
 1901, 0.318030, 0.009675,
 1902, 0.318420, 0.010352,
 1903, 0.318390, 0.010144,
 1904, 0.318510, 0.010029,
 1905, 0.318380, 0.010000,
 1906, 0.318410, 0.010082,
 1907, 0.318640, 0.010193,
 1908, 0.318410, 0.010422,
 1909, 0.318440, 0.009712,
 1910, 0.318720, 0.010102,
 1911, 0.318190, 0.010059,
 1912, 0.318330, 0.010510,
 1913, 0.318670, 0.009925,
 1914, 0.318570, 0.010117,
 1915, 0.318640, 0.010124,
 1916, 0.318120, 0.009498,
 1917, 0.318500, 0.010397,
 1918, 0.318430, 0.010391,
 1919, 0.318490, 0.010071,
 1920, 0.318600, 0.010314,
 1921, 0.318270, 0.009624,
 1922, 0.318490, 0.010495,
 1923, 0.318330, 0.010189,
 1924, 0.318650, 0.009817,
 1925, 0.318660, 0.010269,
 1926, 0.318450, 0.009995,
 1927, 0.318330, 0.010174,
 1928, 0.318280, 0.009973,
 1929, 0.318980, 0.010076,
 1930, 0.318410, 0.010591,
 1931, 0.318090, 0.009627,
 1932, 0.318700, 0.010627,
 1933, 0.318410, 0.010048,
 1934, 0.318780, 0.009837,
 1935, 0.318680, 0.010254,
 1936, 0.318130, 0.009752,
 1937, 0.318550, 0.010412,
 1938, 0.318280, 0.010098,
 1939, 0.318870, 0.009977,
 1940, 0.318520, 0.010393,
 1941, 0.318170, 0.009851,
 1942, 0.318780, 0.010954,
 1943, 0.317910, 0.010078,
 1944, 0.318540, 0.009863,
 1945, 0.318550, 0.010282,
 1946, 0.318370, 0.009579,
 1947, 0.318790, 0.011002,
 1948, 0.317950, 0.010131,
 1949, 0.318550, 0.009796,
 1950, 0.318620, 0.010025,
 1951, 0.318670, 0.009813,
 1952, 0.318900, 0.010574,
 1953, 0.317720, 0.010286,
 1954, 0.318730, 0.009923,
 1955, 0.318400, 0.010380,
 1956, 0.318540, 0.010010,
 1957, 0.318520, 0.010663,
 1958, 0.318180, 0.010363,
 1959, 0.318530, 0.009936,
 1960, 0.318710, 0.010094,
 1961, 0.318530, 0.009643,
 1962, 0.318300, 0.010488,
 1963, 0.318440, 0.010203,
 1964, 0.318610, 0.009961,
 1965, 0.318220, 0.010439,
 1966, 0.318370, 0.009804,
 1967, 0.318360, 0.010414,
 1968, 0.318420, 0.010560,
 1969, 0.318640, 0.010115,
 1970, 0.318330, 0.010085,
 1971, 0.318300, 0.009723,
 1972, 0.318550, 0.010527,
 1973, 0.318540, 0.010275,
 1974, 0.318230, 0.010216,
 1975, 0.318340, 0.010415,
 1976, 0.318310, 0.009345,
 1977, 0.318720, 0.010537,
 1978, 0.318480, 0.010174,
 1979, 0.318120, 0.010006,
 1980, 0.318540, 0.010376,
 1981, 0.318520, 0.009703,
 1982, 0.318610, 0.010809,
 1983, 0.318430, 0.010208,
 1984, 0.318300, 0.009660,
 1985, 0.318380, 0.010311,
 1986, 0.318390, 0.009628,
 1987, 0.318950, 0.010698,
 1988, 0.318580, 0.010374,
 1989, 0.318480, 0.009984,
 1990, 0.318570, 0.010199,
 1991, 0.318390, 0.009474,
 1992, 0.318770, 0.010468,
 1993, 0.318140, 0.010345,
 1994, 0.318620, 0.009821,
 1995, 0.318520, 0.010422,
 1996, 0.318140, 0.009788,
 1997, 0.318910, 0.010595,
 1998, 0.318220, 0.010398,
 1999, 0.318680, 0.009743,
 2000, 0.318660, 0.010339,
 2001, 0.318190, 0.009977,
