Container_size, 33554432,key_space, 148034request bin, mean_latency,sd,
 0, 0.333870, 0.017931,
 1, 0.333710, 0.017219,
 2, 0.334900, 0.018159,
 3, 0.334260, 0.017758,
 4, 0.334730, 0.017104,
 5, 0.334850, 0.017717,
 6, 0.333790, 0.017277,
 7, 0.335000, 0.017650,
 8, 0.333900, 0.017813,
 9, 0.334930, 0.017303,
 10, 0.334220, 0.017523,
 11, 0.333730, 0.017554,
 12, 0.334810, 0.017557,
 13, 0.333910, 0.017877,
 14, 0.334250, 0.017563,
 15, 0.334190, 0.018056,
 16, 0.333670, 0.017336,
 17, 0.334810, 0.018112,
 18, 0.334290, 0.017772,
 19, 0.334640, 0.017392,
 20, 0.334060, 0.018013,
 21, 0.334050, 0.017755,
 22, 0.334710, 0.017812,
 23, 0.334030, 0.018390,
 24, 0.333840, 0.016927,
 25, 0.334040, 0.017849,
 26, 0.333860, 0.017159,
 27, 0.334460, 0.018064,
 28, 0.333830, 0.017735,
 29, 0.334420, 0.017307,
 30, 0.334390, 0.018070,
 31, 0.333900, 0.017152,
 32, 0.334330, 0.017793,
 33, 0.334460, 0.018123,
 34, 0.334160, 0.016216,
 35, 0.333980, 0.017571,
 36, 0.334080, 0.016624,
 37, 0.334480, 0.018064,
 38, 0.333570, 0.017632,
 39, 0.334530, 0.017627,
 40, 0.334260, 0.018309,
 41, 0.334140, 0.017598,
 42, 0.333990, 0.017276,
 43, 0.333600, 0.017675,
 44, 0.334360, 0.016897,
 45, 0.334180, 0.017850,
 46, 0.334170, 0.017701,
 47, 0.334230, 0.017445,
 48, 0.333780, 0.018099,
 49, 0.334240, 0.016889,
 50, 0.334140, 0.018144,
 51, 0.334020, 0.017810,
 52, 0.334290, 0.017881,
 53, 0.333700, 0.017975,
 54, 0.334150, 0.016869,
 55, 0.334090, 0.017900,
 56, 0.334280, 0.017668,
 57, 0.334370, 0.017391,
 58, 0.334290, 0.018151,
 59, 0.333940, 0.017387,
 60, 0.333990, 0.018181,
 61, 0.333920, 0.017679,
 62, 0.334540, 0.017424,
 63, 0.333840, 0.017754,
 64, 0.334450, 0.017434,
 65, 0.334360, 0.017988,
 66, 0.333990, 0.017473,
 67, 0.334110, 0.017331,
 68, 0.333880, 0.017894,
 69, 0.333620, 0.016671,
 70, 0.334320, 0.018115,
 71, 0.333930, 0.017648,
 72, 0.334570, 0.017912,
 73, 0.334090, 0.018743,
 74, 0.334210, 0.017694,
 75, 0.334610, 0.017886,
 76, 0.333920, 0.018038,
 77, 0.334150, 0.017573,
 78, 0.333960, 0.017704,
 79, 0.333690, 0.017185,
 80, 0.334240, 0.017877,
 81, 0.333720, 0.017938,
 82, 0.334430, 0.017648,
 83, 0.334280, 0.018121,
 84, 0.333810, 0.017078,
 85, 0.334230, 0.018230,
 86, 0.333640, 0.017843,
 87, 0.334080, 0.017240,
 88, 0.334230, 0.017913,
 89, 0.333840, 0.017242,
 90, 0.334520, 0.018195,
 91, 0.333730, 0.017771,
 92, 0.334760, 0.018454,
 93, 0.335230, 0.020626,
 94, 0.334860, 0.021104,
 95, 0.336150, 0.024033,
 96, 0.335080, 0.023215,
 97, 0.335840, 0.023890,
 98, 0.335490, 0.023576,
 99, 0.335370, 0.022009,
 100, 0.335740, 0.022565,
 101, 0.334600, 0.021606,
 102, 0.335660, 0.021919,
 103, 0.335380, 0.022119,
 104, 0.334830, 0.020796,
 105, 0.335440, 0.021549,
 106, 0.334640, 0.020627,
 107, 0.335850, 0.021520,
 108, 0.335230, 0.020912,
 109, 0.334910, 0.019771,
 110, 0.335280, 0.020761,
 111, 0.334580, 0.020529,
 112, 0.335590, 0.020624,
 113, 0.334850, 0.021125,
 114, 0.335020, 0.020009,
 115, 0.334820, 0.021261,
 116, 0.334670, 0.020126,
 117, 0.335380, 0.019597,
 118, 0.334490, 0.020492,
 119, 0.334820, 0.019118,
 120, 0.335080, 0.020922,
 121, 0.334630, 0.019926,
 122, 0.335450, 0.019822,
 123, 0.334700, 0.020136,
 124, 0.334860, 0.019317,
 125, 0.334900, 0.020410,
 126, 0.334500, 0.019185,
 127, 0.335070, 0.019044,
 128, 0.334730, 0.020354,
 129, 0.335270, 0.019254,
 130, 0.335080, 0.019937,
 131, 0.334310, 0.019463,
 132, 0.334680, 0.019516,
 133, 0.334590, 0.019927,
 134, 0.334870, 0.018575,
 135, 0.335100, 0.020213,
 136, 0.334270, 0.018940,
 137, 0.334900, 0.018631,
 138, 0.334470, 0.019100,
 139, 0.334900, 0.018339,
 140, 0.334380, 0.019578,
 141, 0.334170, 0.019117,
 142, 0.335000, 0.018627,
 143, 0.334820, 0.019486,
 144, 0.334540, 0.018301,
 145, 0.334800, 0.018850,
 146, 0.334310, 0.018735,
 147, 0.334660, 0.018636,
 148, 0.334870, 0.019125,
 149, 0.334330, 0.018255,
 150, 0.334810, 0.019103,
 151, 0.334210, 0.018280,
 152, 0.334920, 0.018126,
 153, 0.334520, 0.018644,
 154, 0.334720, 0.017364,
 155, 0.334320, 0.018628,
 156, 0.334460, 0.018219,
 157, 0.335230, 0.018281,
 158, 0.334290, 0.018563,
 159, 0.334330, 0.017451,
 160, 0.334610, 0.018743,
 161, 0.334510, 0.018485,
 162, 0.334480, 0.018096,
 163, 0.334530, 0.018735,
 164, 0.334530, 0.017148,
 165, 0.334950, 0.018371,
 166, 0.334240, 0.018134,
 167, 0.334620, 0.017990,
 168, 0.334570, 0.018553,
 169, 0.334530, 0.017196,
 170, 0.334620, 0.018410,
 171, 0.334020, 0.017907,
 172, 0.334810, 0.017909,
 173, 0.334280, 0.018559,
 174, 0.334120, 0.018038,
 175, 0.334540, 0.018201,
 176, 0.334550, 0.018227,
 177, 0.334530, 0.017806,
 178, 0.334240, 0.018389,
 179, 0.334250, 0.017468,
 180, 0.334970, 0.018203,
 181, 0.334030, 0.018223,
 182, 0.334490, 0.017902,
 183, 0.334440, 0.018673,
 184, 0.334500, 0.017402,
 185, 0.334720, 0.018414,
 186, 0.333500, 0.018028,
 187, 0.334560, 0.017546,
 188, 0.334330, 0.018274,
 189, 0.333790, 0.016684,
 190, 0.334820, 0.018687,
 191, 0.333920, 0.018362,
 192, 0.334570, 0.017961,
 193, 0.334750, 0.017990,
 194, 0.333910, 0.016676,
 195, 0.334490, 0.018137,
 196, 0.333940, 0.017845,
 197, 0.334210, 0.017307,
 198, 0.334300, 0.018264,
 199, 0.333750, 0.017598,
 200, 0.334470, 0.018158,
 201, 0.333500, 0.017815,
 202, 0.334700, 0.017558,
 203, 0.334170, 0.017686,
 204, 0.333900, 0.017422,
 205, 0.334310, 0.017741,
 206, 0.333860, 0.018226,
 207, 0.333940, 0.017348,
 208, 0.334240, 0.018078,
 209, 0.333790, 0.017204,
 210, 0.334570, 0.018196,
 211, 0.333720, 0.018096,
 212, 0.334670, 0.017483,
 213, 0.333920, 0.017851,
 214, 0.333750, 0.017367,
 215, 0.334760, 0.018099,
 216, 0.333820, 0.018465,
 217, 0.334390, 0.017206,
 218, 0.334120, 0.017778,
 219, 0.333730, 0.017441,
 220, 0.334670, 0.017961,
 221, 0.333840, 0.018162,
 222, 0.334080, 0.017211,
 223, 0.334100, 0.017966,
 224, 0.334020, 0.016926,
 225, 0.334280, 0.018130,
 226, 0.333720, 0.018095,
 227, 0.334300, 0.016929,
 228, 0.334070, 0.017803,
 229, 0.333920, 0.017254,
 230, 0.334790, 0.018113,
 231, 0.333940, 0.018197,
 232, 0.334030, 0.017232,
 233, 0.333920, 0.017961,
 234, 0.334000, 0.016948,
 235, 0.334230, 0.017957,
 236, 0.334210, 0.018233,
 237, 0.334060, 0.016906,
 238, 0.333720, 0.017825,
 239, 0.333640, 0.016644,
 240, 0.334720, 0.017625,
 241, 0.333540, 0.017919,
 242, 0.334210, 0.017276,
 243, 0.333960, 0.017903,
 244, 0.333420, 0.017815,
 245, 0.334000, 0.017350,
 246, 0.333740, 0.018211,
 247, 0.333620, 0.017058,
 248, 0.334130, 0.018184,
 249, 0.333800, 0.017807,
 250, 0.334110, 0.017891,
 251, 0.334120, 0.018145,
 252, 0.334010, 0.016830,
 253, 0.334100, 0.018075,
 254, 0.333670, 0.017778,
 255, 0.334230, 0.017562,
 256, 0.333790, 0.017644,
 257, 0.334450, 0.017379,
 258, 0.334090, 0.017790,
 259, 0.334030, 0.018303,
 260, 0.334390, 0.017350,
 261, 0.333850, 0.018571,
 262, 0.334210, 0.017081,
 263, 0.334370, 0.018049,
 264, 0.334110, 0.017816,
 265, 0.334710, 0.017183,
 266, 0.333870, 0.017949,
 267, 0.334510, 0.017751,
 268, 0.333900, 0.018174,
 269, 0.334050, 0.017958,
 270, 0.333990, 0.017775,
 271, 0.333620, 0.017906,
 272, 0.333910, 0.016920,
 273, 0.334480, 0.018049,
 274, 0.333720, 0.018204,
 275, 0.333980, 0.017875,
 276, 0.334160, 0.017700,
 277, 0.333800, 0.017132,
 278, 0.334150, 0.018132,
 279, 0.333360, 0.017815,
 280, 0.334320, 0.016882,
 281, 0.333900, 0.017864,
 282, 0.333730, 0.017185,
 283, 0.334120, 0.017944,
 284, 0.333340, 0.017835,
 285, 0.334340, 0.017676,
 286, 0.333610, 0.018081,
 287, 0.333950, 0.016987,
 288, 0.334510, 0.018062,
 289, 0.334210, 0.018210,
 290, 0.334250, 0.017578,
 291, 0.333860, 0.017337,
 292, 0.333790, 0.017223,
 293, 0.334110, 0.017979,
 294, 0.333940, 0.017910,
 295, 0.334280, 0.017110,
 296, 0.333870, 0.017912,
 297, 0.333790, 0.017028,
 298, 0.334430, 0.018113,
 299, 0.333040, 0.017210,
 300, 0.334540, 0.017641,
 301, 0.334240, 0.018618,
 302, 0.333980, 0.016920,
 303, 0.334150, 0.018310,
 304, 0.333500, 0.017384,
 305, 0.334710, 0.017344,
 306, 0.333770, 0.018191,
 307, 0.333800, 0.016704,
 308, 0.334250, 0.018093,
 309, 0.333620, 0.018171,
 310, 0.334410, 0.017540,
 311, 0.333850, 0.017906,
 312, 0.334200, 0.016834,
 313, 0.334070, 0.017681,
 314, 0.334000, 0.018058,
 315, 0.334440, 0.017230,
 316, 0.333880, 0.018126,
 317, 0.333890, 0.016872,
 318, 0.334120, 0.018309,
 319, 0.333710, 0.017497,
 320, 0.334210, 0.017386,
 321, 0.333900, 0.017960,
 322, 0.334090, 0.016995,
 323, 0.334150, 0.017763,
 324, 0.333990, 0.018011,
 325, 0.334250, 0.017263,
 326, 0.334300, 0.018010,
 327, 0.334360, 0.017224,
 328, 0.334340, 0.017712,
 329, 0.333800, 0.017818,
 330, 0.334540, 0.016877,
 331, 0.334080, 0.017412,
 332, 0.334150, 0.017208,
 333, 0.334280, 0.018007,
 334, 0.333900, 0.018053,
 335, 0.334310, 0.017284,
 336, 0.334180, 0.017697,
 337, 0.334430, 0.017454,
 338, 0.334340, 0.018003,
 339, 0.333890, 0.017977,
 340, 0.334150, 0.017173,
 341, 0.333830, 0.017514,
 342, 0.334230, 0.016743,
 343, 0.334540, 0.017857,
 344, 0.333690, 0.017322,
 345, 0.333980, 0.017078,
 346, 0.334060, 0.017413,
 347, 0.333860, 0.017157,
 348, 0.334150, 0.017740,
 349, 0.333700, 0.017400,
 350, 0.334640, 0.017320,
 351, 0.334210, 0.018235,
 352, 0.333790, 0.017261,
 353, 0.334340, 0.017573,
 354, 0.333370, 0.017745,
 355, 0.334060, 0.017234,
 356, 0.333970, 0.017524,
 357, 0.334040, 0.017152,
 358, 0.334470, 0.017706,
 359, 0.334010, 0.018013,
 360, 0.334430, 0.017719,
 361, 0.334360, 0.017980,
 362, 0.334170, 0.016954,
 363, 0.334690, 0.018190,
 364, 0.334110, 0.017859,
 365, 0.334830, 0.017519,
 366, 0.334330, 0.018034,
 367, 0.334400, 0.017187,
 368, 0.334160, 0.017973,
 369, 0.334150, 0.017930,
 370, 0.334460, 0.017024,
 371, 0.334180, 0.018032,
 372, 0.334240, 0.017022,
 373, 0.334740, 0.017996,
 374, 0.334060, 0.017784,
 375, 0.334450, 0.016981,
 376, 0.334620, 0.018420,
 377, 0.334510, 0.017147,
 378, 0.334470, 0.017814,
 379, 0.333970, 0.017375,
 380, 0.334420, 0.017027,
 381, 0.334300, 0.017958,
 382, 0.334360, 0.017027,
 383, 0.334570, 0.017425,
 384, 0.333800, 0.018053,
 385, 0.334610, 0.017122,
 386, 0.334490, 0.017958,
 387, 0.334270, 0.016901,
 388, 0.334710, 0.018012,
 389, 0.333860, 0.017480,
 390, 0.334770, 0.017708,
 391, 0.333970, 0.018101,
 392, 0.333910, 0.016807,
 393, 0.334900, 0.017810,
 394, 0.334020, 0.017822,
 395, 0.334780, 0.017346,
 396, 0.334330, 0.017505,
 397, 0.333960, 0.017049,
 398, 0.334970, 0.017745,
 399, 0.334550, 0.017847,
 400, 0.334900, 0.017464,
 401, 0.334390, 0.017449,
 402, 0.333980, 0.017023,
 403, 0.334830, 0.018042,
 404, 0.334210, 0.017556,
 405, 0.334650, 0.017150,
 406, 0.334270, 0.017997,
 407, 0.333980, 0.017018,
 408, 0.334990, 0.017995,
 409, 0.334020, 0.018270,
 410, 0.334770, 0.017368,
 411, 0.334670, 0.017964,
 412, 0.334110, 0.017445,
 413, 0.334950, 0.018011,
 414, 0.334000, 0.017904,
 415, 0.334840, 0.016853,
 416, 0.334440, 0.018216,
 417, 0.333880, 0.016826,
 418, 0.335140, 0.017713,
 419, 0.334340, 0.018335,
 420, 0.334600, 0.016644,
 421, 0.334510, 0.017936,
 422, 0.333960, 0.017131,
 423, 0.335330, 0.018022,
 424, 0.334320, 0.017505,
 425, 0.334700, 0.017153,
 426, 0.334460, 0.018038,
 427, 0.333860, 0.016918,
 428, 0.334980, 0.017921,
 429, 0.334110, 0.018209,
 430, 0.334890, 0.017817,
 431, 0.334320, 0.017790,
 432, 0.334110, 0.017159,
 433, 0.334910, 0.017716,
 434, 0.333920, 0.017907,
 435, 0.334630, 0.016828,
 436, 0.334570, 0.017864,
 437, 0.333990, 0.017140,
 438, 0.334790, 0.017659,
 439, 0.334250, 0.018426,
 440, 0.334210, 0.016648,
 441, 0.334420, 0.017788,
 442, 0.334100, 0.016613,
 443, 0.334720, 0.017751,
 444, 0.334130, 0.017650,
 445, 0.334460, 0.017415,
 446, 0.334700, 0.017867,
 447, 0.334470, 0.017068,
 448, 0.334760, 0.017113,
 449, 0.334210, 0.017206,
 450, 0.334560, 0.017075,
 451, 0.334730, 0.017764,
 452, 0.334460, 0.017471,
 453, 0.334450, 0.017558,
 454, 0.333720, 0.017775,
 455, 0.334610, 0.017170,
 456, 0.334960, 0.017735,
 457, 0.334810, 0.017869,
 458, 0.334500, 0.017057,
 459, 0.334070, 0.017548,
 460, 0.334900, 0.016755,
 461, 0.334540, 0.018016,
 462, 0.334280, 0.017820,
 463, 0.334490, 0.016938,
 464, 0.334240, 0.017432,
 465, 0.334050, 0.016956,
 466, 0.334730, 0.017623,
 467, 0.334140, 0.017644,
 468, 0.334580, 0.016996,
 469, 0.334610, 0.017604,
 470, 0.334680, 0.017267,
 471, 0.334650, 0.017366,
 472, 0.334730, 0.017711,
 473, 0.334850, 0.016817,
 474, 0.334530, 0.017888,
 475, 0.334660, 0.017168,
 476, 0.334400, 0.017491,
 477, 0.334290, 0.017391,
 478, 0.334790, 0.017305,
 479, 0.334470, 0.017980,
 480, 0.334570, 0.017071,
 481, 0.334650, 0.017779,
 482, 0.334190, 0.017694,
 483, 0.334910, 0.017316,
 484, 0.334400, 0.017051,
 485, 0.334530, 0.017183,
 486, 0.334660, 0.017523,
 487, 0.334340, 0.018062,
 488, 0.334700, 0.017309,
 489, 0.334380, 0.017713,
 490, 0.334830, 0.017689,
 491, 0.334670, 0.017202,
 492, 0.334260, 0.018155,
 493, 0.334490, 0.016979,
 494, 0.334920, 0.018248,
 495, 0.334530, 0.017131,
 496, 0.334350, 0.017108,
 497, 0.334400, 0.017680,
 498, 0.334730, 0.016931,
 499, 0.334720, 0.017312,
 500, 0.334200, 0.017093,
 501, 0.334600, 0.017838,
 502, 0.334270, 0.017825,
 503, 0.334750, 0.016996,
 504, 0.334220, 0.018349,
 505, 0.334340, 0.016758,
 506, 0.334640, 0.017461,
 507, 0.333910, 0.017118,
 508, 0.334660, 0.016574,
 509, 0.334680, 0.017829,
 510, 0.334290, 0.016987,
 511, 0.334620, 0.017578,
 512, 0.334220, 0.017974,
 513, 0.335420, 0.017348,
 514, 0.334640, 0.018271,
 515, 0.334680, 0.016999,
 516, 0.334550, 0.017434,
 517, 0.334120, 0.017709,
 518, 0.334850, 0.017288,
 519, 0.334130, 0.017458,
 520, 0.334700, 0.016765,
 521, 0.335220, 0.018166,
 522, 0.334280, 0.017207,
 523, 0.335070, 0.016955,
 524, 0.334510, 0.017694,
 525, 0.333900, 0.017088,
 526, 0.334420, 0.017732,
 527, 0.334280, 0.017565,
 528, 0.335160, 0.017305,
 529, 0.334600, 0.017894,
 530, 0.334340, 0.016718,
 531, 0.334640, 0.017686,
 532, 0.334250, 0.017797,
 533, 0.334930, 0.017488,
 534, 0.334550, 0.017784,
 535, 0.334630, 0.017315,
 536, 0.334850, 0.018051,
 537, 0.334300, 0.017604,
 538, 0.334660, 0.017466,
 539, 0.334260, 0.017701,
 540, 0.334620, 0.017154,
 541, 0.334830, 0.017513,
 542, 0.333800, 0.017125,
 543, 0.334870, 0.017629,
 544, 0.334560, 0.017452,
 545, 0.334540, 0.017310,
 546, 0.334880, 0.018188,
 547, 0.334310, 0.017716,
 548, 0.334900, 0.017445,
 549, 0.334370, 0.017684,
 550, 0.334120, 0.017200,
 551, 0.334880, 0.017885,
 552, 0.334380, 0.017605,
 553, 0.334600, 0.017230,
 554, 0.334510, 0.017790,
 555, 0.334290, 0.017743,
 556, 0.334850, 0.017341,
 557, 0.334200, 0.017689,
 558, 0.335010, 0.017354,
 559, 0.334590, 0.017938,
 560, 0.334250, 0.016863,
 561, 0.334550, 0.017719,
 562, 0.334070, 0.017856,
 563, 0.334760, 0.017605,
 564, 0.334380, 0.017571,
 565, 0.333990, 0.017140,
 566, 0.334500, 0.018380,
 567, 0.334050, 0.017904,
 568, 0.334560, 0.017360,
 569, 0.334270, 0.017390,
 570, 0.334440, 0.016900,
 571, 0.334460, 0.017881,
 572, 0.334420, 0.018069,
 573, 0.334670, 0.017069,
 574, 0.334380, 0.018063,
 575, 0.334340, 0.017283,
 576, 0.334370, 0.017518,
 577, 0.334310, 0.018041,
 578, 0.334820, 0.017535,
 579, 0.334410, 0.017520,
 580, 0.334430, 0.017646,
 581, 0.334240, 0.017764,
 582, 0.334300, 0.017909,
 583, 0.334480, 0.016834,
 584, 0.334380, 0.018169,
 585, 0.334230, 0.017168,
 586, 0.334290, 0.017751,
 587, 0.333930, 0.017728,
 588, 0.334610, 0.017653,
 589, 0.333870, 0.018195,
 590, 0.333670, 0.016685,
 591, 0.334500, 0.017197,
 592, 0.333670, 0.017873,
 593, 0.334620, 0.017576,
 594, 0.334430, 0.017879,
 595, 0.333530, 0.017228,
 596, 0.334680, 0.018038,
 597, 0.333740, 0.017672,
 598, 0.334190, 0.016981,
 599, 0.334350, 0.018015,
 600, 0.333860, 0.017199,
 601, 0.334200, 0.017595,
 602, 0.333620, 0.017988,
 603, 0.334700, 0.016742,
 604, 0.334250, 0.017204,
 605, 0.333800, 0.017656,
 606, 0.335290, 0.018022,
 607, 0.333900, 0.017404,
 608, 0.334270, 0.017436,
 609, 0.334370, 0.017481,
 610, 0.333690, 0.017256,
 611, 0.334820, 0.018247,
 612, 0.334010, 0.017818,
 613, 0.334180, 0.016857,
 614, 0.334050, 0.018609,
 615, 0.333710, 0.017028,
 616, 0.334610, 0.017743,
 617, 0.333770, 0.017650,
 618, 0.334380, 0.017083,
 619, 0.334680, 0.017315,
 620, 0.333590, 0.017305,
 621, 0.334750, 0.018162,
 622, 0.333610, 0.017835,
 623, 0.334120, 0.017596,
 624, 0.334250, 0.017339,
 625, 0.334090, 0.017507,
 626, 0.334460, 0.017688,
 627, 0.334150, 0.017775,
 628, 0.334320, 0.017278,
 629, 0.334140, 0.017385,
 630, 0.333520, 0.016960,
 631, 0.334490, 0.017824,
 632, 0.334150, 0.018018,
 633, 0.334050, 0.017310,
 634, 0.334200, 0.017462,
 635, 0.334140, 0.017135,
 636, 0.334630, 0.017496,
 637, 0.333890, 0.017822,
 638, 0.334200, 0.017544,
 639, 0.334730, 0.017747,
 640, 0.333950, 0.016825,
 641, 0.334300, 0.017574,
 642, 0.333890, 0.017446,
 643, 0.334570, 0.016848,
 644, 0.334310, 0.017900,
 645, 0.334320, 0.017032,
 646, 0.334370, 0.017803,
 647, 0.333760, 0.017348,
 648, 0.334150, 0.017343,
 649, 0.334310, 0.018081,
 650, 0.333920, 0.017024,
 651, 0.334590, 0.017670,
 652, 0.334110, 0.017923,
 653, 0.334100, 0.017094,
 654, 0.334450, 0.017823,
 655, 0.334360, 0.017680,
 656, 0.334490, 0.017538,
 657, 0.334100, 0.017862,
 658, 0.334380, 0.017493,
 659, 0.334500, 0.017855,
 660, 0.334240, 0.017867,
 661, 0.334110, 0.017268,
 662, 0.333850, 0.017887,
 663, 0.334050, 0.017121,
 664, 0.334370, 0.017171,
 665, 0.334040, 0.018282,
 666, 0.334280, 0.017105,
 667, 0.334200, 0.017414,
 668, 0.334370, 0.016858,
 669, 0.334570, 0.018479,
 670, 0.333900, 0.017433,
 671, 0.334370, 0.017570,
 672, 0.334120, 0.017584,
 673, 0.334530, 0.017743,
 674, 0.334560, 0.018132,
 675, 0.334210, 0.018073,
 676, 0.334320, 0.017689,
 677, 0.334280, 0.017909,
 678, 0.334090, 0.017153,
 679, 0.334440, 0.017880,
 680, 0.334250, 0.017496,
 681, 0.334500, 0.017741,
 682, 0.334310, 0.017837,
 683, 0.334260, 0.017362,
 684, 0.334160, 0.017876,
 685, 0.333610, 0.017813,
 686, 0.334360, 0.017682,
 687, 0.333960, 0.017294,
 688, 0.333990, 0.017563,
 689, 0.334070, 0.018044,
 690, 0.333710, 0.018346,
 691, 0.334400, 0.017359,
 692, 0.334270, 0.018066,
 693, 0.334330, 0.016889,
 694, 0.334450, 0.017973,
 695, 0.334010, 0.018102,
 696, 0.334050, 0.017572,
 697, 0.334290, 0.017733,
 698, 0.333760, 0.017441,
 699, 0.333820, 0.017844,
 700, 0.333680, 0.017941,
 701, 0.334470, 0.017353,
 702, 0.333850, 0.018141,
 703, 0.333690, 0.017195,
 704, 0.334530, 0.017678,
 705, 0.333310, 0.017672,
 706, 0.334530, 0.017223,
 707, 0.333980, 0.018230,
 708, 0.333690, 0.017377,
 709, 0.334150, 0.017784,
 710, 0.333840, 0.017791,
 711, 0.334160, 0.017058,
 712, 0.333670, 0.017176,
 713, 0.334120, 0.017174,
 714, 0.334050, 0.017874,
 715, 0.333290, 0.017864,
 716, 0.334560, 0.017007,
 717, 0.334440, 0.018052,
 718, 0.333910, 0.017188,
 719, 0.334070, 0.017655,
 720, 0.333710, 0.017982,
 721, 0.334580, 0.017128,
 722, 0.333970, 0.017984,
 723, 0.333660, 0.016947,
 724, 0.334070, 0.018314,
 725, 0.333750, 0.017995,
 726, 0.334250, 0.017052,
 727, 0.333580, 0.018133,
 728, 0.333670, 0.017131,
 729, 0.334210, 0.017771,
 730, 0.333680, 0.017634,
 731, 0.334400, 0.017693,
 732, 0.333910, 0.018254,
 733, 0.333710, 0.016968,
 734, 0.334210, 0.017930,
 735, 0.333560, 0.018037,
 736, 0.333930, 0.017359,
 737, 0.334180, 0.017981,
 738, 0.333630, 0.016696,
 739, 0.334070, 0.018525,
 740, 0.333520, 0.018091,
 741, 0.334260, 0.017226,
 742, 0.333810, 0.017681,
 743, 0.333830, 0.016863,
 744, 0.334480, 0.018098,
 745, 0.333730, 0.017859,
 746, 0.334190, 0.017468,
 747, 0.333750, 0.018005,
 748, 0.333870, 0.017194,
 749, 0.334510, 0.018198,
 750, 0.333490, 0.017880,
 751, 0.333970, 0.017807,
 752, 0.334160, 0.018096,
 753, 0.334370, 0.017651,
 754, 0.334040, 0.017968,
 755, 0.333460, 0.017836,
 756, 0.334340, 0.017039,
 757, 0.334210, 0.017646,
 758, 0.333870, 0.017521,
 759, 0.333950, 0.018187,
 760, 0.333820, 0.018063,
 761, 0.333880, 0.016975,
 762, 0.333790, 0.017512,
 763, 0.333560, 0.016950,
 764, 0.334790, 0.017892,
 765, 0.333810, 0.017695,
 766, 0.334340, 0.018662,
 767, 0.334240, 0.018069,
 768, 0.333640, 0.017059,
 769, 0.334370, 0.018046,
 770, 0.334080, 0.017577,
 771, 0.334130, 0.017349,
 772, 0.333800, 0.017894,
 773, 0.333720, 0.017297,
 774, 0.334070, 0.018209,
 775, 0.333650, 0.018103,
 776, 0.334110, 0.017679,
 777, 0.334320, 0.017573,
 778, 0.334340, 0.017796,
 779, 0.334450, 0.018341,
 780, 0.333880, 0.017800,
 781, 0.334490, 0.017349,
 782, 0.333980, 0.018195,
 783, 0.334250, 0.017885,
 784, 0.334270, 0.017771,
 785, 0.333740, 0.017747,
 786, 0.334580, 0.017301,
 787, 0.333550, 0.018016,
 788, 0.333770, 0.016840,
 789, 0.334210, 0.018000,
 790, 0.334040, 0.017745,
 791, 0.334380, 0.017970,
 792, 0.334140, 0.018389,
 793, 0.334040, 0.017309,
 794, 0.334630, 0.018205,
 795, 0.333560, 0.018283,
 796, 0.334380, 0.017333,
 797, 0.333960, 0.017993,
 798, 0.334060, 0.017272,
 799, 0.334160, 0.018353,
 800, 0.333560, 0.017778,
 801, 0.334690, 0.017800,
 802, 0.334400, 0.017256,
 803, 0.333920, 0.017087,
 804, 0.334500, 0.018176,
 805, 0.334060, 0.018447,
 806, 0.334650, 0.017240,
 807, 0.334640, 0.017923,
 808, 0.333990, 0.017491,
 809, 0.334770, 0.018042,
 810, 0.334380, 0.018233,
 811, 0.334360, 0.017493,
 812, 0.334540, 0.018108,
 813, 0.333820, 0.017338,
 814, 0.334850, 0.017819,
 815, 0.333890, 0.017844,
 816, 0.334250, 0.016861,
 817, 0.334440, 0.018173,
 818, 0.333970, 0.017694,
 819, 0.334800, 0.017935,
 820, 0.333970, 0.017667,
 821, 0.334330, 0.017561,
 822, 0.334150, 0.017886,
 823, 0.334200, 0.017199,
 824, 0.334910, 0.017826,
 825, 0.333760, 0.018295,
 826, 0.334700, 0.017014,
 827, 0.334100, 0.017545,
 828, 0.333640, 0.016968,
 829, 0.334660, 0.018363,
 830, 0.333840, 0.017587,
 831, 0.334400, 0.017343,
 832, 0.334040, 0.017806,
 833, 0.333880, 0.017134,
 834, 0.334590, 0.018275,
 835, 0.334540, 0.018134,
 836, 0.334220, 0.017490,
 837, 0.334070, 0.017800,
 838, 0.333940, 0.016936,
 839, 0.334890, 0.018482,
 840, 0.333660, 0.018188,
 841, 0.334380, 0.017211,
 842, 0.334090, 0.018069,
 843, 0.334100, 0.017074,
 844, 0.334430, 0.018034,
 845, 0.334070, 0.017926,
 846, 0.334500, 0.017001,
 847, 0.334490, 0.018067,
 848, 0.333610, 0.016897,
 849, 0.333960, 0.017883,
 850, 0.333860, 0.018005,
 851, 0.334570, 0.016826,
 852, 0.334570, 0.018310,
 853, 0.333770, 0.016661,
 854, 0.334430, 0.018393,
 855, 0.334220, 0.017928,
 856, 0.334110, 0.017789,
 857, 0.333880, 0.017936,
 858, 0.333880, 0.017756,
 859, 0.334570, 0.017712,
 860, 0.333940, 0.018114,
 861, 0.334060, 0.017164,
 862, 0.334520, 0.017923,
 863, 0.334150, 0.018205,
 864, 0.334270, 0.017417,
 865, 0.334050, 0.017621,
 866, 0.334080, 0.017246,
 867, 0.333970, 0.017925,
 868, 0.333990, 0.017498,
 869, 0.334160, 0.017423,
 870, 0.333780, 0.017949,
 871, 0.334410, 0.017476,
 872, 0.334150, 0.018252,
 873, 0.333630, 0.017995,
 874, 0.334530, 0.017229,
 875, 0.334500, 0.018030,
 876, 0.334420, 0.017409,
 877, 0.333780, 0.017983,
 878, 0.333760, 0.017241,
 879, 0.334080, 0.017291,
 880, 0.334140, 0.018041,
 881, 0.333800, 0.017399,
 882, 0.333910, 0.017755,
 883, 0.333830, 0.017871,
 884, 0.334450, 0.017809,
 885, 0.334100, 0.017758,
 886, 0.333930, 0.017677,
 887, 0.334200, 0.017458,
 888, 0.333950, 0.017972,
 889, 0.334200, 0.017343,
 890, 0.333920, 0.017475,
 891, 0.333840, 0.016876,
 892, 0.334140, 0.017838,
 893, 0.333200, 0.017868,
 894, 0.334150, 0.017426,
 895, 0.333990, 0.017896,
 896, 0.334550, 0.017530,
 897, 0.333840, 0.017911,
 898, 0.333540, 0.017540,
 899, 0.334230, 0.017200,
 900, 0.333970, 0.017646,
 901, 0.333810, 0.017771,
 902, 0.333950, 0.017185,
 903, 0.333750, 0.017787,
 904, 0.334190, 0.017496,
 905, 0.333960, 0.018004,
 906, 0.333900, 0.017666,
 907, 0.334030, 0.018204,
 908, 0.333750, 0.017680,
 909, 0.334170, 0.017461,
 910, 0.334370, 0.018366,
 911, 0.334110, 0.016965,
 912, 0.334190, 0.017800,
 913, 0.333670, 0.018142,
 914, 0.334100, 0.017313,
 915, 0.333780, 0.017679,
 916, 0.333540, 0.017329,
 917, 0.333990, 0.017717,
 918, 0.333800, 0.018199,
 919, 0.334060, 0.017149,
 920, 0.333810, 0.017957,
 921, 0.333630, 0.017679,
 922, 0.333890, 0.018354,
 923, 0.333670, 0.017429,
 924, 0.334500, 0.017248,
 925, 0.334010, 0.017732,
 926, 0.333680, 0.017429,
 927, 0.334080, 0.017839,
 928, 0.333230, 0.017269,
 929, 0.334150, 0.017663,
 930, 0.333780, 0.017845,
 931, 0.333660, 0.016655,
 932, 0.334230, 0.017597,
 933, 0.333560, 0.017288,
 934, 0.334020, 0.017386,
 935, 0.333710, 0.017982,
 936, 0.333540, 0.017129,
 937, 0.334370, 0.017668,
 938, 0.333330, 0.017442,
 939, 0.334330, 0.017296,
 940, 0.333620, 0.018266,
 941, 0.333900, 0.017210,
 942, 0.333890, 0.017736,
 943, 0.333410, 0.017795,
 944, 0.334010, 0.017688,
 945, 0.334090, 0.017870,
 946, 0.333910, 0.017124,
 947, 0.334010, 0.018094,
 948, 0.333860, 0.017487,
 949, 0.334400, 0.017615,
 950, 0.334060, 0.017307,
 951, 0.333930, 0.017038,
 952, 0.334290, 0.018555,
 953, 0.333830, 0.017820,
 954, 0.333880, 0.017298,
 955, 0.334090, 0.017665,
 956, 0.334040, 0.017056,
 957, 0.334400, 0.018166,
 958, 0.333630, 0.017308,
 959, 0.334200, 0.017562,
 960, 0.334240, 0.018195,
 961, 0.333900, 0.016947,
 962, 0.334160, 0.017572,
 963, 0.333880, 0.018017,
 964, 0.334430, 0.017622,
 965, 0.333970, 0.018077,
 966, 0.333900, 0.017319,
 967, 0.334330, 0.018128,
 968, 0.333860, 0.017496,
 969, 0.334210, 0.017598,
 970, 0.333930, 0.017657,
 971, 0.333830, 0.016885,
 972, 0.334410, 0.017773,
 973, 0.333710, 0.017573,
 974, 0.334550, 0.016946,
 975, 0.334350, 0.018137,
 976, 0.333930, 0.017355,
 977, 0.333900, 0.018147,
 978, 0.333680, 0.017554,
 979, 0.334170, 0.016831,
 980, 0.334010, 0.018378,
 981, 0.334010, 0.016657,
 982, 0.334000, 0.017619,
 983, 0.333650, 0.017886,
 984, 0.333950, 0.017400,
 985, 0.333830, 0.017960,
 986, 0.334420, 0.017029,
 987, 0.334360, 0.018244,
 988, 0.333820, 0.017690,
 989, 0.334250, 0.016823,
 990, 0.333670, 0.017692,
 991, 0.333870, 0.016948,
 992, 0.333800, 0.017705,
 993, 0.334010, 0.017906,
 994, 0.334400, 0.017421,
 995, 0.333500, 0.018177,
 996, 0.334030, 0.017366,
 997, 0.334420, 0.017575,
 998, 0.333670, 0.017811,
 999, 0.334400, 0.017351,
 1000, 0.334260, 0.017876,
 1001, 0.333600, 0.017015,
 1002, 0.334010, 0.017767,
 1003, 0.333650, 0.018101,
 1004, 0.334380, 0.017422,
 1005, 0.333980, 0.018091,
 1006, 0.333580, 0.017204,
 1007, 0.333840, 0.017585,
 1008, 0.332930, 0.017391,
 1009, 0.333980, 0.017235,
 1010, 0.333920, 0.017767,
 1011, 0.333610, 0.017388,
 1012, 0.334240, 0.018236,
 1013, 0.333490, 0.017421,
 1014, 0.334200, 0.016772,
 1015, 0.333890, 0.017705,
 1016, 0.333310, 0.016910,
 1017, 0.334600, 0.018181,
 1018, 0.333790, 0.017806,
 1019, 0.333740, 0.017034,
 1020, 0.334000, 0.018299,
 1021, 0.333560, 0.017650,
 1022, 0.334610, 0.017983,
 1023, 0.333650, 0.018189,
 1024, 0.333900, 0.017561,
 1025, 0.334760, 0.018339,
 1026, 0.333800, 0.017255,
 1027, 0.334540, 0.017959,
 1028, 0.333880, 0.018259,
 1029, 0.334480, 0.017327,
 1030, 0.333810, 0.017076,
 1031, 0.333380, 0.016833,
 1032, 0.334690, 0.018307,
 1033, 0.333270, 0.017683,
 1034, 0.334570, 0.017309,
 1035, 0.334260, 0.017748,
 1036, 0.333630, 0.017185,
 1037, 0.334130, 0.018162,
 1038, 0.333810, 0.018112,
 1039, 0.334160, 0.017076,
 1040, 0.334040, 0.018025,
 1041, 0.333460, 0.016674,
 1042, 0.334470, 0.017852,
 1043, 0.333940, 0.017891,
 1044, 0.334100, 0.017452,
 1045, 0.334040, 0.018116,
 1046, 0.333550, 0.017048,
 1047, 0.334670, 0.017875,
 1048, 0.333910, 0.018374,
 1049, 0.334600, 0.017391,
 1050, 0.333970, 0.017676,
 1051, 0.333990, 0.017054,
 1052, 0.334060, 0.018000,
 1053, 0.333900, 0.018122,
 1054, 0.334300, 0.017178,
 1055, 0.334460, 0.018044,
 1056, 0.333820, 0.017266,
 1057, 0.334310, 0.017830,
 1058, 0.333770, 0.018333,
 1059, 0.334320, 0.016713,
 1060, 0.334160, 0.018168,
 1061, 0.333920, 0.017741,
 1062, 0.333890, 0.017319,
 1063, 0.333440, 0.017829,
 1064, 0.333990, 0.017078,
 1065, 0.334250, 0.017672,
 1066, 0.334140, 0.017699,
 1067, 0.334430, 0.016952,
 1068, 0.333820, 0.017831,
 1069, 0.334030, 0.016793,
 1070, 0.334190, 0.018330,
 1071, 0.333880, 0.017472,
 1072, 0.334090, 0.017264,
 1073, 0.334070, 0.017480,
 1074, 0.333440, 0.017138,
 1075, 0.333530, 0.017996,
 1076, 0.333710, 0.017885,
 1077, 0.334340, 0.017295,
 1078, 0.334030, 0.017891,
 1079, 0.333810, 0.017193,
 1080, 0.333820, 0.018123,
 1081, 0.333500, 0.017925,
 1082, 0.334300, 0.017642,
 1083, 0.333700, 0.017898,
 1084, 0.333810, 0.016862,
 1085, 0.333920, 0.017934,
 1086, 0.332910, 0.018112,
 1087, 0.333760, 0.017729,
 1088, 0.334040, 0.018152,
 1089, 0.333760, 0.017211,
 1090, 0.334050, 0.018102,
 1091, 0.333400, 0.017569,
 1092, 0.334110, 0.017521,
 1093, 0.333860, 0.017729,
 1094, 0.334000, 0.017483,
 1095, 0.334080, 0.017666,
 1096, 0.333790, 0.017573,
 1097, 0.334190, 0.017600,
 1098, 0.333760, 0.017771,
 1099, 0.333910, 0.017412,
 1100, 0.334390, 0.018069,
 1101, 0.333640, 0.017897,
 1102, 0.334150, 0.017353,
 1103, 0.334200, 0.018505,
 1104, 0.333940, 0.017396,
 1105, 0.334020, 0.018048,
 1106, 0.333430, 0.017890,
 1107, 0.334020, 0.017148,
 1108, 0.334390, 0.017703,
 1109, 0.334060, 0.016798,
 1110, 0.334380, 0.018082,
 1111, 0.333500, 0.017523,
 1112, 0.334130, 0.017530,
 1113, 0.334230, 0.018286,
 1114, 0.333940, 0.016879,
 1115, 0.333990, 0.018107,
 1116, 0.334200, 0.018433,
 1117, 0.334310, 0.017287,
 1118, 0.333820, 0.017686,
 1119, 0.334080, 0.016974,
 1120, 0.334750, 0.017935,
 1121, 0.334320, 0.018459,
 1122, 0.334800, 0.017270,
 1123, 0.334290, 0.018211,
 1124, 0.334540, 0.016665,
 1125, 0.334810, 0.018290,
 1126, 0.334440, 0.017786,
 1127, 0.334370, 0.016594,
 1128, 0.334560, 0.017855,
 1129, 0.334040, 0.017347,
 1130, 0.334380, 0.017699,
 1131, 0.334050, 0.017355,
 1132, 0.334900, 0.017357,
 1133, 0.334530, 0.017579,
 1134, 0.334440, 0.016976,
 1135, 0.334390, 0.017665,
 1136, 0.334140, 0.017589,
 1137, 0.334750, 0.017050,
 1138, 0.334310, 0.018314,
 1139, 0.334330, 0.016792,
 1140, 0.334720, 0.017520,
 1141, 0.333930, 0.017867,
 1142, 0.334510, 0.016597,
 1143, 0.334530, 0.017780,
 1144, 0.334480, 0.016750,
 1145, 0.334980, 0.017574,
 1146, 0.334320, 0.017663,
 1147, 0.334670, 0.017323,
 1148, 0.334530, 0.017432,
 1149, 0.334480, 0.016821,
 1150, 0.334530, 0.018011,
 1151, 0.334010, 0.017316,
 1152, 0.335150, 0.017171,
 1153, 0.334790, 0.017485,
 1154, 0.334310, 0.017163,
 1155, 0.334430, 0.017943,
 1156, 0.334260, 0.017412,
 1157, 0.334640, 0.017275,
 1158, 0.334510, 0.018091,
 1159, 0.334550, 0.016771,
 1160, 0.334350, 0.017277,
 1161, 0.334430, 0.017783,
 1162, 0.334540, 0.017261,
 1163, 0.334390, 0.018009,
 1164, 0.334170, 0.016978,
 1165, 0.334760, 0.017931,
 1166, 0.334120, 0.017885,
 1167, 0.334550, 0.017118,
 1168, 0.334550, 0.017463,
 1169, 0.334700, 0.017369,
 1170, 0.334600, 0.017931,
 1171, 0.333940, 0.017538,
 1172, 0.334630, 0.017547,
 1173, 0.334640, 0.017918,
 1174, 0.334020, 0.016923,
 1175, 0.334720, 0.017932,
 1176, 0.334580, 0.017573,
 1177, 0.334340, 0.016599,
 1178, 0.334410, 0.017657,
 1179, 0.334250, 0.016900,
 1180, 0.334630, 0.018026,
 1181, 0.334040, 0.017572,
 1182, 0.334560, 0.017046,
 1183, 0.334060, 0.017421,
 1184, 0.334450, 0.016613,
 1185, 0.334860, 0.017218,
 1186, 0.334400, 0.017753,
 1187, 0.334730, 0.016634,
 1188, 0.334270, 0.017702,
 1189, 0.334600, 0.017110,
 1190, 0.334240, 0.017659,
 1191, 0.334190, 0.017675,
 1192, 0.334900, 0.016697,
 1193, 0.334420, 0.017751,
 1194, 0.334280, 0.017097,
 1195, 0.334450, 0.018150,
 1196, 0.334150, 0.018157,
 1197, 0.334870, 0.017317,
 1198, 0.334880, 0.017753,
 1199, 0.334240, 0.016746,
 1200, 0.334500, 0.017264,
 1201, 0.334560, 0.017606,
 1202, 0.334790, 0.017326,
 1203, 0.334370, 0.017637,
 1204, 0.334240, 0.017082,
 1205, 0.334900, 0.017880,
 1206, 0.334000, 0.017767,
 1207, 0.335020, 0.017405,
 1208, 0.334340, 0.017282,
 1209, 0.334480, 0.017329,
 1210, 0.334820, 0.017507,
 1211, 0.334010, 0.017646,
 1212, 0.334790, 0.017362,
 1213, 0.334970, 0.017581,
 1214, 0.334150, 0.017539,
 1215, 0.334850, 0.017664,
 1216, 0.334050, 0.018170,
 1217, 0.335070, 0.016987,
 1218, 0.334740, 0.017645,
 1219, 0.334110, 0.017417,
 1220, 0.334890, 0.017743,
 1221, 0.334390, 0.018006,
 1222, 0.334540, 0.017534,
 1223, 0.334540, 0.018183,
 1224, 0.334450, 0.017247,
 1225, 0.335270, 0.017953,
 1226, 0.334190, 0.017492,
 1227, 0.334540, 0.017312,
 1228, 0.334390, 0.017603,
 1229, 0.334330, 0.017109,
 1230, 0.335270, 0.017670,
 1231, 0.334710, 0.017908,
 1232, 0.334580, 0.017358,
 1233, 0.334010, 0.017675,
 1234, 0.334210, 0.017019,
 1235, 0.334790, 0.017872,
 1236, 0.334560, 0.017719,
 1237, 0.334680, 0.017177,
 1238, 0.334630, 0.018413,
 1239, 0.334000, 0.017461,
 1240, 0.334520, 0.017625,
 1241, 0.334490, 0.017920,
 1242, 0.334690, 0.016838,
 1243, 0.334690, 0.017627,
 1244, 0.334270, 0.017349,
 1245, 0.334720, 0.017430,
 1246, 0.334560, 0.017663,
 1247, 0.334920, 0.016939,
 1248, 0.334760, 0.018117,
 1249, 0.334290, 0.016966,
 1250, 0.335090, 0.018239,
 1251, 0.334250, 0.017450,
 1252, 0.334230, 0.016805,
 1253, 0.334610, 0.017746,
 1254, 0.334600, 0.017124,
 1255, 0.334960, 0.018365,
 1256, 0.334260, 0.017855,
 1257, 0.334460, 0.017036,
 1258, 0.334770, 0.017629,
 1259, 0.334460, 0.017226,
 1260, 0.334850, 0.017856,
 1261, 0.334600, 0.018287,
 1262, 0.334530, 0.017118,
 1263, 0.334650, 0.017996,
 1264, 0.333930, 0.016921,
 1265, 0.334820, 0.018148,
 1266, 0.334500, 0.017563,
 1267, 0.334620, 0.017139,
 1268, 0.334560, 0.017865,
 1269, 0.334480, 0.017663,
 1270, 0.334550, 0.016892,
 1271, 0.334340, 0.017233,
 1272, 0.334550, 0.017042,
 1273, 0.334430, 0.017993,
 1274, 0.334230, 0.017540,
 1275, 0.334470, 0.017128,
 1276, 0.333980, 0.017874,
 1277, 0.334410, 0.017430,
 1278, 0.334750, 0.017766,
 1279, 0.334130, 0.017587,
 1280, 0.334480, 0.016859,
 1281, 0.334270, 0.017925,
 1282, 0.334630, 0.016875,
 1283, 0.334680, 0.017702,
 1284, 0.334100, 0.017552,
 1285, 0.334610, 0.016971,
 1286, 0.334530, 0.017687,
 1287, 0.334360, 0.017011,
 1288, 0.334550, 0.017760,
 1289, 0.333820, 0.017989,
 1290, 0.334780, 0.017461,
 1291, 0.334720, 0.017563,
 1292, 0.334410, 0.016628,
 1293, 0.334780, 0.017509,
 1294, 0.334360, 0.017501,
 1295, 0.334660, 0.017358,
 1296, 0.334010, 0.017339,
 1297, 0.334870, 0.016939,
 1298, 0.334780, 0.017806,
 1299, 0.334080, 0.017662,
 1300, 0.334350, 0.017361,
 1301, 0.334010, 0.017947,
 1302, 0.334220, 0.016810,
 1303, 0.334900, 0.017824,
 1304, 0.333980, 0.017453,
 1305, 0.334600, 0.017188,
 1306, 0.334400, 0.017784,
 1307, 0.334470, 0.017108,
 1308, 0.334530, 0.017927,
 1309, 0.334180, 0.017848,
 1310, 0.335090, 0.017413,
 1311, 0.334350, 0.017666,
 1312, 0.334000, 0.017159,
 1313, 0.334520, 0.017678,
 1314, 0.334000, 0.017682,
 1315, 0.334560, 0.017412,
 1316, 0.334370, 0.017408,
 1317, 0.334170, 0.017266,
 1318, 0.334010, 0.017401,
 1319, 0.333990, 0.017430,
 1320, 0.334110, 0.017288,
 1321, 0.334250, 0.018213,
 1322, 0.334170, 0.017072,
 1323, 0.334290, 0.017630,
 1324, 0.334110, 0.018009,
 1325, 0.334440, 0.017371,
 1326, 0.334650, 0.017747,
 1327, 0.334420, 0.016974,
 1328, 0.334660, 0.018005,
 1329, 0.333820, 0.017689,
 1330, 0.334340, 0.017033,
 1331, 0.334570, 0.017941,
 1332, 0.334240, 0.017378,
 1333, 0.334140, 0.018357,
 1334, 0.334250, 0.017823,
 1335, 0.334570, 0.017050,
 1336, 0.333950, 0.017527,
 1337, 0.333540, 0.017139,
 1338, 0.334350, 0.017822,
 1339, 0.333920, 0.017501,
 1340, 0.334330, 0.016744,
 1341, 0.334010, 0.018279,
 1342, 0.334280, 0.017342,
 1343, 0.334480, 0.017783,
 1344, 0.333790, 0.017653,
 1345, 0.334380, 0.017443,
 1346, 0.334090, 0.017577,
 1347, 0.333800, 0.016958,
 1348, 0.334330, 0.018148,
 1349, 0.333770, 0.018437,
 1350, 0.334300, 0.017101,
 1351, 0.334180, 0.017796,
 1352, 0.334130, 0.017128,
 1353, 0.334120, 0.018008,
 1354, 0.333620, 0.017899,
 1355, 0.334320, 0.017574,
 1356, 0.333630, 0.017387,
 1357, 0.334040, 0.017326,
 1358, 0.334490, 0.017850,
 1359, 0.333420, 0.017920,
 1360, 0.333900, 0.017024,
 1361, 0.333680, 0.017521,
 1362, 0.333950, 0.017209,
 1363, 0.334580, 0.017933,
 1364, 0.333260, 0.018304,
 1365, 0.334670, 0.017745,
 1366, 0.333850, 0.018229,
 1367, 0.334160, 0.017645,
 1368, 0.334520, 0.017800,
 1369, 0.333600, 0.018270,
 1370, 0.334110, 0.017446,
 1371, 0.334290, 0.018206,
 1372, 0.333790, 0.017539,
 1373, 0.334260, 0.017984,
 1374, 0.333670, 0.018591,
 1375, 0.334310, 0.017718,
 1376, 0.333640, 0.018005,
 1377, 0.334230, 0.017623,
 1378, 0.334410, 0.018357,
 1379, 0.334040, 0.018723,
 1380, 0.334510, 0.017446,
 1381, 0.333600, 0.017783,
 1382, 0.334000, 0.017316,
 1383, 0.334300, 0.018279,
 1384, 0.334080, 0.018282,
 1385, 0.334560, 0.017458,
 1386, 0.333980, 0.018221,
 1387, 0.333720, 0.016742,
 1388, 0.333920, 0.018217,
 1389, 0.334100, 0.018326,
 1390, 0.333920, 0.017004,
 1391, 0.334120, 0.018918,
 1392, 0.333710, 0.017103,
 1393, 0.333630, 0.017991,
 1394, 0.333510, 0.018023,
 1395, 0.334480, 0.017907,
 1396, 0.333650, 0.018352,
 1397, 0.333470, 0.017061,
 1398, 0.333810, 0.018487,
 1399, 0.334060, 0.018668,
 1400, 0.334430, 0.017243,
 1401, 0.333780, 0.018190,
 1402, 0.333810, 0.017344,
 1403, 0.367500, 0.336425,
 1404, 0.335350, 0.024537,
 1405, 0.336040, 0.024000,
 1406, 0.335390, 0.023942,
 1407, 0.335440, 0.023579,
 1408, 0.335830, 0.023073,
 1409, 0.334810, 0.022684,
 1410, 0.335050, 0.021865,
 1411, 0.335020, 0.021349,
 1412, 0.334840, 0.021388,
 1413, 0.335470, 0.022138,
 1414, 0.334460, 0.021879,
 1415, 0.335480, 0.021133,
 1416, 0.335290, 0.021636,
 1417, 0.334640, 0.020575,
 1418, 0.335320, 0.020849,
 1419, 0.334510, 0.020943,
 1420, 0.335000, 0.020579,
 1421, 0.335150, 0.020215,
 1422, 0.334200, 0.020207,
 1423, 0.335760, 0.020639,
 1424, 0.334740, 0.020898,
 1425, 0.334880, 0.019921,
 1426, 0.334880, 0.019412,
 1427, 0.334430, 0.019606,
 1428, 0.334810, 0.019493,
 1429, 0.334360, 0.019469,
 1430, 0.334650, 0.018993,
 1431, 0.334640, 0.019509,
 1432, 0.334400, 0.019614,
 1433, 0.334960, 0.020035,
 1434, 0.334250, 0.019496,
 1435, 0.334470, 0.018954,
 1436, 0.334230, 0.018952,
 1437, 0.333880, 0.018765,
 1438, 0.335090, 0.019210,
 1439, 0.334070, 0.019173,
 1440, 0.334730, 0.018779,
 1441, 0.334680, 0.018871,
 1442, 0.334220, 0.019215,
 1443, 0.334340, 0.018350,
 1444, 0.334370, 0.019225,
 1445, 0.334720, 0.018476,
 1446, 0.334290, 0.017990,
 1447, 0.333780, 0.018653,
 1448, 0.334710, 0.018352,
 1449, 0.333710, 0.018583,
 1450, 0.334080, 0.018178,
 1451, 0.334380, 0.018155,
 1452, 0.333970, 0.018350,
 1453, 0.334120, 0.018180,
 1454, 0.333980, 0.018417,
 1455, 0.334240, 0.017804,
 1456, 0.334350, 0.017922,
 1457, 0.334090, 0.018087,
 1458, 0.334760, 0.018806,
 1459, 0.334210, 0.018717,
 1460, 0.334550, 0.018115,
 1461, 0.334190, 0.017965,
 1462, 0.334030, 0.017638,
 1463, 0.334450, 0.018515,
 1464, 0.334220, 0.018221,
 1465, 0.334070, 0.017764,
 1466, 0.334000, 0.017770,
 1467, 0.333940, 0.017573,
 1468, 0.334340, 0.018238,
 1469, 0.333820, 0.017883,
 1470, 0.334250, 0.017837,
 1471, 0.333810, 0.017863,
 1472, 0.334240, 0.018258,
 1473, 0.334270, 0.017768,
 1474, 0.333920, 0.017940,
 1475, 0.334460, 0.017921,
 1476, 0.334230, 0.018079,
 1477, 0.333950, 0.018034,
 1478, 0.334630, 0.018949,
 1479, 0.333760, 0.018662,
 1480, 0.334450, 0.018084,
 1481, 0.334100, 0.018132,
 1482, 0.333730, 0.018037,
 1483, 0.334130, 0.016932,
 1484, 0.333830, 0.018286,
 1485, 0.334060, 0.017338,
 1486, 0.334170, 0.018060,
 1487, 0.333990, 0.018085,
 1488, 0.334280, 0.017568,
 1489, 0.333730, 0.017969,
 1490, 0.334110, 0.017294,
 1491, 0.334230, 0.017604,
 1492, 0.333870, 0.018823,
 1493, 0.334240, 0.017315,
 1494, 0.334250, 0.017912,
 1495, 0.333680, 0.017605,
 1496, 0.334090, 0.017724,
 1497, 0.333290, 0.017872,
 1498, 0.334020, 0.017065,
 1499, 0.334040, 0.017891,
 1500, 0.333890, 0.017357,
 1501, 0.334350, 0.018273,
 1502, 0.333690, 0.018083,
 1503, 0.334140, 0.017322,
 1504, 0.334090, 0.017937,
 1505, 0.334080, 0.017533,
 1506, 0.333900, 0.017890,
 1507, 0.333550, 0.018265,
 1508, 0.333950, 0.017259,
 1509, 0.333960, 0.018373,
 1510, 0.334180, 0.017157,
 1511, 0.333880, 0.018048,
 1512, 0.333770, 0.017900,
 1513, 0.334340, 0.017296,
 1514, 0.333550, 0.018094,
 1515, 0.333830, 0.017082,
 1516, 0.333730, 0.017921,
 1517, 0.333670, 0.017998,
 1518, 0.334210, 0.017740,
 1519, 0.333470, 0.017851,
 1520, 0.333640, 0.017242,
 1521, 0.333720, 0.017462,
 1522, 0.333780, 0.018453,
 1523, 0.334480, 0.017353,
 1524, 0.333620, 0.018162,
 1525, 0.333910, 0.017138,
 1526, 0.334060, 0.018550,
 1527, 0.333630, 0.017964,
 1528, 0.334110, 0.017163,
 1529, 0.334090, 0.017913,
 1530, 0.333630, 0.017146,
 1531, 0.333540, 0.017964,
 1532, 0.333160, 0.017809,
 1533, 0.334030, 0.017458,
 1534, 0.333610, 0.018052,
 1535, 0.333350, 0.017404,
 1536, 0.334030, 0.017898,
 1537, 0.333860, 0.017815,
 1538, 0.334010, 0.017050,
 1539, 0.333860, 0.017751,
 1540, 0.333590, 0.016914,
 1541, 0.334210, 0.017757,
 1542, 0.333580, 0.017855,
 1543, 0.333880, 0.017640,
 1544, 0.333320, 0.017752,
 1545, 0.333550, 0.017409,
 1546, 0.334120, 0.018032,
 1547, 0.333700, 0.017714,
 1548, 0.333830, 0.017658,
 1549, 0.333640, 0.017749,
 1550, 0.333710, 0.017259,
 1551, 0.334470, 0.018063,
 1552, 0.333000, 0.017673,
 1553, 0.333800, 0.017613,
 1554, 0.333670, 0.017484,
 1555, 0.333860, 0.017449,
 1556, 0.334250, 0.018248,
 1557, 0.333490, 0.017444,
 1558, 0.333980, 0.017555,
 1559, 0.333870, 0.017805,
 1560, 0.334260, 0.017919,
 1561, 0.334310, 0.018288,
 1562, 0.333130, 0.017467,
 1563, 0.334060, 0.017544,
 1564, 0.333730, 0.018668,
 1565, 0.333660, 0.017380,
 1566, 0.333900, 0.017967,
 1567, 0.333430, 0.017811,
 1568, 0.333950, 0.017585,
 1569, 0.333720, 0.017966,
 1570, 0.333420, 0.017337,
 1571, 0.334050, 0.017725,
 1572, 0.333470, 0.017661,
 1573, 0.334000, 0.017355,
 1574, 0.333350, 0.017561,
 1575, 0.333500, 0.017355,
 1576, 0.333970, 0.017846,
 1577, 0.333200, 0.018209,
 1578, 0.334380, 0.017531,
 1579, 0.333610, 0.018246,
 1580, 0.333240, 0.017015,
 1581, 0.333970, 0.017799,
 1582, 0.333080, 0.017675,
 1583, 0.334390, 0.017861,
 1584, 0.333960, 0.018010,
 1585, 0.333750, 0.017482,
 1586, 0.334020, 0.017873,
 1587, 0.333770, 0.017939,
 1588, 0.334140, 0.017373,
 1589, 0.333390, 0.017784,
 1590, 0.333950, 0.016683,
 1591, 0.333900, 0.017632,
 1592, 0.333650, 0.017592,
 1593, 0.334290, 0.017946,
 1594, 0.333610, 0.017743,
 1595, 0.334000, 0.017024,
 1596, 0.334160, 0.018326,
 1597, 0.333830, 0.017439,
 1598, 0.334050, 0.017246,
 1599, 0.333960, 0.018185,
 1600, 0.334210, 0.017122,
 1601, 0.334770, 0.018497,
 1602, 0.333630, 0.018225,
 1603, 0.334700, 0.017424,
 1604, 0.333780, 0.018042,
 1605, 0.334070, 0.017158,
 1606, 0.333760, 0.018266,
 1607, 0.333750, 0.017567,
 1608, 0.334130, 0.017338,
 1609, 0.334210, 0.018040,
 1610, 0.333750, 0.017119,
 1611, 0.334130, 0.017877,
 1612, 0.333820, 0.017715,
 1613, 0.334730, 0.017589,
 1614, 0.333980, 0.018003,
 1615, 0.334020, 0.016859,
 1616, 0.334100, 0.018035,
 1617, 0.333430, 0.017692,
 1618, 0.334120, 0.017782,
 1619, 0.334300, 0.017974,
 1620, 0.333760, 0.016942,
 1621, 0.334400, 0.017601,
 1622, 0.333680, 0.017399,
 1623, 0.334140, 0.017472,
 1624, 0.334480, 0.017970,
 1625, 0.333560, 0.016991,
 1626, 0.334640, 0.018447,
 1627, 0.333620, 0.018086,
 1628, 0.334250, 0.017482,
 1629, 0.333870, 0.017842,
 1630, 0.333620, 0.017140,
 1631, 0.334590, 0.017821,
 1632, 0.333770, 0.017748,
 1633, 0.334010, 0.016897,
 1634, 0.334210, 0.017834,
 1635, 0.333560, 0.017016,
 1636, 0.334840, 0.018736,
 1637, 0.333930, 0.017737,
 1638, 0.333880, 0.017340,
 1639, 0.333780, 0.018056,
 1640, 0.333330, 0.016933,
 1641, 0.334160, 0.018105,
 1642, 0.333480, 0.017689,
 1643, 0.334130, 0.017126,
 1644, 0.334150, 0.018072,
 1645, 0.333640, 0.017221,
 1646, 0.333990, 0.018044,
 1647, 0.333650, 0.017806,
 1648, 0.334330, 0.017569,
 1649, 0.333970, 0.017861,
 1650, 0.333940, 0.017036,
 1651, 0.334250, 0.017899,
 1652, 0.333590, 0.017897,
 1653, 0.334130, 0.017379,
 1654, 0.333940, 0.018422,
 1655, 0.333570, 0.017141,
 1656, 0.334380, 0.017684,
 1657, 0.333730, 0.017546,
 1658, 0.333810, 0.017108,
 1659, 0.334120, 0.017961,
 1660, 0.334010, 0.017025,
 1661, 0.334040, 0.018054,
 1662, 0.333930, 0.017497,
 1663, 0.333760, 0.016933,
 1664, 0.334000, 0.017810,
 1665, 0.333610, 0.016959,
 1666, 0.333570, 0.017815,
 1667, 0.333310, 0.017079,
 1668, 0.333700, 0.017276,
 1669, 0.334160, 0.018254,
 1670, 0.333880, 0.016895,
 1671, 0.333510, 0.017932,
 1672, 0.333490, 0.017940,
 1673, 0.333830, 0.017191,
 1674, 0.333860, 0.018396,
 1675, 0.333750, 0.016693,
 1676, 0.333960, 0.018443,
 1677, 0.333780, 0.017547,
 1678, 0.333820, 0.017597,
 1679, 0.333870, 0.018583,
 1680, 0.333960, 0.017621,
 1681, 0.333890, 0.017691,
 1682, 0.333540, 0.017640,
 1683, 0.334000, 0.017124,
 1684, 0.333400, 0.018269,
 1685, 0.333740, 0.017696,
 1686, 0.333990, 0.017063,
 1687, 0.333630, 0.017815,
 1688, 0.333650, 0.016871,
 1689, 0.334180, 0.017859,
 1690, 0.333230, 0.018096,
 1691, 0.334100, 0.017260,
 1692, 0.333620, 0.017552,
 1693, 0.333920, 0.017189,
 1694, 0.334240, 0.017993,
 1695, 0.333770, 0.017902,
 1696, 0.333860, 0.017346,
 1697, 0.333790, 0.017971,
 1698, 0.333890, 0.017481,
 1699, 0.334120, 0.017664,
 1700, 0.333320, 0.017741,
 1701, 0.334290, 0.017630,
 1702, 0.333650, 0.017742,
 1703, 0.333960, 0.017620,
 1704, 0.333800, 0.017978,
 1705, 0.333240, 0.017963,
 1706, 0.333930, 0.017146,
 1707, 0.333940, 0.017609,
 1708, 0.334050, 0.017374,
 1709, 0.334080, 0.017807,
 1710, 0.333160, 0.017811,
 1711, 0.334030, 0.017820,
 1712, 0.333600, 0.018595,
 1713, 0.334010, 0.017305,
 1714, 0.334120, 0.017963,
 1715, 0.333190, 0.018126,
 1716, 0.333870, 0.017608,
 1717, 0.333820, 0.017474,
 1718, 0.333770, 0.017235,
 1719, 0.334120, 0.017809,
 1720, 0.333700, 0.018267,
 1721, 0.334080, 0.017239,
 1722, 0.333680, 0.018085,
 1723, 0.333400, 0.017493,
 1724, 0.333970, 0.018001,
 1725, 0.333850, 0.017810,
 1726, 0.334430, 0.017660,
 1727, 0.333500, 0.017960,
 1728, 0.333360, 0.017032,
 1729, 0.334350, 0.018778,
 1730, 0.332890, 0.017594,
 1731, 0.334070, 0.017566,
 1732, 0.333810, 0.018339,
 1733, 0.333800, 0.017212,
 1734, 0.334200, 0.017706,
 1735, 0.333590, 0.017503,
 1736, 0.334170, 0.017581,
 1737, 0.333850, 0.018201,
 1738, 0.333820, 0.016844,
 1739, 0.334030, 0.018256,
 1740, 0.333200, 0.017816,
 1741, 0.334300, 0.017811,
 1742, 0.334190, 0.017936,
 1743, 0.333840, 0.017550,
 1744, 0.334730, 0.017910,
 1745, 0.333720, 0.018114,
 1746, 0.334100, 0.017327,
 1747, 0.333810, 0.018037,
 1748, 0.334050, 0.017299,
 1749, 0.334170, 0.017588,
 1750, 0.333670, 0.017916,
 1751, 0.334250, 0.017832,
 1752, 0.333810, 0.017985,
 1753, 0.333770, 0.017579,
 1754, 0.334760, 0.018454,
 1755, 0.333730, 0.018205,
 1756, 0.334300, 0.017131,
 1757, 0.334080, 0.017661,
 1758, 0.333970, 0.017082,
 1759, 0.334140, 0.017532,
 1760, 0.333800, 0.017812,
 1761, 0.334310, 0.017223,
 1762, 0.334110, 0.017548,
 1763, 0.334060, 0.017121,
 1764, 0.334360, 0.018251,
 1765, 0.333490, 0.017888,
 1766, 0.334140, 0.017318,
 1767, 0.333610, 0.017774,
 1768, 0.334240, 0.017641,
 1769, 0.334440, 0.018180,
 1770, 0.333680, 0.018075,
 1771, 0.334720, 0.017929,
 1772, 0.333540, 0.017875,
 1773, 0.333940, 0.017744,
 1774, 0.334870, 0.018434,
 1775, 0.333460, 0.018194,
 1776, 0.334430, 0.017896,
 1777, 0.333920, 0.018206,
 1778, 0.333860, 0.017661,
 1779, 0.334450, 0.018171,
 1780, 0.333700, 0.018119,
 1781, 0.334100, 0.017810,
 1782, 0.333900, 0.017991,
 1783, 0.333900, 0.017564,
 1784, 0.334080, 0.018517,
 1785, 0.333780, 0.018304,
 1786, 0.334490, 0.018075,
 1787, 0.333970, 0.018228,
 1788, 0.334140, 0.017671,
 1789, 0.334160, 0.018320,
 1790, 0.333630, 0.017986,
 1791, 0.334650, 0.018077,
 1792, 0.333750, 0.017823,
 1793, 0.333780, 0.017121,
 1794, 0.334060, 0.018551,
 1795, 0.333880, 0.018388,
 1796, 0.334000, 0.017949,
 1797, 0.333900, 0.018198,
 1798, 0.333930, 0.017382,
 1799, 0.334250, 0.018503,
 1800, 0.333530, 0.018491,
 1801, 0.333990, 0.017676,
 1802, 0.333950, 0.018523,
 1803, 0.333650, 0.017561,
 1804, 0.334200, 0.018546,
 1805, 0.333950, 0.017996,
 1806, 0.333900, 0.017314,
 1807, 0.333770, 0.018115,
 1808, 0.333800, 0.017571,
 1809, 0.334000, 0.018143,
 1810, 0.333420, 0.018058,
 1811, 0.334320, 0.017426,
 1812, 0.333610, 0.018627,
 1813, 0.333400, 0.017405,
 1814, 0.334500, 0.018319,
 1815, 0.333880, 0.017674,
 1816, 0.334500, 0.017336,
 1817, 0.333900, 0.017685,
 1818, 0.333590, 0.017021,
 1819, 0.334330, 0.018335,
 1820, 0.333510, 0.017263,
 1821, 0.334130, 0.017801,
 1822, 0.334120, 0.017731,
 1823, 0.333730, 0.017101,
 1824, 0.333810, 0.017929,
 1825, 0.333300, 0.017663,
 1826, 0.333870, 0.017677,
 1827, 0.333930, 0.017789,
 1828, 0.333570, 0.017807,
 1829, 0.334450, 0.018125,
 1830, 0.333660, 0.018433,
 1831, 0.334280, 0.017637,
 1832, 0.333740, 0.017874,
 1833, 0.333660, 0.017561,
 1834, 0.334550, 0.018690,
 1835, 0.333560, 0.017908,
 1836, 0.333780, 0.017228,
 1837, 0.333380, 0.018049,
 1838, 0.333420, 0.017178,
 1839, 0.334170, 0.018149,
 1840, 0.333300, 0.017801,
 1841, 0.334300, 0.017126,
 1842, 0.333760, 0.017684,
 1843, 0.333800, 0.016797,
 1844, 0.334030, 0.018034,
 1845, 0.333480, 0.018076,
 1846, 0.333950, 0.017866,
 1847, 0.333410, 0.017598,
 1848, 0.333610, 0.016910,
 1849, 0.334220, 0.017894,
 1850, 0.333440, 0.018102,
 1851, 0.334140, 0.017554,
 1852, 0.333970, 0.017697,
 1853, 0.333700, 0.017122,
 1854, 0.334240, 0.017941,
 1855, 0.333670, 0.017749,
 1856, 0.334040, 0.017218,
 1857, 0.333530, 0.017882,
 1858, 0.333550, 0.016824,
 1859, 0.334150, 0.017638,
 1860, 0.333830, 0.017910,
 1861, 0.333580, 0.016675,
 1862, 0.334010, 0.017984,
 1863, 0.333480, 0.017497,
 1864, 0.334210, 0.018231,
 1865, 0.333770, 0.017687,
 1866, 0.334120, 0.017028,
 1867, 0.333990, 0.017437,
 1868, 0.333630, 0.017352,
 1869, 0.333750, 0.017714,
 1870, 0.333470, 0.017759,
 1871, 0.333790, 0.017193,
 1872, 0.334120, 0.017939,
 1873, 0.333570, 0.016768,
 1874, 0.334420, 0.020642,
 1875, 0.333550, 0.017655,
 1876, 0.334130, 0.017332,
 1877, 0.334200, 0.018183,
 1878, 0.333700, 0.016785,
 1879, 0.334320, 0.017664,
 1880, 0.333760, 0.018393,
 1881, 0.333830, 0.017157,
 1882, 0.333830, 0.017730,
 1883, 0.333760, 0.017556,
 1884, 0.334530, 0.017613,
 1885, 0.333860, 0.017870,
 1886, 0.334170, 0.017356,
 1887, 0.333900, 0.017681,
 1888, 0.333780, 0.017387,
 1889, 0.334640, 0.017686,
 1890, 0.333920, 0.017653,
 1891, 0.334200, 0.017341,
 1892, 0.334150, 0.017570,
 1893, 0.333720, 0.017376,
 1894, 0.334330, 0.017368,
 1895, 0.334040, 0.017664,
 1896, 0.334120, 0.017136,
 1897, 0.334380, 0.017784,
 1898, 0.333380, 0.017933,
 1899, 0.333740, 0.017106,
 1900, 0.334050, 0.017555,
 1901, 0.334430, 0.017147,
 1902, 0.334340, 0.017398,
 1903, 0.333620, 0.017679,
 1904, 0.334280, 0.017274,
 1905, 0.333650, 0.017664,
 1906, 0.333890, 0.017756,
 1907, 0.333720, 0.017925,
 1908, 0.333630, 0.017574,
 1909, 0.334680, 0.017747,
 1910, 0.333960, 0.017422,
 1911, 0.333880, 0.017302,
 1912, 0.334470, 0.018131,
 1913, 0.334030, 0.017574,
 1914, 0.334220, 0.017838,
 1915, 0.334480, 0.017607,
 1916, 0.334320, 0.017330,
 1917, 0.334390, 0.017837,
 1918, 0.333910, 0.017116,
 1919, 0.334610, 0.017483,
 1920, 0.333840, 0.017581,
 1921, 0.333930, 0.016661,
 1922, 0.334410, 0.017961,
 1923, 0.333910, 0.017309,
 1924, 0.334710, 0.017273,
 1925, 0.334240, 0.017887,
 1926, 0.334490, 0.016924,
 1927, 0.334400, 0.017393,
 1928, 0.333740, 0.017608,
 1929, 0.334640, 0.017269,
 1930, 0.334060, 0.017891,
 1931, 0.333570, 0.016831,
 1932, 0.334120, 0.017537,
 1933, 0.333790, 0.017310,
 1934, 0.334670, 0.017028,
 1935, 0.333940, 0.017616,
 1936, 0.333990, 0.016741,
 1937, 0.334560, 0.018015,
 1938, 0.334350, 0.017608,
 1939, 0.334760, 0.017686,
 1940, 0.334210, 0.017471,
 1941, 0.334130, 0.016909,
 1942, 0.334660, 0.017977,
 1943, 0.333990, 0.017899,
 1944, 0.334610, 0.016829,
 1945, 0.334260, 0.017466,
 1946, 0.334180, 0.016831,
 1947, 0.334790, 0.018086,
 1948, 0.334330, 0.018512,
 1949, 0.334420, 0.016957,
 1950, 0.334170, 0.017440,
 1951, 0.334270, 0.016846,
 1952, 0.334950, 0.017708,
 1953, 0.334130, 0.017126,
 1954, 0.334530, 0.016918,
 1955, 0.334320, 0.018069,
 1956, 0.334500, 0.017237,
 1957, 0.334750, 0.018190,
 1958, 0.334210, 0.017498,
 1959, 0.334620, 0.017092,
 1960, 0.334330, 0.017767,
 1961, 0.334060, 0.016536,
 1962, 0.334630, 0.018118,
 1963, 0.333870, 0.017972,
 1964, 0.334270, 0.017011,
 1965, 0.334170, 0.017535,
 1966, 0.333910, 0.016368,
 1967, 0.334690, 0.017951,
 1968, 0.334110, 0.017895,
 1969, 0.334640, 0.016922,
 1970, 0.334650, 0.017769,
 1971, 0.334210, 0.016793,
 1972, 0.334490, 0.017972,
 1973, 0.334340, 0.018005,
 1974, 0.335030, 0.016980,
 1975, 0.334000, 0.017183,
 1976, 0.334080, 0.016578,
 1977, 0.334730, 0.018010,
 1978, 0.333740, 0.017279,
 1979, 0.334440, 0.017014,
 1980, 0.334070, 0.017483,
 1981, 0.334330, 0.016494,
 1982, 0.334850, 0.018070,
 1983, 0.333610, 0.017462,
 1984, 0.334390, 0.016750,
 1985, 0.334390, 0.017818,
 1986, 0.334370, 0.017062,
 1987, 0.334940, 0.017893,
 1988, 0.334110, 0.017577,
 1989, 0.334660, 0.016925,
 1990, 0.334290, 0.017818,
 1991, 0.334140, 0.016444,
 1992, 0.334770, 0.017859,
 1993, 0.333990, 0.017428,
 1994, 0.335030, 0.017444,
 1995, 0.334300, 0.017744,
 1996, 0.334380, 0.017042,
 1997, 0.334320, 0.018004,
 1998, 0.334360, 0.018047,
 1999, 0.334790, 0.016855,
 2000, 0.334700, 0.017547,
 2001, 0.334520, 0.016751,
