Container_size, 268435456,key_space, 1184274request bin, mean_latency,sd,
 0, 0.498280, 0.017657,
 1, 0.496690, 0.017229,
 2, 0.497690, 0.017744,
 3, 0.497250, 0.017562,
 4, 0.497290, 0.017550,
 5, 0.497040, 0.017849,
 6, 0.496750, 0.018057,
 7, 0.497280, 0.017984,
 8, 0.497660, 0.017584,
 9, 0.497500, 0.017777,
 10, 0.496620, 0.017245,
 11, 0.496720, 0.017476,
 12, 0.497370, 0.018113,
 13, 0.497530, 0.018000,
 14, 0.497370, 0.017872,
 15, 0.497560, 0.018184,
 16, 0.496080, 0.017072,
 17, 0.497690, 0.017857,
 18, 0.496970, 0.018057,
 19, 0.496620, 0.017475,
 20, 0.496480, 0.017884,
 21, 0.496610, 0.017413,
 22, 0.496890, 0.018204,
 23, 0.497120, 0.017556,
 24, 0.496450, 0.017759,
 25, 0.496920, 0.017689,
 26, 0.496070, 0.017341,
 27, 0.497110, 0.017700,
 28, 0.496880, 0.017377,
 29, 0.496570, 0.018040,
 30, 0.496540, 0.017502,
 31, 0.496060, 0.017392,
 32, 0.497050, 0.017724,
 33, 0.497040, 0.017463,
 34, 0.496120, 0.016970,
 35, 0.497210, 0.017696,
 36, 0.496070, 0.017510,
 37, 0.497080, 0.017848,
 38, 0.496490, 0.017714,
 39, 0.497040, 0.017734,
 40, 0.497860, 0.017763,
 41, 0.495750, 0.017809,
 42, 0.496380, 0.017668,
 43, 0.496400, 0.017260,
 44, 0.497040, 0.017555,
 45, 0.496450, 0.018396,
 46, 0.496030, 0.018094,
 47, 0.496350, 0.017488,
 48, 0.496410, 0.017241,
 49, 0.496370, 0.017293,
 50, 0.496150, 0.017555,
 51, 0.496080, 0.017539,
 52, 0.496430, 0.017694,
 53, 0.496030, 0.017686,
 54, 0.496710, 0.017183,
 55, 0.496800, 0.017803,
 56, 0.495750, 0.017134,
 57, 0.496000, 0.017810,
 58, 0.496410, 0.017471,
 59, 0.496120, 0.016817,
 60, 0.496550, 0.018405,
 61, 0.495750, 0.017770,
 62, 0.496010, 0.017276,
 63, 0.496730, 0.017218,
 64, 0.496350, 0.017306,
 65, 0.497180, 0.017933,
 66, 0.495270, 0.017387,
 67, 0.495950, 0.018021,
 68, 0.496380, 0.017449,
 69, 0.496170, 0.017335,
 70, 0.496380, 0.017960,
 71, 0.496230, 0.018059,
 72, 0.495860, 0.017705,
 73, 0.495720, 0.017663,
 74, 0.496580, 0.017605,
 75, 0.496570, 0.017831,
 76, 0.495630, 0.017312,
 77, 0.495830, 0.017530,
 78, 0.496070, 0.017798,
 79, 0.495890, 0.017440,
 80, 0.495740, 0.017840,
 81, 0.496330, 0.017610,
 82, 0.496600, 0.017553,
 83, 0.496780, 0.018502,
 84, 0.496230, 0.017703,
 85, 0.496540, 0.017834,
 86, 0.495000, 0.017815,
 87, 0.495660, 0.017937,
 88, 0.495850, 0.017786,
 89, 0.495510, 0.017477,
 90, 0.496470, 0.017746,
 91, 0.495900, 0.017298,
 92, 0.495910, 0.017337,
 93, 0.496100, 0.018179,
 94, 0.496150, 0.017045,
 95, 0.495360, 0.018465,
 96, 0.495890, 0.017856,
 97, 0.495220, 0.018071,
 98, 0.495850, 0.017552,
 99, 0.496390, 0.017436,
 100, 0.495540, 0.017629,
 101, 0.495360, 0.017239,
 102, 0.495480, 0.017804,
 103, 0.495350, 0.018046,
 104, 0.495920, 0.017384,
 105, 0.494970, 0.018354,
 106, 0.495610, 0.017345,
 107, 0.495470, 0.017361,
 108, 0.495280, 0.018550,
 109, 0.495660, 0.016956,
 110, 0.495670, 0.018002,
 111, 0.495050, 0.017322,
 112, 0.495060, 0.017873,
 113, 0.495720, 0.018509,
 114, 0.495130, 0.017058,
 115, 0.495150, 0.018312,
 116, 0.495100, 0.017594,
 117, 0.495230, 0.017468,
 118, 0.495610, 0.018747,
 119, 0.495790, 0.017475,
 120, 0.495810, 0.018189,
 121, 0.495180, 0.017469,
 122, 0.494950, 0.018170,
 123, 0.495260, 0.018435,
 124, 0.495560, 0.016696,
 125, 0.495500, 0.017703,
 126, 0.495580, 0.016881,
 127, 0.495210, 0.018008,
 128, 0.495070, 0.018971,
 129, 0.496220, 0.017085,
 130, 0.495660, 0.017588,
 131, 0.495190, 0.016643,
 132, 0.495360, 0.017769,
 133, 0.495540, 0.018161,
 134, 0.495280, 0.017142,
 135, 0.495440, 0.018932,
 136, 0.495800, 0.017966,
 137, 0.495500, 0.016735,
 138, 0.494790, 0.017937,
 139, 0.494970, 0.017258,
 140, 0.495690, 0.017971,
 141, 0.495220, 0.017550,
 142, 0.495030, 0.017855,
 143, 0.494760, 0.018510,
 144, 0.494690, 0.017006,
 145, 0.495520, 0.017454,
 146, 0.494690, 0.018026,
 147, 0.494770, 0.017809,
 148, 0.494940, 0.017285,
 149, 0.494960, 0.017568,
 150, 0.495550, 0.018024,
 151, 0.494960, 0.017595,
 152, 0.495470, 0.018097,
 153, 0.495120, 0.018328,
 154, 0.494670, 0.017174,
 155, 0.495300, 0.017717,
 156, 0.494620, 0.017848,
 157, 0.495130, 0.017281,
 158, 0.495140, 0.017908,
 159, 0.494550, 0.017587,
 160, 0.494720, 0.017692,
 161, 0.494380, 0.017437,
 162, 0.494400, 0.017508,
 163, 0.494370, 0.018018,
 164, 0.495320, 0.017481,
 165, 0.494850, 0.017838,
 166, 0.495100, 0.017174,
 167, 0.494890, 0.017713,
 168, 0.494570, 0.017960,
 169, 0.494920, 0.017939,
 170, 0.494670, 0.018305,
 171, 0.494830, 0.017059,
 172, 0.494890, 0.017669,
 173, 0.495330, 0.017717,
 174, 0.495070, 0.017450,
 175, 0.494790, 0.018379,
 176, 0.494190, 0.017365,
 177, 0.495150, 0.017543,
 178, 0.495640, 0.018315,
 179, 0.494380, 0.017953,
 180, 0.494160, 0.017528,
 181, 0.495470, 0.017760,
 182, 0.494660, 0.017926,
 183, 0.495000, 0.017755,
 184, 0.494190, 0.018471,
 185, 0.494220, 0.017583,
 186, 0.495360, 0.017655,
 187, 0.494260, 0.017869,
 188, 0.494900, 0.017682,
 189, 0.494840, 0.017783,
 190, 0.494870, 0.017858,
 191, 0.494380, 0.018011,
 192, 0.494690, 0.017305,
 193, 0.495580, 0.017918,
 194, 0.493820, 0.018360,
 195, 0.494480, 0.017965,
 196, 0.493940, 0.017285,
 197, 0.494160, 0.017772,
 198, 0.495110, 0.017704,
 199, 0.493760, 0.017321,
 200, 0.494540, 0.018081,
 201, 0.494400, 0.018364,
 202, 0.493780, 0.017877,
 203, 0.495170, 0.017274,
 204, 0.493730, 0.018004,
 205, 0.494660, 0.018351,
 206, 0.494250, 0.017328,
 207, 0.494710, 0.017649,
 208, 0.494970, 0.017660,
 209, 0.493410, 0.017843,
 210, 0.494350, 0.017686,
 211, 0.493740, 0.018047,
 212, 0.495210, 0.017811,
 213, 0.494760, 0.018004,
 214, 0.494330, 0.017416,
 215, 0.494010, 0.017904,
 216, 0.494470, 0.017770,
 217, 0.494200, 0.017308,
 218, 0.494280, 0.018318,
 219, 0.493690, 0.017945,
 220, 0.494390, 0.017845,
 221, 0.494860, 0.018146,
 222, 0.494880, 0.017823,
 223, 0.493890, 0.017963,
 224, 0.493960, 0.017300,
 225, 0.494300, 0.018463,
 226, 0.494590, 0.017533,
 227, 0.494540, 0.017584,
 228, 0.494640, 0.017979,
 229, 0.493480, 0.017849,
 230, 0.493820, 0.018116,
 231, 0.494600, 0.018252,
 232, 0.494060, 0.018082,
 233, 0.494370, 0.017904,
 234, 0.493650, 0.017735,
 235, 0.493560, 0.018092,
 236, 0.494280, 0.018017,
 237, 0.494270, 0.017097,
 238, 0.494390, 0.018454,
 239, 0.493420, 0.017778,
 240, 0.494060, 0.018097,
 241, 0.494080, 0.017818,
 242, 0.494050, 0.017806,
 243, 0.494040, 0.018376,
 244, 0.494050, 0.017940,
 245, 0.493250, 0.018390,
 246, 0.493290, 0.017681,
 247, 0.494200, 0.017535,
 248, 0.494060, 0.017719,
 249, 0.493830, 0.017212,
 250, 0.494250, 0.018116,
 251, 0.493880, 0.018183,
 252, 0.494050, 0.018570,
 253, 0.494550, 0.018182,
 254, 0.493800, 0.016581,
 255, 0.493510, 0.017345,
 256, 0.494000, 0.017754,
 257, 0.494760, 0.017962,
 258, 0.493760, 0.018386,
 259, 0.493400, 0.017961,
 260, 0.493700, 0.018327,
 261, 0.494390, 0.017994,
 262, 0.494070, 0.017165,
 263, 0.494340, 0.017894,
 264, 0.493490, 0.017161,
 265, 0.493650, 0.017611,
 266, 0.493720, 0.018434,
 267, 0.492840, 0.017524,
 268, 0.493920, 0.018385,
 269, 0.493450, 0.017862,
 270, 0.492820, 0.018241,
 271, 0.493920, 0.017718,
 272, 0.493480, 0.017631,
 273, 0.494610, 0.017892,
 274, 0.493220, 0.017420,
 275, 0.492930, 0.018584,
 276, 0.493070, 0.018064,
 277, 0.493580, 0.017314,
 278, 0.493580, 0.017951,
 279, 0.493530, 0.017734,
 280, 0.493470, 0.018335,
 281, 0.492980, 0.017948,
 282, 0.493680, 0.017491,
 283, 0.493220, 0.018628,
 284, 0.493360, 0.017505,
 285, 0.493600, 0.018213,
 286, 0.493350, 0.017827,
 287, 0.493520, 0.016898,
 288, 0.493890, 0.018188,
 289, 0.493250, 0.017375,
 290, 0.493450, 0.017536,
 291, 0.493050, 0.017931,
 292, 0.493750, 0.017137,
 293, 0.493270, 0.018176,
 294, 0.493100, 0.017912,
 295, 0.493320, 0.018046,
 296, 0.493200, 0.018583,
 297, 0.493900, 0.017246,
 298, 0.493790, 0.018032,
 299, 0.493270, 0.017789,
 300, 0.493120, 0.017953,
 301, 0.493810, 0.018057,
 302, 0.493180, 0.017424,
 303, 0.494010, 0.018328,
 304, 0.493460, 0.017974,
 305, 0.492870, 0.017923,
 306, 0.493070, 0.017681,
 307, 0.492560, 0.017495,
 308, 0.493400, 0.018191,
 309, 0.493500, 0.017556,
 310, 0.493660, 0.018246,
 311, 0.493090, 0.018007,
 312, 0.493020, 0.017384,
 313, 0.493000, 0.017873,
 314, 0.493080, 0.017809,
 315, 0.492950, 0.018204,
 316, 0.493150, 0.018115,
 317, 0.492410, 0.017141,
 318, 0.493550, 0.018037,
 319, 0.492890, 0.017777,
 320, 0.493210, 0.018029,
 321, 0.492960, 0.017935,
 322, 0.492130, 0.017945,
 323, 0.492740, 0.017745,
 324, 0.493030, 0.017469,
 325, 0.493040, 0.017867,
 326, 0.492990, 0.018464,
 327, 0.493640, 0.017692,
 328, 0.492790, 0.018056,
 329, 0.493030, 0.018169,
 330, 0.493200, 0.017650,
 331, 0.492850, 0.018043,
 332, 0.492870, 0.018003,
 333, 0.492610, 0.017037,
 334, 0.493150, 0.017973,
 335, 0.493180, 0.017932,
 336, 0.493850, 0.017809,
 337, 0.493360, 0.017783,
 338, 0.492090, 0.017665,
 339, 0.493020, 0.017978,
 340, 0.492660, 0.017975,
 341, 0.493400, 0.017872,
 342, 0.493080, 0.017501,
 343, 0.493160, 0.018204,
 344, 0.493490, 0.017872,
 345, 0.493000, 0.017799,
 346, 0.492440, 0.017659,
 347, 0.492190, 0.017084,
 348, 0.492740, 0.018371,
 349, 0.493030, 0.017776,
 350, 0.492390, 0.017399,
 351, 0.493060, 0.017758,
 352, 0.492950, 0.017717,
 353, 0.492910, 0.018154,
 354, 0.492690, 0.018051,
 355, 0.493520, 0.018483,
 356, 0.493910, 0.018458,
 357, 0.492670, 0.018650,
 358, 0.493120, 0.018630,
 359, 0.493050, 0.018147,
 360, 0.493540, 0.018137,
 361, 0.493440, 0.018458,
 362, 0.492150, 0.017841,
 363, 0.493100, 0.017415,
 364, 0.493300, 0.017761,
 365, 0.492650, 0.018335,
 366, 0.493150, 0.017962,
 367, 0.492140, 0.018200,
 368, 0.492710, 0.018046,
 369, 0.493010, 0.018129,
 370, 0.492470, 0.017850,
 371, 0.492930, 0.018179,
 372, 0.492110, 0.018228,
 373, 0.492630, 0.018049,
 374, 0.493050, 0.017766,
 375, 0.492830, 0.018180,
 376, 0.493340, 0.018214,
 377, 0.491950, 0.017986,
 378, 0.492500, 0.017724,
 379, 0.492680, 0.018044,
 380, 0.492330, 0.017932,
 381, 0.492550, 0.017998,
 382, 0.492340, 0.018153,
 383, 0.492820, 0.018791,
 384, 0.492220, 0.018456,
 385, 0.492960, 0.017680,
 386, 0.493090, 0.018135,
 387, 0.491950, 0.017281,
 388, 0.492640, 0.018670,
 389, 0.492500, 0.018315,
 390, 0.492190, 0.017718,
 391, 0.492510, 0.017846,
 392, 0.491830, 0.017475,
 393, 0.492000, 0.018371,
 394, 0.492850, 0.018128,
 395, 0.492660, 0.017325,
 396, 0.492440, 0.019168,
 397, 0.492380, 0.017590,
 398, 0.491890, 0.018094,
 399, 0.492540, 0.018223,
 400, 0.492190, 0.017650,
 401, 0.492170, 0.017173,
 402, 0.492120, 0.017712,
 403, 0.492410, 0.018439,
 404, 0.492600, 0.018118,
 405, 0.492130, 0.017032,
 406, 0.492480, 0.017998,
 407, 0.492470, 0.017663,
 408, 0.491780, 0.017780,
 409, 0.491930, 0.018402,
 410, 0.492110, 0.017435,
 411, 0.491960, 0.018951,
 412, 0.492260, 0.017831,
 413, 0.491440, 0.018238,
 414, 0.492380, 0.018101,
 415, 0.491990, 0.017503,
 416, 0.491660, 0.017880,
 417, 0.492040, 0.017894,
 418, 0.491680, 0.018342,
 419, 0.491990, 0.018138,
 420, 0.492340, 0.017529,
 421, 0.491940, 0.017962,
 422, 0.491770, 0.017330,
 423, 0.491750, 0.018275,
 424, 0.492260, 0.018645,
 425, 0.491670, 0.017982,
 426, 0.492680, 0.017669,
 427, 0.491620, 0.017645,
 428, 0.491290, 0.018151,
 429, 0.491900, 0.018391,
 430, 0.491950, 0.017423,
 431, 0.492290, 0.018689,
 432, 0.491300, 0.016976,
 433, 0.491730, 0.018879,
 434, 0.491510, 0.018978,
 435, 0.491930, 0.017184,
 436, 0.492020, 0.018267,
 437, 0.491740, 0.017413,
 438, 0.491620, 0.018341,
 439, 0.491630, 0.017791,
 440, 0.491330, 0.017220,
 441, 0.491970, 0.018078,
 442, 0.491370, 0.017737,
 443, 0.491770, 0.018169,
 444, 0.491650, 0.018952,
 445, 0.491520, 0.017175,
 446, 0.492140, 0.018101,
 447, 0.491400, 0.017123,
 448, 0.491590, 0.017707,
 449, 0.491900, 0.018940,
 450, 0.491670, 0.017296,
 451, 0.491760, 0.018029,
 452, 0.491420, 0.017405,
 453, 0.490940, 0.018453,
 454, 0.491560, 0.018037,
 455, 0.490950, 0.017438,
 456, 0.491850, 0.018749,
 457, 0.491200, 0.018071,
 458, 0.491700, 0.017621,
 459, 0.491950, 0.017524,
 460, 0.491660, 0.018429,
 461, 0.491840, 0.018487,
 462, 0.491050, 0.017994,
 463, 0.491120, 0.018346,
 464, 0.491400, 0.018334,
 465, 0.491110, 0.018153,
 466, 0.491700, 0.018199,
 467, 0.491720, 0.017738,
 468, 0.491610, 0.017959,
 469, 0.491350, 0.017982,
 470, 0.490380, 0.017586,
 471, 0.491460, 0.018014,
 472, 0.491530, 0.018765,
 473, 0.490850, 0.018247,
 474, 0.490970, 0.017794,
 475, 0.491110, 0.018355,
 476, 0.491620, 0.017980,
 477, 0.491580, 0.018024,
 478, 0.491200, 0.017410,
 479, 0.491230, 0.018395,
 480, 0.491140, 0.017504,
 481, 0.491780, 0.018094,
 482, 0.491430, 0.017484,
 483, 0.491440, 0.018107,
 484, 0.491580, 0.018100,
 485, 0.490650, 0.018543,
 486, 0.491120, 0.017813,
 487, 0.491180, 0.017960,
 488, 0.490870, 0.018001,
 489, 0.491170, 0.018328,
 490, 0.491160, 0.017983,
 491, 0.491170, 0.018026,
 492, 0.491170, 0.018451,
 493, 0.491180, 0.018598,
 494, 0.491620, 0.017782,
 495, 0.491200, 0.018304,
 496, 0.491010, 0.018360,
 497, 0.490820, 0.017514,
 498, 0.491580, 0.018043,
 499, 0.491020, 0.018311,
 500, 0.491110, 0.018395,
 501, 0.490970, 0.017506,
 502, 0.490660, 0.018566,
 503, 0.491020, 0.018430,
 504, 0.491650, 0.017891,
 505, 0.489990, 0.017743,
 506, 0.491160, 0.019170,
 507, 0.491080, 0.018482,
 508, 0.490900, 0.017725,
 509, 0.490810, 0.017942,
 510, 0.490620, 0.018098,
 511, 0.490680, 0.018232,
 512, 0.490330, 0.017748,
 513, 0.491490, 0.018187,
 514, 0.491850, 0.017660,
 515, 0.490510, 0.017899,
 516, 0.491120, 0.018985,
 517, 0.490720, 0.017589,
 518, 0.491430, 0.018050,
 519, 0.490800, 0.018168,
 520, 0.490000, 0.017886,
 521, 0.490990, 0.018479,
 522, 0.490800, 0.017721,
 523, 0.490530, 0.018070,
 524, 0.491550, 0.017773,
 525, 0.490620, 0.018183,
 526, 0.491420, 0.018180,
 527, 0.490750, 0.018369,
 528, 0.490660, 0.017918,
 529, 0.491380, 0.018483,
 530, 0.490310, 0.018114,
 531, 0.490380, 0.018695,
 532, 0.491340, 0.018146,
 533, 0.491250, 0.018515,
 534, 0.491230, 0.018564,
 535, 0.490330, 0.017986,
 536, 0.490450, 0.018259,
 537, 0.490790, 0.018264,
 538, 0.490870, 0.018216,
 539, 0.491060, 0.018357,
 540, 0.489760, 0.018342,
 541, 0.490710, 0.018323,
 542, 0.490270, 0.017500,
 543, 0.490320, 0.017635,
 544, 0.490860, 0.018339,
 545, 0.489610, 0.017578,
 546, 0.490500, 0.018596,
 547, 0.490750, 0.018129,
 548, 0.490480, 0.018405,
 549, 0.490760, 0.017910,
 550, 0.490210, 0.018203,
 551, 0.490470, 0.018326,
 552, 0.490550, 0.018131,
 553, 0.490290, 0.018332,
 554, 0.490610, 0.018204,
 555, 0.490510, 0.017824,
 556, 0.491020, 0.018738,
 557, 0.490980, 0.018554,
 558, 0.489720, 0.017568,
 559, 0.490630, 0.017963,
 560, 0.490050, 0.017760,
 561, 0.490480, 0.019028,
 562, 0.490930, 0.018297,
 563, 0.490110, 0.017867,
 564, 0.490510, 0.018279,
 565, 0.490610, 0.017577,
 566, 0.490070, 0.018358,
 567, 0.490390, 0.017514,
 568, 0.490780, 0.017695,
 569, 0.490440, 0.018674,
 570, 0.490320, 0.018084,
 571, 0.489650, 0.018079,
 572, 0.490460, 0.018370,
 573, 0.489740, 0.017984,
 574, 0.490170, 0.018549,
 575, 0.491150, 0.017573,
 576, 0.489930, 0.018016,
 577, 0.490760, 0.018799,
 578, 0.490370, 0.018079,
 579, 0.491410, 0.018119,
 580, 0.489990, 0.018402,
 581, 0.490330, 0.018125,
 582, 0.490620, 0.019281,
 583, 0.490720, 0.017917,
 584, 0.489860, 0.018504,
 585, 0.489800, 0.017860,
 586, 0.489940, 0.018582,
 587, 0.489820, 0.018439,
 588, 0.489890, 0.018616,
 589, 0.490470, 0.018717,
 590, 0.489920, 0.017966,
 591, 0.489760, 0.017900,
 592, 0.490750, 0.018876,
 593, 0.490540, 0.017685,
 594, 0.490620, 0.018825,
 595, 0.490260, 0.018057,
 596, 0.490450, 0.018282,
 597, 0.489810, 0.018765,
 598, 0.490310, 0.017443,
 599, 0.490260, 0.018160,
 600, 0.489690, 0.018432,
 601, 0.490370, 0.018556,
 602, 0.489680, 0.019034,
 603, 0.490720, 0.018170,
 604, 0.490430, 0.018366,
 605, 0.490000, 0.017834,
 606, 0.489970, 0.018109,
 607, 0.489930, 0.018877,
 608, 0.489630, 0.017658,
 609, 0.490060, 0.018571,
 610, 0.490750, 0.018409,
 611, 0.490490, 0.017718,
 612, 0.490030, 0.018540,
 613, 0.489970, 0.017641,
 614, 0.490470, 0.018544,
 615, 0.489670, 0.018019,
 616, 0.489640, 0.018502,
 617, 0.490180, 0.018643,
 618, 0.489740, 0.017869,
 619, 0.490010, 0.018969,
 620, 0.489910, 0.018246,
 621, 0.489880, 0.018542,
 622, 0.489810, 0.018640,
 623, 0.489600, 0.017843,
 624, 0.490140, 0.018202,
 625, 0.490370, 0.018222,
 626, 0.489910, 0.017884,
 627, 0.489840, 0.018605,
 628, 0.489470, 0.017845,
 629, 0.490210, 0.018684,
 630, 0.489960, 0.018481,
 631, 0.489500, 0.018461,
 632, 0.489580, 0.018306,
 633, 0.489490, 0.017917,
 634, 0.490200, 0.018318,
 635, 0.489510, 0.017920,
 636, 0.489340, 0.018198,
 637, 0.489530, 0.018484,
 638, 0.489300, 0.017923,
 639, 0.490020, 0.018089,
 640, 0.490090, 0.018157,
 641, 0.489890, 0.018089,
 642, 0.489870, 0.018250,
 643, 0.488660, 0.018370,
 644, 0.489570, 0.018143,
 645, 0.489400, 0.018329,
 646, 0.489950, 0.018382,
 647, 0.489970, 0.018407,
 648, 0.489810, 0.019001,
 649, 0.489900, 0.018042,
 650, 0.489650, 0.017858,
 651, 0.489610, 0.018324,
 652, 0.489440, 0.017777,
 653, 0.489310, 0.017946,
 654, 0.489970, 0.018540,
 655, 0.489530, 0.018058,
 656, 0.489630, 0.018513,
 657, 0.489250, 0.018495,
 658, 0.489910, 0.017755,
 659, 0.489220, 0.017755,
 660, 0.489670, 0.017772,
 661, 0.489360, 0.018594,
 662, 0.490460, 0.018043,
 663, 0.489560, 0.018338,
 664, 0.489070, 0.018948,
 665, 0.489420, 0.018224,
 666, 0.489250, 0.017947,
 667, 0.489880, 0.017940,
 668, 0.488910, 0.018434,
 669, 0.489330, 0.018634,
 670, 0.489670, 0.017866,
 671, 0.489240, 0.018314,
 672, 0.490350, 0.017844,
 673, 0.488710, 0.017954,
 674, 0.489570, 0.018046,
 675, 0.489780, 0.018015,
 676, 0.489070, 0.018294,
 677, 0.489770, 0.018224,
 678, 0.488880, 0.018117,
 679, 0.489550, 0.018903,
 680, 0.489360, 0.018541,
 681, 0.489300, 0.017990,
 682, 0.489460, 0.018263,
 683, 0.488950, 0.018177,
 684, 0.489570, 0.018103,
 685, 0.489440, 0.018842,
 686, 0.489510, 0.018632,
 687, 0.490160, 0.018000,
 688, 0.488690, 0.018226,
 689, 0.489370, 0.018145,
 690, 0.489590, 0.017978,
 691, 0.489850, 0.018285,
 692, 0.489600, 0.018720,
 693, 0.487970, 0.017836,
 694, 0.489700, 0.018273,
 695, 0.489270, 0.018737,
 696, 0.489050, 0.017682,
 697, 0.489860, 0.018021,
 698, 0.488450, 0.018380,
 699, 0.488710, 0.018362,
 700, 0.489300, 0.017989,
 701, 0.488810, 0.018500,
 702, 0.489120, 0.018269,
 703, 0.488820, 0.017977,
 704, 0.488860, 0.018029,
 705, 0.488980, 0.017862,
 706, 0.488890, 0.018144,
 707, 0.489250, 0.018109,
 708, 0.489090, 0.018084,
 709, 0.489320, 0.018992,
 710, 0.488910, 0.018812,
 711, 0.489130, 0.018446,
 712, 0.489360, 0.018055,
 713, 0.488250, 0.017344,
 714, 0.488750, 0.018138,
 715, 0.489040, 0.018308,
 716, 0.489380, 0.017720,
 717, 0.489760, 0.018247,
 718, 0.488920, 0.018115,
 719, 0.488510, 0.018730,
 720, 0.489490, 0.018415,
 721, 0.488940, 0.017968,
 722, 0.489400, 0.018396,
 723, 0.489570, 0.017760,
 724, 0.488140, 0.017883,
 725, 0.489220, 0.018026,
 726, 0.489080, 0.017744,
 727, 0.489590, 0.018382,
 728, 0.488710, 0.017818,
 729, 0.488330, 0.018630,
 730, 0.489140, 0.018116,
 731, 0.488220, 0.017710,
 732, 0.489270, 0.018445,
 733, 0.489040, 0.018648,
 734, 0.488180, 0.018885,
 735, 0.489010, 0.018922,
 736, 0.488570, 0.017963,
 737, 0.489390, 0.018481,
 738, 0.488510, 0.018025,
 739, 0.488860, 0.018399,
 740, 0.488090, 0.018761,
 741, 0.488570, 0.018452,
 742, 0.489260, 0.018551,
 743, 0.488750, 0.017923,
 744, 0.487920, 0.018253,
 745, 0.488440, 0.018915,
 746, 0.488860, 0.018119,
 747, 0.488740, 0.018719,
 748, 0.488620, 0.018342,
 749, 0.488450, 0.018435,
 750, 0.488130, 0.018699,
 751, 0.488750, 0.017498,
 752, 0.488970, 0.018552,
 753, 0.488640, 0.017829,
 754, 0.488650, 0.018601,
 755, 0.488530, 0.018914,
 756, 0.488770, 0.017719,
 757, 0.488930, 0.019082,
 758, 0.488480, 0.017910,
 759, 0.488230, 0.018089,
 760, 0.488640, 0.018664,
 761, 0.488980, 0.017933,
 762, 0.489210, 0.018724,
 763, 0.488360, 0.018510,
 764, 0.488860, 0.018581,
 765, 0.488120, 0.019264,
 766, 0.489030, 0.017879,
 767, 0.489230, 0.019147,
 768, 0.487730, 0.018328,
 769, 0.488250, 0.017579,
 770, 0.488260, 0.018965,
 771, 0.488360, 0.017611,
 772, 0.488800, 0.018618,
 773, 0.488060, 0.018564,
 774, 0.488790, 0.018160,
 775, 0.488310, 0.018377,
 776, 0.487780, 0.017979,
 777, 0.488830, 0.018163,
 778, 0.488440, 0.018276,
 779, 0.488630, 0.018330,
 780, 0.488380, 0.018335,
 781, 0.487940, 0.018290,
 782, 0.488410, 0.018163,
 783, 0.488010, 0.018263,
 784, 0.488700, 0.018135,
 785, 0.488040, 0.018807,
 786, 0.487410, 0.018013,
 787, 0.488920, 0.018685,
 788, 0.488720, 0.018829,
 789, 0.488540, 0.018342,
 790, 0.488670, 0.018287,
 791, 0.487730, 0.018044,
 792, 0.488770, 0.018467,
 793, 0.487810, 0.018481,
 794, 0.488570, 0.018899,
 795, 0.488220, 0.018199,
 796, 0.487550, 0.018264,
 797, 0.488460, 0.018263,
 798, 0.488190, 0.017755,
 799, 0.488680, 0.017724,
 800, 0.488560, 0.017985,
 801, 0.487890, 0.018446,
 802, 0.489010, 0.019253,
 803, 0.488330, 0.018155,
 804, 0.488440, 0.018568,
 805, 0.488280, 0.018608,
 806, 0.487960, 0.018288,
 807, 0.488590, 0.018131,
 808, 0.487680, 0.018440,
 809, 0.488480, 0.018160,
 810, 0.488400, 0.018426,
 811, 0.488260, 0.018597,
 812, 0.487990, 0.018355,
 813, 0.488100, 0.018233,
 814, 0.487860, 0.018180,
 815, 0.488640, 0.018356,
 816, 0.488360, 0.018471,
 817, 0.488340, 0.018698,
 818, 0.487930, 0.018039,
 819, 0.487760, 0.018600,
 820, 0.487960, 0.018221,
 821, 0.488320, 0.018588,
 822, 0.488430, 0.018608,
 823, 0.487880, 0.017973,
 824, 0.488070, 0.018202,
 825, 0.488830, 0.017783,
 826, 0.487670, 0.018546,
 827, 0.487920, 0.018417,
 828, 0.487660, 0.018270,
 829, 0.487640, 0.018783,
 830, 0.488550, 0.017961,
 831, 0.487200, 0.018646,
 832, 0.488350, 0.018396,
 833, 0.488430, 0.018192,
 834, 0.487800, 0.018159,
 835, 0.488620, 0.018004,
 836, 0.487790, 0.018247,
 837, 0.488140, 0.018455,
 838, 0.487660, 0.018207,
 839, 0.488080, 0.017925,
 840, 0.488150, 0.017605,
 841, 0.487900, 0.018607,
 842, 0.488710, 0.019344,
 843, 0.487420, 0.018764,
 844, 0.488390, 0.018185,
 845, 0.488430, 0.018002,
 846, 0.487020, 0.017944,
 847, 0.487530, 0.018448,
 848, 0.487280, 0.018303,
 849, 0.487960, 0.018461,
 850, 0.487780, 0.018157,
 851, 0.487540, 0.018162,
 852, 0.488240, 0.018682,
 853, 0.487420, 0.018550,
 854, 0.488060, 0.018005,
 855, 0.488270, 0.018214,
 856, 0.487830, 0.018424,
 857, 0.487870, 0.018645,
 858, 0.487590, 0.018179,
 859, 0.487940, 0.018017,
 860, 0.488420, 0.018445,
 861, 0.486970, 0.018141,
 862, 0.488100, 0.018479,
 863, 0.488120, 0.019227,
 864, 0.487510, 0.018267,
 865, 0.488230, 0.018867,
 866, 0.487360, 0.017827,
 867, 0.488050, 0.018265,
 868, 0.487740, 0.018579,
 869, 0.487170, 0.017910,
 870, 0.488180, 0.018482,
 871, 0.487870, 0.017673,
 872, 0.487450, 0.018979,
 873, 0.488020, 0.018525,
 874, 0.487800, 0.017767,
 875, 0.488040, 0.018106,
 876, 0.487590, 0.017729,
 877, 0.487380, 0.018744,
 878, 0.488420, 0.018775,
 879, 0.487930, 0.018417,
 880, 0.488050, 0.018870,
 881, 0.487030, 0.017987,
 882, 0.487300, 0.018468,
 883, 0.487830, 0.018377,
 884, 0.487360, 0.018760,
 885, 0.487650, 0.018599,
 886, 0.488070, 0.017860,
 887, 0.487020, 0.018822,
 888, 0.487640, 0.018611,
 889, 0.487630, 0.017836,
 890, 0.487990, 0.018674,
 891, 0.487280, 0.018218,
 892, 0.487040, 0.018273,
 893, 0.487280, 0.018421,
 894, 0.487520, 0.017703,
 895, 0.487990, 0.018962,
 896, 0.487190, 0.018443,
 897, 0.487390, 0.018618,
 898, 0.486790, 0.018714,
 899, 0.487300, 0.017719,
 900, 0.487460, 0.018599,
 901, 0.487060, 0.017693,
 902, 0.487290, 0.018696,
 903, 0.487480, 0.018416,
 904, 0.487650, 0.017845,
 905, 0.487720, 0.018583,
 906, 0.487080, 0.018045,
 907, 0.487460, 0.018154,
 908, 0.487220, 0.019011,
 909, 0.487350, 0.018513,
 910, 0.488400, 0.018485,
 911, 0.487240, 0.018729,
 912, 0.487770, 0.018386,
 913, 0.486670, 0.018779,
 914, 0.487530, 0.017676,
 915, 0.487330, 0.018836,
 916, 0.486990, 0.019288,
 917, 0.487020, 0.017876,
 918, 0.487170, 0.018774,
 919, 0.488330, 0.017650,
 920, 0.487520, 0.018916,
 921, 0.487000, 0.018147,
 922, 0.488110, 0.017645,
 923, 0.486860, 0.018941,
 924, 0.487850, 0.017843,
 925, 0.487380, 0.019056,
 926, 0.487470, 0.018981,
 927, 0.487620, 0.018151,
 928, 0.487240, 0.018545,
 929, 0.487440, 0.017900,
 930, 0.487630, 0.018361,
 931, 0.487110, 0.018135,
 932, 0.487790, 0.018847,
 933, 0.487050, 0.018756,
 934, 0.487610, 0.017990,
 935, 0.488170, 0.019190,
 936, 0.487130, 0.018344,
 937, 0.487030, 0.018637,
 938, 0.486870, 0.018707,
 939, 0.486980, 0.018213,
 940, 0.487270, 0.018889,
 941, 0.487300, 0.018923,
 942, 0.487660, 0.018267,
 943, 0.487520, 0.018675,
 944, 0.486640, 0.018365,
 945, 0.487430, 0.018623,
 946, 0.487360, 0.018010,
 947, 0.487550, 0.018087,
 948, 0.487020, 0.018548,
 949, 0.486490, 0.018697,
 950, 0.487710, 0.019163,
 951, 0.487060, 0.018772,
 952, 0.487600, 0.018478,
 953, 0.487230, 0.018367,
 954, 0.486420, 0.018368,
 955, 0.487670, 0.018955,
 956, 0.486830, 0.018454,
 957, 0.487880, 0.018127,
 958, 0.487380, 0.018958,
 959, 0.486380, 0.018765,
 960, 0.487470, 0.018367,
 961, 0.487220, 0.018249,
 962, 0.486810, 0.018908,
 963, 0.487240, 0.018965,
 964, 0.486230, 0.018585,
 965, 0.487780, 0.018369,
 966, 0.486970, 0.018496,
 967, 0.486840, 0.018555,
 968, 0.486810, 0.018250,
 969, 0.487050, 0.018515,
 970, 0.487140, 0.018449,
 971, 0.487090, 0.018277,
 972, 0.487090, 0.018899,
 973, 0.486940, 0.018990,
 974, 0.486580, 0.018605,
 975, 0.487100, 0.018755,
 976, 0.486640, 0.018136,
 977, 0.486860, 0.018523,
 978, 0.487290, 0.018306,
 979, 0.486690, 0.019173,
 980, 0.486850, 0.018743,
 981, 0.486640, 0.018568,
 982, 0.486700, 0.018316,
 983, 0.487330, 0.018798,
 984, 0.486140, 0.018606,
 985, 0.486790, 0.018804,
 986, 0.487430, 0.018113,
 987, 0.486470, 0.018502,
 988, 0.487570, 0.018487,
 989, 0.486760, 0.018295,
 990, 0.486630, 0.019213,
 991, 0.487070, 0.018274,
 992, 0.486440, 0.018673,
 993, 0.487230, 0.018444,
 994, 0.486860, 0.018864,
 995, 0.486670, 0.018899,
 996, 0.486640, 0.018707,
 997, 0.486800, 0.018396,
 998, 0.486620, 0.018617,
 999, 0.486350, 0.018351,
 1000, 0.486900, 0.018311,
 1001, 0.486430, 0.018795,
 1002, 0.486720, 0.018026,
 1003, 0.487220, 0.018645,
 1004, 0.486270, 0.018635,
 1005, 0.487270, 0.018295,
 1006, 0.486790, 0.017789,
 1007, 0.486820, 0.018622,
 1008, 0.486850, 0.018169,
 1009, 0.486200, 0.018383,
 1010, 0.486820, 0.018464,
 1011, 0.486560, 0.018739,
 1012, 0.486100, 0.018599,
 1013, 0.486910, 0.018808,
 1014, 0.486030, 0.018273,
 1015, 0.486980, 0.018463,
 1016, 0.486500, 0.018793,
 1017, 0.487160, 0.018430,
 1018, 0.486730, 0.018704,
 1019, 0.486370, 0.018702,
 1020, 0.486520, 0.018558,
 1021, 0.486280, 0.018542,
 1022, 0.486530, 0.018293,
 1023, 0.486550, 0.018509,
 1024, 0.486870, 0.018438,
 1025, 0.486720, 0.019198,
 1026, 0.486820, 0.018779,
 1027, 0.486890, 0.018566,
 1028, 0.487360, 0.018955,
 1029, 0.486950, 0.018048,
 1030, 0.486490, 0.018653,
 1031, 0.486780, 0.018428,
 1032, 0.486540, 0.019065,
 1033, 0.487650, 0.018706,
 1034, 0.486410, 0.018819,
 1035, 0.486420, 0.018877,
 1036, 0.486860, 0.018469,
 1037, 0.486660, 0.018590,
 1038, 0.486770, 0.018492,
 1039, 0.486730, 0.017620,
 1040, 0.485660, 0.018560,
 1041, 0.486990, 0.019276,
 1042, 0.486290, 0.018432,
 1043, 0.486350, 0.018904,
 1044, 0.486560, 0.017903,
 1045, 0.486030, 0.018466,
 1046, 0.486650, 0.019274,
 1047, 0.486310, 0.018734,
 1048, 0.486510, 0.018858,
 1049, 0.486910, 0.018613,
 1050, 0.486120, 0.018860,
 1051, 0.486850, 0.019075,
 1052, 0.486730, 0.018244,
 1053, 0.486650, 0.019038,
 1054, 0.486280, 0.018120,
 1055, 0.485930, 0.018824,
 1056, 0.486700, 0.018665,
 1057, 0.486520, 0.018240,
 1058, 0.486260, 0.018720,
 1059, 0.485940, 0.018757,
 1060, 0.486290, 0.018344,
 1061, 0.486290, 0.018731,
 1062, 0.486580, 0.018695,
 1063, 0.486540, 0.018473,
 1064, 0.485940, 0.018634,
 1065, 0.486330, 0.019260,
 1066, 0.486810, 0.018997,
 1067, 0.486380, 0.018140,
 1068, 0.486510, 0.018611,
 1069, 0.485660, 0.018361,
 1070, 0.486020, 0.019161,
 1071, 0.486440, 0.019120,
 1072, 0.486520, 0.018350,
 1073, 0.486270, 0.019072,
 1074, 0.485970, 0.019133,
 1075, 0.485990, 0.018693,
 1076, 0.486440, 0.018816,
 1077, 0.486450, 0.018007,
 1078, 0.486370, 0.018521,
 1079, 0.486090, 0.018909,
 1080, 0.486430, 0.018452,
 1081, 0.486170, 0.019120,
 1082, 0.486340, 0.017842,
 1083, 0.486300, 0.018660,
 1084, 0.486220, 0.018608,
 1085, 0.485670, 0.018223,
 1086, 0.485870, 0.018947,
 1087, 0.486240, 0.018246,
 1088, 0.486520, 0.018694,
 1089, 0.486340, 0.019242,
 1090, 0.486120, 0.018384,
 1091, 0.486010, 0.019051,
 1092, 0.486270, 0.018478,
 1093, 0.485920, 0.018312,
 1094, 0.486220, 0.018438,
 1095, 0.486270, 0.018926,
 1096, 0.486160, 0.018425,
 1097, 0.485810, 0.018494,
 1098, 0.486270, 0.018831,
 1099, 0.485670, 0.018598,
 1100, 0.486140, 0.018429,
 1101, 0.486520, 0.018335,
 1102, 0.485660, 0.018268,
 1103, 0.486160, 0.019455,
 1104, 0.486410, 0.018768,
 1105, 0.486490, 0.019369,
 1106, 0.486110, 0.018534,
 1107, 0.485660, 0.018426,
 1108, 0.486300, 0.018835,
 1109, 0.486020, 0.018121,
 1110, 0.486420, 0.018603,
 1111, 0.486880, 0.018458,
 1112, 0.486070, 0.018981,
 1113, 0.486710, 0.019104,
 1114, 0.485800, 0.018694,
 1115, 0.486200, 0.018632,
 1116, 0.486150, 0.018820,
 1117, 0.485550, 0.019019,
 1118, 0.486230, 0.018918,
 1119, 0.486330, 0.018294,
 1120, 0.486240, 0.018406,
 1121, 0.486250, 0.018773,
 1122, 0.485940, 0.018711,
 1123, 0.486380, 0.018872,
 1124, 0.485660, 0.018471,
 1125, 0.485790, 0.018723,
 1126, 0.485950, 0.018664,
 1127, 0.485860, 0.018381,
 1128, 0.487050, 0.019495,
 1129, 0.486050, 0.018264,
 1130, 0.486030, 0.019025,
 1131, 0.486470, 0.018484,
 1132, 0.485910, 0.017951,
 1133, 0.485880, 0.018510,
 1134, 0.485990, 0.018251,
 1135, 0.486040, 0.018488,
 1136, 0.486330, 0.018805,
 1137, 0.485690, 0.018577,
 1138, 0.486190, 0.019361,
 1139, 0.485780, 0.018597,
 1140, 0.486030, 0.018365,
 1141, 0.485770, 0.018361,
 1142, 0.485940, 0.019213,
 1143, 0.485540, 0.018613,
 1144, 0.485800, 0.018560,
 1145, 0.485720, 0.018682,
 1146, 0.486520, 0.018198,
 1147, 0.484860, 0.018839,
 1148, 0.485650, 0.018227,
 1149, 0.485520, 0.017994,
 1150, 0.485440, 0.018796,
 1151, 0.486560, 0.018580,
 1152, 0.485720, 0.018696,
 1153, 0.485630, 0.018391,
 1154, 0.485940, 0.018468,
 1155, 0.485920, 0.018437,
 1156, 0.485970, 0.017995,
 1157, 0.485570, 0.018764,
 1158, 0.485310, 0.018857,
 1159, 0.485700, 0.018992,
 1160, 0.485850, 0.018239,
 1161, 0.485870, 0.018530,
 1162, 0.485170, 0.018350,
 1163, 0.485660, 0.019117,
 1164, 0.485650, 0.018394,
 1165, 0.486220, 0.018518,
 1166, 0.485730, 0.018259,
 1167, 0.485030, 0.018892,
 1168, 0.486240, 0.018508,
 1169, 0.485400, 0.018918,
 1170, 0.485850, 0.018179,
 1171, 0.485920, 0.018476,
 1172, 0.485050, 0.018976,
 1173, 0.486160, 0.018883,
 1174, 0.485550, 0.018705,
 1175, 0.485760, 0.017767,
 1176, 0.486230, 0.017972,
 1177, 0.485590, 0.018786,
 1178, 0.485740, 0.018204,
 1179, 0.485560, 0.018550,
 1180, 0.485190, 0.018073,
 1181, 0.486020, 0.018723,
 1182, 0.485210, 0.018434,
 1183, 0.485930, 0.019004,
 1184, 0.485750, 0.018704,
 1185, 0.485900, 0.017686,
 1186, 0.485930, 0.019352,
 1187, 0.485540, 0.018042,
 1188, 0.486140, 0.018518,
 1189, 0.485660, 0.018527,
 1190, 0.485320, 0.018249,
 1191, 0.485930, 0.018688,
 1192, 0.485820, 0.018691,
 1193, 0.485660, 0.018952,
 1194, 0.485760, 0.018876,
 1195, 0.485610, 0.017967,
 1196, 0.485730, 0.018557,
 1197, 0.485800, 0.018088,
 1198, 0.485760, 0.019530,
 1199, 0.485770, 0.018976,
 1200, 0.486280, 0.018633,
 1201, 0.486010, 0.019452,
 1202, 0.485890, 0.019060,
 1203, 0.485810, 0.020105,
 1204, 0.485780, 0.019930,
 1205, 0.486210, 0.018379,
 1206, 0.486510, 0.019795,
 1207, 0.486080, 0.018113,
 1208, 0.486040, 0.018933,
 1209, 0.486230, 0.018450,
 1210, 0.485990, 0.018153,
 1211, 0.486170, 0.018869,
 1212, 0.485740, 0.018385,
 1213, 0.485580, 0.019265,
 1214, 0.485420, 0.018953,
 1215, 0.485740, 0.018017,
 1216, 0.486090, 0.018918,
 1217, 0.485520, 0.018956,
 1218, 0.485630, 0.019020,
 1219, 0.485620, 0.019045,
 1220, 0.485760, 0.018607,
 1221, 0.485620, 0.019187,
 1222, 0.485800, 0.017788,
 1223, 0.485170, 0.019183,
 1224, 0.485820, 0.019282,
 1225, 0.485520, 0.018118,
 1226, 0.486000, 0.019391,
 1227, 0.485670, 0.018290,
 1228, 0.485500, 0.018746,
 1229, 0.485750, 0.018982,
 1230, 0.485750, 0.017992,
 1231, 0.485250, 0.018436,
 1232, 0.485080, 0.018314,
 1233, 0.485440, 0.018281,
 1234, 0.485280, 0.018896,
 1235, 0.485200, 0.017963,
 1236, 0.486000, 0.019105,
 1237, 0.485130, 0.018550,
 1238, 0.485340, 0.018280,
 1239, 0.485350, 0.019364,
 1240, 0.485920, 0.018229,
 1241, 0.486060, 0.018492,
 1242, 0.485760, 0.018853,
 1243, 0.484730, 0.018800,
 1244, 0.485270, 0.019661,
 1245, 0.485700, 0.017662,
 1246, 0.485380, 0.018646,
 1247, 0.485600, 0.019163,
 1248, 0.485580, 0.018647,
 1249, 0.484880, 0.019197,
 1250, 0.486050, 0.018233,
 1251, 0.486460, 0.018497,
 1252, 0.485380, 0.018760,
 1253, 0.485050, 0.018529,
 1254, 0.485260, 0.019058,
 1255, 0.484960, 0.017993,
 1256, 0.485310, 0.018481,
 1257, 0.485480, 0.018555,
 1258, 0.485290, 0.018723,
 1259, 0.484750, 0.018628,
 1260, 0.485140, 0.018409,
 1261, 0.486050, 0.018791,
 1262, 0.485190, 0.018176,
 1263, 0.485560, 0.018127,
 1264, 0.485040, 0.019256,
 1265, 0.484990, 0.018797,
 1266, 0.486140, 0.018422,
 1267, 0.485330, 0.018515,
 1268, 0.485510, 0.018769,
 1269, 0.484780, 0.018989,
 1270, 0.484400, 0.018538,
 1271, 0.485510, 0.018870,
 1272, 0.485450, 0.018665,
 1273, 0.485360, 0.017956,
 1274, 0.484730, 0.019196,
 1275, 0.484940, 0.018996,
 1276, 0.485230, 0.018779,
 1277, 0.485260, 0.018494,
 1278, 0.485710, 0.018379,
 1279, 0.485300, 0.019050,
 1280, 0.485050, 0.018499,
 1281, 0.485130, 0.018812,
 1282, 0.485130, 0.018503,
 1283, 0.485580, 0.018811,
 1284, 0.485510, 0.018395,
 1285, 0.484810, 0.018497,
 1286, 0.485060, 0.018157,
 1287, 0.485390, 0.018707,
 1288, 0.485040, 0.018282,
 1289, 0.485640, 0.019137,
 1290, 0.485700, 0.018256,
 1291, 0.485260, 0.018808,
 1292, 0.485150, 0.018640,
 1293, 0.484930, 0.018448,
 1294, 0.485510, 0.018290,
 1295, 0.484810, 0.018740,
 1296, 0.484900, 0.019193,
 1297, 0.485260, 0.018870,
 1298, 0.484590, 0.018519,
 1299, 0.485890, 0.018446,
 1300, 0.484720, 0.018707,
 1301, 0.484240, 0.018135,
 1302, 0.485110, 0.018154,
 1303, 0.485130, 0.018262,
 1304, 0.485570, 0.018771,
 1305, 0.485020, 0.019063,
 1306, 0.485110, 0.018905,
 1307, 0.484950, 0.018134,
 1308, 0.485100, 0.018666,
 1309, 0.485380, 0.018911,
 1310, 0.484530, 0.019520,
 1311, 0.484980, 0.018964,
 1312, 0.484810, 0.018537,
 1313, 0.485660, 0.018904,
 1314, 0.485560, 0.019068,
 1315, 0.484610, 0.018858,
 1316, 0.484970, 0.019375,
 1317, 0.484690, 0.018919,
 1318, 0.485320, 0.018601,
 1319, 0.485180, 0.018817,
 1320, 0.484420, 0.018970,
 1321, 0.485070, 0.018987,
 1322, 0.484670, 0.018598,
 1323, 0.484600, 0.019284,
 1324, 0.485530, 0.018599,
 1325, 0.484620, 0.018183,
 1326, 0.485030, 0.018886,
 1327, 0.484710, 0.018256,
 1328, 0.484150, 0.018173,
 1329, 0.484680, 0.018595,
 1330, 0.484380, 0.018701,
 1331, 0.484940, 0.018468,
 1332, 0.484630, 0.018620,
 1333, 0.485710, 0.018763,
 1334, 0.485150, 0.018408,
 1335, 0.484280, 0.018593,
 1336, 0.485000, 0.018861,
 1337, 0.485010, 0.019043,
 1338, 0.485320, 0.019035,
 1339, 0.485280, 0.019042,
 1340, 0.484260, 0.018623,
 1341, 0.485580, 0.018564,
 1342, 0.484350, 0.018761,
 1343, 0.484800, 0.018221,
 1344, 0.485530, 0.019183,
 1345, 0.484390, 0.018710,
 1346, 0.484770, 0.019107,
 1347, 0.485030, 0.018694,
 1348, 0.484420, 0.017807,
 1349, 0.485170, 0.018597,
 1350, 0.484720, 0.018393,
 1351, 0.484940, 0.019230,
 1352, 0.484730, 0.018989,
 1353, 0.484840, 0.018717,
 1354, 0.485210, 0.018554,
 1355, 0.484430, 0.017981,
 1356, 0.484190, 0.018774,
 1357, 0.484950, 0.019170,
 1358, 0.484460, 0.018572,
 1359, 0.485650, 0.018957,
 1360, 0.484860, 0.018556,
 1361, 0.484200, 0.019098,
 1362, 0.484460, 0.019280,
 1363, 0.484770, 0.018138,
 1364, 0.484670, 0.019620,
 1365, 0.484720, 0.018884,
 1366, 0.484370, 0.019081,
 1367, 0.485470, 0.019271,
 1368, 0.484650, 0.018235,
 1369, 0.485220, 0.018714,
 1370, 0.484420, 0.018197,
 1371, 0.483900, 0.019112,
 1372, 0.484360, 0.019044,
 1373, 0.484200, 0.018481,
 1374, 0.485050, 0.019080,
 1375, 0.484990, 0.018811,
 1376, 0.484220, 0.018910,
 1377, 0.484530, 0.018671,
 1378, 0.484780, 0.018334,
 1379, 0.484620, 0.019282,
 1380, 0.484580, 0.018340,
 1381, 0.484170, 0.019216,
 1382, 0.484180, 0.019057,
 1383, 0.484850, 0.018274,
 1384, 0.484710, 0.018890,
 1385, 0.484180, 0.018709,
 1386, 0.484670, 0.018994,
 1387, 0.484250, 0.019676,
 1388, 0.484600, 0.018611,
 1389, 0.484620, 0.018832,
 1390, 0.484390, 0.018405,
 1391, 0.484610, 0.018607,
 1392, 0.484340, 0.019176,
 1393, 0.485060, 0.018562,
 1394, 0.484640, 0.019000,
 1395, 0.484260, 0.018638,
 1396, 0.484230, 0.018595,
 1397, 0.484430, 0.019363,
 1398, 0.485240, 0.018211,
 1399, 0.485140, 0.019241,
 1400, 0.484360, 0.018702,
 1401, 0.484490, 0.018616,
 1402, 0.484000, 0.018556,
 1403, 0.484650, 0.018523,
 1404, 0.484850, 0.018680,
 1405, 0.484300, 0.018954,
 1406, 0.484350, 0.018891,
 1407, 0.484270, 0.019510,
 1408, 0.484320, 0.018554,
 1409, 0.484520, 0.018641,
 1410, 0.484700, 0.019016,
 1411, 0.484650, 0.018739,
 1412, 0.483750, 0.019915,
 1413, 0.484830, 0.018633,
 1414, 0.485170, 0.018860,
 1415, 0.483970, 0.018612,
 1416, 0.484200, 0.018943,
 1417, 0.484210, 0.018826,
 1418, 0.484510, 0.018510,
 1419, 0.484810, 0.019176,
 1420, 0.484210, 0.018763,
 1421, 0.484590, 0.018468,
 1422, 0.484020, 0.018366,
 1423, 0.484210, 0.017972,
 1424, 0.484240, 0.018815,
 1425, 0.484560, 0.018332,
 1426, 0.484340, 0.018463,
 1427, 0.484240, 0.019367,
 1428, 0.483970, 0.018838,
 1429, 0.484550, 0.018946,
 1430, 0.484280, 0.019164,
 1431, 0.484200, 0.018954,
 1432, 0.484280, 0.018933,
 1433, 0.483620, 0.018393,
 1434, 0.484850, 0.019190,
 1435, 0.483830, 0.018144,
 1436, 0.484170, 0.018716,
 1437, 0.484650, 0.018847,
 1438, 0.484080, 0.018950,
 1439, 0.484830, 0.018466,
 1440, 0.484680, 0.018653,
 1441, 0.484440, 0.019095,
 1442, 0.484650, 0.018760,
 1443, 0.483800, 0.018752,
 1444, 0.484390, 0.019053,
 1445, 0.483850, 0.018684,
 1446, 0.484460, 0.018490,
 1447, 0.484450, 0.018914,
 1448, 0.483800, 0.018742,
 1449, 0.484290, 0.019110,
 1450, 0.484060, 0.018609,
 1451, 0.484550, 0.019017,
 1452, 0.484830, 0.018936,
 1453, 0.483660, 0.018805,
 1454, 0.484220, 0.019237,
 1455, 0.484090, 0.018350,
 1456, 0.483600, 0.018284,
 1457, 0.484380, 0.018375,
 1458, 0.483580, 0.019376,
 1459, 0.484750, 0.018731,
 1460, 0.484250, 0.018815,
 1461, 0.484070, 0.018890,
 1462, 0.484680, 0.018469,
 1463, 0.483240, 0.018975,
 1464, 0.484210, 0.019412,
 1465, 0.483880, 0.018750,
 1466, 0.483400, 0.018707,
 1467, 0.484540, 0.019056,
 1468, 0.483800, 0.018674,
 1469, 0.484420, 0.019268,
 1470, 0.484110, 0.018863,
 1471, 0.483850, 0.018212,
 1472, 0.484500, 0.018919,
 1473, 0.483930, 0.019116,
 1474, 0.483820, 0.019373,
 1475, 0.483790, 0.018945,
 1476, 0.484420, 0.018669,
 1477, 0.484650, 0.018887,
 1478, 0.483450, 0.019145,
 1479, 0.483870, 0.019144,
 1480, 0.484100, 0.019429,
 1481, 0.484160, 0.018733,
 1482, 0.484290, 0.018408,
 1483, 0.483690, 0.018597,
 1484, 0.483850, 0.018914,
 1485, 0.483800, 0.018662,
 1486, 0.483700, 0.018298,
 1487, 0.484060, 0.018408,
 1488, 0.483390, 0.018925,
 1489, 0.483940, 0.018575,
 1490, 0.483870, 0.018737,
 1491, 0.484460, 0.018949,
 1492, 0.484080, 0.018767,
 1493, 0.483590, 0.018398,
 1494, 0.484160, 0.018980,
 1495, 0.484060, 0.019343,
 1496, 0.484510, 0.018620,
 1497, 0.484620, 0.018788,
 1498, 0.483590, 0.018860,
 1499, 0.484330, 0.018896,
 1500, 0.484210, 0.019249,
 1501, 0.484080, 0.018425,
 1502, 0.484540, 0.019255,
 1503, 0.483330, 0.018741,
 1504, 0.483680, 0.018760,
 1505, 0.483770, 0.019507,
 1506, 0.483400, 0.018918,
 1507, 0.484170, 0.018853,
 1508, 0.483580, 0.018509,
 1509, 0.483410, 0.019001,
 1510, 0.483940, 0.018560,
 1511, 0.484150, 0.018114,
 1512, 0.484520, 0.018822,
 1513, 0.483930, 0.018593,
 1514, 0.484230, 0.019027,
 1515, 0.483790, 0.018897,
 1516, 0.483810, 0.018245,
 1517, 0.484180, 0.018691,
 1518, 0.483920, 0.019007,
 1519, 0.483590, 0.019727,
 1520, 0.483580, 0.018558,
 1521, 0.483870, 0.018189,
 1522, 0.484520, 0.019522,
 1523, 0.484170, 0.018946,
 1524, 0.483580, 0.018723,
 1525, 0.483510, 0.018861,
 1526, 0.483700, 0.018259,
 1527, 0.483870, 0.019629,
 1528, 0.483020, 0.018569,
 1529, 0.483520, 0.019520,
 1530, 0.484030, 0.018951,
 1531, 0.483630, 0.018367,
 1532, 0.483740, 0.018901,
 1533, 0.483630, 0.018283,
 1534, 0.483040, 0.019296,
 1535, 0.483970, 0.018617,
 1536, 0.483990, 0.018773,
 1537, 0.483810, 0.018774,
 1538, 0.484370, 0.018994,
 1539, 0.483910, 0.018729,
 1540, 0.483230, 0.019014,
 1541, 0.483720, 0.018424,
 1542, 0.483630, 0.019100,
 1543, 0.483880, 0.018932,
 1544, 0.484050, 0.018954,
 1545, 0.483440, 0.019252,
 1546, 0.483670, 0.018633,
 1547, 0.483960, 0.018744,
 1548, 0.483220, 0.018488,
 1549, 0.483600, 0.019031,
 1550, 0.482970, 0.019470,
 1551, 0.484190, 0.018359,
 1552, 0.483690, 0.018629,
 1553, 0.483760, 0.019645,
 1554, 0.484350, 0.018813,
 1555, 0.483250, 0.019285,
 1556, 0.483890, 0.017971,
 1557, 0.483820, 0.019224,
 1558, 0.483380, 0.018453,
 1559, 0.484010, 0.018635,
 1560, 0.483310, 0.019505,
 1561, 0.483640, 0.018152,
 1562, 0.483820, 0.018649,
 1563, 0.483580, 0.018603,
 1564, 0.483550, 0.019206,
 1565, 0.483030, 0.019346,
 1566, 0.483640, 0.018568,
 1567, 0.483720, 0.018946,
 1568, 0.483500, 0.018531,
 1569, 0.483810, 0.018895,
 1570, 0.482530, 0.019353,
 1571, 0.483610, 0.018965,
 1572, 0.484050, 0.018795,
 1573, 0.483340, 0.018347,
 1574, 0.483640, 0.019165,
 1575, 0.482920, 0.019042,
 1576, 0.483790, 0.018359,
 1577, 0.484030, 0.019383,
 1578, 0.483110, 0.018893,
 1579, 0.483430, 0.019074,
 1580, 0.483540, 0.019074,
 1581, 0.483600, 0.018406,
 1582, 0.484030, 0.019368,
 1583, 0.483060, 0.019306,
 1584, 0.483570, 0.019347,
 1585, 0.483100, 0.019122,
 1586, 0.483550, 0.017822,
 1587, 0.483680, 0.018783,
 1588, 0.483440, 0.018805,
 1589, 0.483660, 0.018443,
 1590, 0.482950, 0.018637,
 1591, 0.483000, 0.018875,
 1592, 0.484390, 0.019550,
 1593, 0.483390, 0.018851,
 1594, 0.483920, 0.018220,
 1595, 0.483460, 0.018383,
 1596, 0.482820, 0.018316,
 1597, 0.484210, 0.019065,
 1598, 0.483190, 0.019040,
 1599, 0.483420, 0.019241,
 1600, 0.483660, 0.018885,
 1601, 0.482740, 0.019233,
 1602, 0.483840, 0.019144,
 1603, 0.483260, 0.018443,
 1604, 0.483250, 0.018876,
 1605, 0.484060, 0.019169,
 1606, 0.483810, 0.019075,
 1607, 0.483630, 0.019048,
 1608, 0.483640, 0.018781,
 1609, 0.483250, 0.018565,
 1610, 0.483630, 0.018568,
 1611, 0.482960, 0.019194,
 1612, 0.483280, 0.018708,
 1613, 0.483240, 0.018466,
 1614, 0.483080, 0.018522,
 1615, 0.483690, 0.018945,
 1616, 0.482800, 0.019161,
 1617, 0.483500, 0.019005,
 1618, 0.483820, 0.018978,
 1619, 0.483340, 0.019188,
 1620, 0.483900, 0.018517,
 1621, 0.482800, 0.018939,
 1622, 0.483550, 0.018944,
 1623, 0.483010, 0.018996,
 1624, 0.482900, 0.018582,
 1625, 0.483450, 0.018922,
 1626, 0.483420, 0.018912,
 1627, 0.483680, 0.019054,
 1628, 0.483380, 0.019148,
 1629, 0.483390, 0.018788,
 1630, 0.483690, 0.018174,
 1631, 0.483160, 0.019263,
 1632, 0.483490, 0.018946,
 1633, 0.483430, 0.018692,
 1634, 0.483770, 0.018865,
 1635, 0.483170, 0.018653,
 1636, 0.483020, 0.019285,
 1637, 0.483100, 0.019235,
 1638, 0.483410, 0.018882,
 1639, 0.483830, 0.018893,
 1640, 0.483430, 0.018824,
 1641, 0.482810, 0.018844,
 1642, 0.483420, 0.019130,
 1643, 0.483380, 0.018608,
 1644, 0.483350, 0.018911,
 1645, 0.483980, 0.019349,
 1646, 0.482750, 0.018884,
 1647, 0.483170, 0.019180,
 1648, 0.483340, 0.018937,
 1649, 0.483080, 0.019016,
 1650, 0.483330, 0.018701,
 1651, 0.482520, 0.018917,
 1652, 0.483310, 0.018758,
 1653, 0.483000, 0.018964,
 1654, 0.483430, 0.018737,
 1655, 0.483160, 0.019331,
 1656, 0.482820, 0.018502,
 1657, 0.483250, 0.018843,
 1658, 0.483540, 0.019363,
 1659, 0.483110, 0.018779,
 1660, 0.483250, 0.019328,
 1661, 0.482900, 0.018889,
 1662, 0.483390, 0.018822,
 1663, 0.483190, 0.019942,
 1664, 0.483020, 0.018460,
 1665, 0.483410, 0.018533,
 1666, 0.482920, 0.018515,
 1667, 0.483180, 0.019700,
 1668, 0.483250, 0.019167,
 1669, 0.482950, 0.018286,
 1670, 0.483180, 0.019234,
 1671, 0.482900, 0.018514,
 1672, 0.482730, 0.018588,
 1673, 0.483170, 0.019582,
 1674, 0.482630, 0.018372,
 1675, 0.483290, 0.019230,
 1676, 0.483090, 0.018498,
 1677, 0.482680, 0.019317,
 1678, 0.483320, 0.019881,
 1679, 0.483190, 0.018812,
 1680, 0.483110, 0.019318,
 1681, 0.482630, 0.018901,
 1682, 0.483100, 0.018885,
 1683, 0.483000, 0.019263,
 1684, 0.483380, 0.018643,
 1685, 0.483310, 0.019198,
 1686, 0.483250, 0.018969,
 1687, 0.482600, 0.019171,
 1688, 0.483060, 0.018455,
 1689, 0.483390, 0.018867,
 1690, 0.483090, 0.018865,
 1691, 0.482130, 0.018360,
 1692, 0.482600, 0.019334,
 1693, 0.482480, 0.019034,
 1694, 0.483120, 0.018655,
 1695, 0.483110, 0.018876,
 1696, 0.483230, 0.019119,
 1697, 0.482610, 0.019519,
 1698, 0.482810, 0.019707,
 1699, 0.482840, 0.018930,
 1700, 0.483300, 0.019063,
 1701, 0.482630, 0.019052,
 1702, 0.482560, 0.019840,
 1703, 0.482510, 0.019524,
 1704, 0.483410, 0.019183,
 1705, 0.482930, 0.018766,
 1706, 0.482710, 0.018861,
 1707, 0.482380, 0.019546,
 1708, 0.483450, 0.019332,
 1709, 0.483540, 0.018696,
 1710, 0.483230, 0.019101,
 1711, 0.482340, 0.018387,
 1712, 0.483190, 0.019408,
 1713, 0.482760, 0.018846,
 1714, 0.483120, 0.018247,
 1715, 0.482730, 0.019364,
 1716, 0.482880, 0.018594,
 1717, 0.482500, 0.019647,
 1718, 0.482570, 0.019378,
 1719, 0.483190, 0.018160,
 1720, 0.483390, 0.019446,
 1721, 0.482750, 0.018983,
 1722, 0.483100, 0.019695,
 1723, 0.482340, 0.019582,
 1724, 0.483400, 0.018665,
 1725, 0.483170, 0.019259,
 1726, 0.482980, 0.019029,
 1727, 0.483060, 0.018568,
 1728, 0.482260, 0.019708,
 1729, 0.482900, 0.018624,
 1730, 0.482750, 0.019120,
 1731, 0.482740, 0.019144,
 1732, 0.482570, 0.018852,
 1733, 0.482920, 0.019053,
 1734, 0.482620, 0.018372,
 1735, 0.483230, 0.019035,
 1736, 0.482630, 0.019314,
 1737, 0.482940, 0.019432,
 1738, 0.482810, 0.019545,
 1739, 0.482380, 0.018559,
 1740, 0.482850, 0.019401,
 1741, 0.482570, 0.019554,
 1742, 0.482750, 0.019187,
 1743, 0.482570, 0.019014,
 1744, 0.482420, 0.018956,
 1745, 0.483700, 0.019518,
 1746, 0.483010, 0.019147,
 1747, 0.482800, 0.019224,
 1748, 0.482850, 0.019001,
 1749, 0.482500, 0.018940,
 1750, 0.483010, 0.019211,
 1751, 0.483170, 0.018566,
 1752, 0.482530, 0.018783,
 1753, 0.482680, 0.019171,
 1754, 0.482560, 0.018786,
 1755, 0.482680, 0.019201,
 1756, 0.482400, 0.019640,
 1757, 0.482690, 0.019135,
 1758, 0.482800, 0.018927,
 1759, 0.482710, 0.018898,
 1760, 0.482670, 0.018844,
 1761, 0.482550, 0.019239,
 1762, 0.482940, 0.018896,
 1763, 0.483510, 0.019404,
 1764, 0.482690, 0.019708,
 1765, 0.482700, 0.019175,
 1766, 0.483400, 0.019027,
 1767, 0.482730, 0.018633,
 1768, 0.483100, 0.019289,
 1769, 0.481720, 0.019190,
 1770, 0.482730, 0.019398,
 1771, 0.483210, 0.019397,
 1772, 0.482260, 0.019104,
 1773, 0.483020, 0.018771,
 1774, 0.481860, 0.019227,
 1775, 0.482920, 0.018752,
 1776, 0.482610, 0.019035,
 1777, 0.482400, 0.018880,
 1778, 0.482620, 0.018959,
 1779, 0.482470, 0.019350,
 1780, 0.482960, 0.018791,
 1781, 0.482590, 0.018651,
 1782, 0.482210, 0.018879,
 1783, 0.482650, 0.018977,
 1784, 0.482260, 0.019522,
 1785, 0.482680, 0.019322,
 1786, 0.482650, 0.019193,
 1787, 0.482840, 0.019165,
 1788, 0.483060, 0.018522,
 1789, 0.482030, 0.018929,
 1790, 0.482960, 0.019094,
 1791, 0.482530, 0.018262,
 1792, 0.482770, 0.018901,
 1793, 0.482740, 0.019074,
 1794, 0.482280, 0.018921,
 1795, 0.482500, 0.019114,
 1796, 0.483110, 0.018531,
 1797, 0.483060, 0.019253,
 1798, 0.482310, 0.018449,
 1799, 0.482570, 0.018974,
 1800, 0.482480, 0.019093,
 1801, 0.482410, 0.018763,
 1802, 0.482950, 0.019152,
 1803, 0.482880, 0.018992,
 1804, 0.482400, 0.018760,
 1805, 0.482670, 0.019508,
 1806, 0.482570, 0.018990,
 1807, 0.483230, 0.018759,
 1808, 0.483000, 0.019121,
 1809, 0.482090, 0.018881,
 1810, 0.482230, 0.019600,
 1811, 0.482680, 0.019658,
 1812, 0.482390, 0.018467,
 1813, 0.482910, 0.018718,
 1814, 0.481930, 0.019040,
 1815, 0.482600, 0.019204,
 1816, 0.482940, 0.019119,
 1817, 0.482460, 0.018914,
 1818, 0.482590, 0.019205,
 1819, 0.482350, 0.018616,
 1820, 0.482210, 0.018970,
 1821, 0.482390, 0.019163,
 1822, 0.482390, 0.018240,
 1823, 0.482530, 0.019681,
 1824, 0.482000, 0.019142,
 1825, 0.482930, 0.019283,
 1826, 0.483050, 0.019480,
 1827, 0.482740, 0.018508,
 1828, 0.483040, 0.019211,
 1829, 0.482730, 0.018806,
 1830, 0.482450, 0.019442,
 1831, 0.482260, 0.019438,
 1832, 0.482450, 0.018662,
 1833, 0.482830, 0.019418,
 1834, 0.482700, 0.018800,
 1835, 0.482640, 0.019085,
 1836, 0.481480, 0.019308,
 1837, 0.482450, 0.018579,
 1838, 0.482260, 0.019121,
 1839, 0.483030, 0.018533,
 1840, 0.482720, 0.019076,
 1841, 0.482620, 0.019005,
 1842, 0.482620, 0.018900,
 1843, 0.482930, 0.019083,
 1844, 0.482290, 0.018828,
 1845, 0.482230, 0.019667,
 1846, 0.482200, 0.018702,
 1847, 0.482660, 0.018834,
 1848, 0.482720, 0.019014,
 1849, 0.482040, 0.019608,
 1850, 0.482320, 0.020020,
 1851, 0.482310, 0.019088,
 1852, 0.482370, 0.018306,
 1853, 0.482930, 0.018880,
 1854, 0.481980, 0.018668,
 1855, 0.482270, 0.019321,
 1856, 0.482240, 0.019161,
 1857, 0.482690, 0.019259,
 1858, 0.482660, 0.018933,
 1859, 0.482010, 0.019599,
 1860, 0.482150, 0.019393,
 1861, 0.482280, 0.019002,
 1862, 0.482100, 0.018888,
 1863, 0.482400, 0.018834,
 1864, 0.481780, 0.018974,
 1865, 0.482500, 0.019620,
 1866, 0.481750, 0.019144,
 1867, 0.482730, 0.019117,
 1868, 0.482310, 0.019176,
 1869, 0.482660, 0.018333,
 1870, 0.482470, 0.019076,
 1871, 0.481770, 0.019305,
 1872, 0.482440, 0.018525,
 1873, 0.483160, 0.019789,
 1874, 0.482540, 0.018330,
 1875, 0.482570, 0.019198,
 1876, 0.482000, 0.019309,
 1877, 0.482420, 0.018323,
 1878, 0.482120, 0.019405,
 1879, 0.482080, 0.018920,
 1880, 0.482240, 0.018573,
 1881, 0.482560, 0.019126,
 1882, 0.482470, 0.018406,
 1883, 0.482890, 0.019151,
 1884, 0.482570, 0.019068,
 1885, 0.482570, 0.019299,
 1886, 0.482060, 0.019141,
 1887, 0.482530, 0.018516,
 1888, 0.482240, 0.019771,
 1889, 0.482440, 0.019348,
 1890, 0.482120, 0.018614,
 1891, 0.482490, 0.019412,
 1892, 0.482290, 0.018360,
 1893, 0.482320, 0.019969,
 1894, 0.482530, 0.018868,
 1895, 0.482790, 0.018990,
 1896, 0.481670, 0.019194,
 1897, 0.482390, 0.018771,
 1898, 0.482160, 0.019340,
 1899, 0.482510, 0.018886,
 1900, 0.482290, 0.019349,
 1901, 0.482460, 0.018687,
 1902, 0.481740, 0.018332,
 1903, 0.482480, 0.019277,
 1904, 0.481820, 0.018649,
 1905, 0.482140, 0.018761,
 1906, 0.482150, 0.019214,
 1907, 0.481870, 0.018915,
 1908, 0.482710, 0.019209,
 1909, 0.481890, 0.019292,
 1910, 0.482040, 0.019439,
 1911, 0.482340, 0.019346,
 1912, 0.482010, 0.019342,
 1913, 0.482050, 0.018843,
 1914, 0.483200, 0.019409,
 1915, 0.482340, 0.019162,
 1916, 0.482550, 0.018983,
 1917, 0.482120, 0.019224,
 1918, 0.482150, 0.018943,
 1919, 0.482580, 0.019354,
 1920, 0.482230, 0.018998,
 1921, 0.482560, 0.019223,
 1922, 0.481740, 0.019153,
 1923, 0.482140, 0.018535,
 1924, 0.482250, 0.019185,
 1925, 0.481840, 0.018946,
 1926, 0.482030, 0.019037,
 1927, 0.482540, 0.019319,
 1928, 0.482370, 0.019311,
 1929, 0.482460, 0.019172,
 1930, 0.481900, 0.018924,
 1931, 0.482870, 0.018819,
 1932, 0.481870, 0.019860,
 1933, 0.482040, 0.019477,
 1934, 0.482080, 0.019669,
 1935, 0.482250, 0.019166,
 1936, 0.482490, 0.018996,
 1937, 0.481480, 0.018979,
 1938, 0.482190, 0.019488,
 1939, 0.481990, 0.018541,
 1940, 0.481640, 0.018531,
 1941, 0.482690, 0.019134,
 1942, 0.481590, 0.019623,
 1943, 0.482200, 0.019334,
 1944, 0.481930, 0.018646,
 1945, 0.482450, 0.018622,
 1946, 0.482140, 0.018500,
 1947, 0.481880, 0.018980,
 1948, 0.481930, 0.019224,
 1949, 0.482350, 0.019097,
 1950, 0.482450, 0.018923,
 1951, 0.482190, 0.018963,
 1952, 0.481380, 0.018877,
 1953, 0.481950, 0.019284,
 1954, 0.481970, 0.018493,
 1955, 0.482080, 0.019512,
 1956, 0.482800, 0.019236,
 1957, 0.481640, 0.019430,
 1958, 0.482530, 0.019302,
 1959, 0.481640, 0.019210,
 1960, 0.481930, 0.018506,
 1961, 0.482460, 0.019549,
 1962, 0.482190, 0.019039,
 1963, 0.482100, 0.019101,
 1964, 0.482240, 0.018777,
 1965, 0.482750, 0.018386,
 1966, 0.481910, 0.019161,
 1967, 0.480620, 0.019304,
 1968, 0.481900, 0.019373,
 1969, 0.482070, 0.019300,
 1970, 0.482130, 0.018602,
 1971, 0.482470, 0.018998,
 1972, 0.481780, 0.018598,
 1973, 0.482190, 0.019426,
 1974, 0.482020, 0.019372,
 1975, 0.482000, 0.018616,
 1976, 0.482040, 0.019429,
 1977, 0.481860, 0.018716,
 1978, 0.482100, 0.019571,
 1979, 0.481830, 0.019134,
 1980, 0.481920, 0.018331,
 1981, 0.482330, 0.019088,
 1982, 0.482110, 0.019256,
 1983, 0.482080, 0.019233,
 1984, 0.481830, 0.019353,
 1985, 0.481490, 0.018839,
 1986, 0.482000, 0.019060,
 1987, 0.481130, 0.019198,
 1988, 0.481970, 0.018614,
 1989, 0.482620, 0.019956,
 1990, 0.481850, 0.018842,
 1991, 0.482260, 0.018514,
 1992, 0.482270, 0.018980,
 1993, 0.481730, 0.019165,
 1994, 0.481660, 0.019161,
 1995, 0.481630, 0.018679,
 1996, 0.482480, 0.019505,
 1997, 0.481810, 0.019171,
 1998, 0.481870, 0.018849,
 1999, 0.481740, 0.018914,
 2000, 0.482050, 0.018716,
 2001, 0.481750, 0.019254,
