Container_size, 1073741824,key_space, 4737096request bin, mean_latency,sd,
 0, 0.623570, 0.012626,
 1, 0.622560, 0.012092,
 2, 0.623060, 0.010439,
 3, 0.623100, 0.011764,
 4, 0.622970, 0.012155,
 5, 0.623330, 0.011574,
 6, 0.623490, 0.012082,
 7, 0.622470, 0.011781,
 8, 0.624060, 0.011919,
 9, 0.623720, 0.012536,
 10, 0.623320, 0.011873,
 11, 0.623190, 0.011807,
 12, 0.622140, 0.010951,
 13, 0.623510, 0.011549,
 14, 0.622590, 0.011468,
 15, 0.622460, 0.011131,
 16, 0.622910, 0.011395,
 17, 0.622510, 0.011488,
 18, 0.622810, 0.011756,
 19, 0.622700, 0.011369,
 20, 0.622420, 0.011028,
 21, 0.622480, 0.011076,
 22, 0.622310, 0.011747,
 23, 0.623080, 0.011210,
 24, 0.622200, 0.012138,
 25, 0.623060, 0.011541,
 26, 0.622890, 0.011208,
 27, 0.622170, 0.010605,
 28, 0.623340, 0.011198,
 29, 0.622550, 0.011696,
 30, 0.622920, 0.011326,
 31, 0.622890, 0.011072,
 32, 0.622290, 0.011289,
 33, 0.622960, 0.011212,
 34, 0.622950, 0.011580,
 35, 0.621720, 0.010897,
 36, 0.622600, 0.011411,
 37, 0.622130, 0.011746,
 38, 0.622560, 0.011276,
 39, 0.622290, 0.011255,
 40, 0.622830, 0.011495,
 41, 0.623040, 0.010535,
 42, 0.622530, 0.012070,
 43, 0.622460, 0.011212,
 44, 0.622710, 0.011624,
 45, 0.621950, 0.011353,
 46, 0.622070, 0.012669,
 47, 0.621530, 0.011322,
 48, 0.622690, 0.010814,
 49, 0.621900, 0.011610,
 50, 0.622360, 0.011590,
 51, 0.622950, 0.011857,
 52, 0.622220, 0.011725,
 53, 0.622240, 0.011759,
 54, 0.622700, 0.011534,
 55, 0.622520, 0.012849,
 56, 0.621670, 0.011070,
 57, 0.621670, 0.011028,
 58, 0.621920, 0.012005,
 59, 0.621790, 0.011056,
 60, 0.622040, 0.011100,
 61, 0.622630, 0.012263,
 62, 0.621660, 0.011487,
 63, 0.622860, 0.011072,
 64, 0.622430, 0.011115,
 65, 0.622920, 0.010851,
 66, 0.621770, 0.010892,
 67, 0.622500, 0.011415,
 68, 0.623010, 0.010953,
 69, 0.621360, 0.011159,
 70, 0.622260, 0.011204,
 71, 0.621920, 0.012075,
 72, 0.621700, 0.011892,
 73, 0.622040, 0.010683,
 74, 0.622270, 0.012106,
 75, 0.622090, 0.010689,
 76, 0.621360, 0.012068,
 77, 0.622300, 0.012559,
 78, 0.621490, 0.011244,
 79, 0.621730, 0.011317,
 80, 0.622320, 0.011298,
 81, 0.621400, 0.012104,
 82, 0.622310, 0.012376,
 83, 0.622460, 0.010838,
 84, 0.621420, 0.012125,
 85, 0.622110, 0.010093,
 86, 0.622340, 0.011664,
 87, 0.621170, 0.011879,
 88, 0.621170, 0.010697,
 89, 0.622170, 0.011917,
 90, 0.621930, 0.010749,
 91, 0.621740, 0.011804,
 92, 0.621760, 0.011389,
 93, 0.621330, 0.010486,
 94, 0.621390, 0.011596,
 95, 0.621580, 0.011115,
 96, 0.622590, 0.011602,
 97, 0.621910, 0.011158,
 98, 0.620770, 0.011539,
 99, 0.622160, 0.012059,
 100, 0.621260, 0.010536,
 101, 0.622120, 0.011668,
 102, 0.621790, 0.011406,
 103, 0.621520, 0.011089,
 104, 0.621840, 0.011581,
 105, 0.621470, 0.011096,
 106, 0.622000, 0.011765,
 107, 0.622240, 0.011689,
 108, 0.621060, 0.011820,
 109, 0.622370, 0.011912,
 110, 0.621510, 0.011668,
 111, 0.622460, 0.011218,
 112, 0.621210, 0.012241,
 113, 0.621260, 0.011458,
 114, 0.621790, 0.011741,
 115, 0.620950, 0.011848,
 116, 0.621050, 0.011152,
 117, 0.621270, 0.012592,
 118, 0.622000, 0.011721,
 119, 0.622440, 0.011475,
 120, 0.620780, 0.011333,
 121, 0.621750, 0.011445,
 122, 0.620460, 0.012357,
 123, 0.621730, 0.010841,
 124, 0.621570, 0.012092,
 125, 0.621130, 0.011207,
 126, 0.621340, 0.011406,
 127, 0.621150, 0.011687,
 128, 0.621030, 0.010838,
 129, 0.622380, 0.012865,
 130, 0.621430, 0.011621,
 131, 0.621900, 0.010980,
 132, 0.620680, 0.011740,
 133, 0.620760, 0.010910,
 134, 0.621890, 0.011842,
 135, 0.621410, 0.012069,
 136, 0.621540, 0.011990,
 137, 0.621210, 0.011143,
 138, 0.621500, 0.011335,
 139, 0.621470, 0.011356,
 140, 0.620610, 0.010775,
 141, 0.621170, 0.011453,
 142, 0.622090, 0.011467,
 143, 0.621020, 0.011705,
 144, 0.621290, 0.011811,
 145, 0.620900, 0.012452,
 146, 0.620870, 0.010228,
 147, 0.621270, 0.010974,
 148, 0.621640, 0.011187,
 149, 0.620930, 0.011798,
 150, 0.620650, 0.011471,
 151, 0.621640, 0.011679,
 152, 0.619960, 0.010945,
 153, 0.621460, 0.011982,
 154, 0.621420, 0.012074,
 155, 0.620910, 0.011110,
 156, 0.621890, 0.011203,
 157, 0.621160, 0.011208,
 158, 0.620690, 0.011799,
 159, 0.620860, 0.011751,
 160, 0.620910, 0.011224,
 161, 0.621520, 0.011015,
 162, 0.619800, 0.011341,
 163, 0.621920, 0.011633,
 164, 0.621720, 0.011659,
 165, 0.620620, 0.011306,
 166, 0.620170, 0.011057,
 167, 0.620930, 0.011340,
 168, 0.620980, 0.011271,
 169, 0.621400, 0.012216,
 170, 0.620680, 0.011819,
 171, 0.620590, 0.011285,
 172, 0.620380, 0.011808,
 173, 0.621180, 0.011232,
 174, 0.621230, 0.011895,
 175, 0.620740, 0.011803,
 176, 0.620550, 0.010863,
 177, 0.619730, 0.011299,
 178, 0.620660, 0.010869,
 179, 0.621800, 0.011241,
 180, 0.620610, 0.011438,
 181, 0.621370, 0.011899,
 182, 0.620180, 0.011044,
 183, 0.620420, 0.011261,
 184, 0.620710, 0.012111,
 185, 0.620880, 0.012370,
 186, 0.620060, 0.011200,
 187, 0.620980, 0.012126,
 188, 0.620230, 0.010883,
 189, 0.620640, 0.011251,
 190, 0.620800, 0.011288,
 191, 0.619600, 0.012146,
 192, 0.620990, 0.011039,
 193, 0.620780, 0.011245,
 194, 0.620290, 0.011342,
 195, 0.620980, 0.011750,
 196, 0.621490, 0.011973,
 197, 0.620290, 0.011301,
 198, 0.619540, 0.011191,
 199, 0.620280, 0.011728,
 200, 0.621940, 0.011987,
 201, 0.620100, 0.011158,
 202, 0.621140, 0.011744,
 203, 0.619540, 0.010892,
 204, 0.621190, 0.011508,
 205, 0.620900, 0.011743,
 206, 0.620790, 0.010542,
 207, 0.621200, 0.011609,
 208, 0.620580, 0.011266,
 209, 0.620660, 0.010296,
 210, 0.621010, 0.011954,
 211, 0.620590, 0.011257,
 212, 0.620920, 0.012371,
 213, 0.620330, 0.010296,
 214, 0.620950, 0.010798,
 215, 0.619730, 0.011513,
 216, 0.620700, 0.011438,
 217, 0.620860, 0.011693,
 218, 0.619590, 0.011069,
 219, 0.620510, 0.011064,
 220, 0.620340, 0.011764,
 221, 0.620780, 0.010813,
 222, 0.620480, 0.011734,
 223, 0.619370, 0.011668,
 224, 0.620620, 0.011476,
 225, 0.620900, 0.011543,
 226, 0.620200, 0.010298,
 227, 0.620330, 0.012117,
 228, 0.619860, 0.012352,
 229, 0.620240, 0.010803,
 230, 0.620500, 0.012300,
 231, 0.620430, 0.011521,
 232, 0.619970, 0.011300,
 233, 0.619540, 0.012204,
 234, 0.619440, 0.012023,
 235, 0.619680, 0.011475,
 236, 0.619780, 0.011240,
 237, 0.621280, 0.011829,
 238, 0.620650, 0.012167,
 239, 0.619900, 0.012038,
 240, 0.619240, 0.011651,
 241, 0.621550, 0.012011,
 242, 0.620570, 0.011816,
 243, 0.619880, 0.012292,
 244, 0.620750, 0.012009,
 245, 0.619900, 0.012117,
 246, 0.620310, 0.010730,
 247, 0.620340, 0.011722,
 248, 0.620400, 0.010794,
 249, 0.621140, 0.011633,
 250, 0.619260, 0.011683,
 251, 0.620020, 0.011133,
 252, 0.619620, 0.012102,
 253, 0.619780, 0.012818,
 254, 0.619950, 0.011658,
 255, 0.619870, 0.011647,
 256, 0.620640, 0.011285,
 257, 0.620760, 0.012571,
 258, 0.619950, 0.011239,
 259, 0.620250, 0.010982,
 260, 0.619930, 0.011404,
 261, 0.619570, 0.010729,
 262, 0.619490, 0.011629,
 263, 0.618800, 0.011077,
 264, 0.620500, 0.011143,
 265, 0.618530, 0.011656,
 266, 0.620910, 0.011507,
 267, 0.619700, 0.011502,
 268, 0.619290, 0.012020,
 269, 0.620230, 0.011318,
 270, 0.619510, 0.011572,
 271, 0.619460, 0.010872,
 272, 0.619290, 0.012533,
 273, 0.619520, 0.011687,
 274, 0.619460, 0.011354,
 275, 0.619450, 0.011832,
 276, 0.619660, 0.011025,
 277, 0.619630, 0.011088,
 278, 0.619920, 0.011342,
 279, 0.619860, 0.011073,
 280, 0.619060, 0.011984,
 281, 0.619580, 0.010890,
 282, 0.619150, 0.011753,
 283, 0.619110, 0.011681,
 284, 0.619650, 0.010124,
 285, 0.619250, 0.012445,
 286, 0.619530, 0.011149,
 287, 0.620090, 0.011743,
 288, 0.620350, 0.011805,
 289, 0.619490, 0.010893,
 290, 0.619010, 0.011188,
 291, 0.619830, 0.011487,
 292, 0.619150, 0.012096,
 293, 0.620240, 0.012072,
 294, 0.619840, 0.010580,
 295, 0.619510, 0.012497,
 296, 0.618480, 0.010824,
 297, 0.619710, 0.011894,
 298, 0.619990, 0.011791,
 299, 0.618860, 0.011051,
 300, 0.619240, 0.011757,
 301, 0.618560, 0.011578,
 302, 0.618960, 0.011116,
 303, 0.619750, 0.012098,
 304, 0.619410, 0.011136,
 305, 0.620510, 0.011696,
 306, 0.618160, 0.011178,
 307, 0.619750, 0.010996,
 308, 0.618770, 0.011625,
 309, 0.618760, 0.011427,
 310, 0.619660, 0.012371,
 311, 0.619410, 0.011203,
 312, 0.619280, 0.011012,
 313, 0.619250, 0.011001,
 314, 0.618270, 0.011357,
 315, 0.619630, 0.010997,
 316, 0.618910, 0.012428,
 317, 0.619800, 0.010840,
 318, 0.619250, 0.011526,
 319, 0.618670, 0.011199,
 320, 0.618940, 0.011317,
 321, 0.618430, 0.011303,
 322, 0.618140, 0.011233,
 323, 0.619350, 0.011358,
 324, 0.619300, 0.010722,
 325, 0.618930, 0.012861,
 326, 0.618190, 0.011374,
 327, 0.618780, 0.011499,
 328, 0.618990, 0.011063,
 329, 0.619590, 0.010928,
 330, 0.619300, 0.011476,
 331, 0.618020, 0.011301,
 332, 0.619420, 0.011049,
 333, 0.618420, 0.011415,
 334, 0.619790, 0.011873,
 335, 0.619040, 0.011821,
 336, 0.618650, 0.011529,
 337, 0.619470, 0.011619,
 338, 0.618550, 0.011083,
 339, 0.618760, 0.011127,
 340, 0.618720, 0.011527,
 341, 0.618200, 0.011259,
 342, 0.618820, 0.011375,
 343, 0.618180, 0.011561,
 344, 0.620560, 0.010698,
 345, 0.618370, 0.011460,
 346, 0.619050, 0.011313,
 347, 0.618520, 0.011754,
 348, 0.618190, 0.011727,
 349, 0.619550, 0.011512,
 350, 0.618850, 0.012041,
 351, 0.618120, 0.012492,
 352, 0.619050, 0.011432,
 353, 0.618050, 0.012243,
 354, 0.618960, 0.011077,
 355, 0.618420, 0.012362,
 356, 0.618220, 0.011146,
 357, 0.619220, 0.011599,
 358, 0.618080, 0.010692,
 359, 0.618860, 0.011396,
 360, 0.619110, 0.011920,
 361, 0.618220, 0.011803,
 362, 0.618720, 0.011232,
 363, 0.618390, 0.011525,
 364, 0.619100, 0.011586,
 365, 0.618500, 0.011281,
 366, 0.618260, 0.012631,
 367, 0.618010, 0.011406,
 368, 0.619170, 0.011654,
 369, 0.618820, 0.010972,
 370, 0.618880, 0.011912,
 371, 0.618040, 0.011076,
 372, 0.617710, 0.011599,
 373, 0.617740, 0.012309,
 374, 0.618120, 0.010565,
 375, 0.618980, 0.011206,
 376, 0.618650, 0.011794,
 377, 0.617570, 0.011883,
 378, 0.618990, 0.012315,
 379, 0.618340, 0.010837,
 380, 0.618250, 0.011675,
 381, 0.618280, 0.012005,
 382, 0.619030, 0.011166,
 383, 0.619240, 0.012605,
 384, 0.618460, 0.011576,
 385, 0.618350, 0.010521,
 386, 0.617930, 0.011598,
 387, 0.617930, 0.011798,
 388, 0.619050, 0.011576,
 389, 0.617980, 0.011199,
 390, 0.618000, 0.010966,
 391, 0.618520, 0.012542,
 392, 0.617780, 0.011619,
 393, 0.618310, 0.012241,
 394, 0.617680, 0.010896,
 395, 0.618120, 0.011442,
 396, 0.618440, 0.011719,
 397, 0.619090, 0.011557,
 398, 0.619010, 0.011849,
 399, 0.616660, 0.011806,
 400, 0.618240, 0.011407,
 401, 0.617120, 0.011865,
 402, 0.618000, 0.011887,
 403, 0.618050, 0.012372,
 404, 0.618010, 0.011530,
 405, 0.618250, 0.011867,
 406, 0.618110, 0.011992,
 407, 0.618210, 0.011265,
 408, 0.619160, 0.012102,
 409, 0.618250, 0.011540,
 410, 0.618210, 0.010772,
 411, 0.618250, 0.011832,
 412, 0.618340, 0.011443,
 413, 0.618170, 0.012013,
 414, 0.617750, 0.011499,
 415, 0.618320, 0.011511,
 416, 0.617890, 0.012479,
 417, 0.619070, 0.011666,
 418, 0.618250, 0.012052,
 419, 0.617420, 0.011826,
 420, 0.618200, 0.011138,
 421, 0.618110, 0.012034,
 422, 0.617700, 0.011548,
 423, 0.618360, 0.012055,
 424, 0.617790, 0.012150,
 425, 0.617700, 0.011396,
 426, 0.618060, 0.012576,
 427, 0.618000, 0.011910,
 428, 0.617620, 0.012110,
 429, 0.618660, 0.012509,
 430, 0.617560, 0.011155,
 431, 0.618080, 0.012265,
 432, 0.617290, 0.010817,
 433, 0.617040, 0.012281,
 434, 0.617400, 0.012260,
 435, 0.618320, 0.011204,
 436, 0.617480, 0.011608,
 437, 0.617870, 0.011528,
 438, 0.617600, 0.011503,
 439, 0.616690, 0.011456,
 440, 0.617340, 0.011654,
 441, 0.616950, 0.012044,
 442, 0.618850, 0.011087,
 443, 0.617690, 0.011625,
 444, 0.618170, 0.011725,
 445, 0.617810, 0.011437,
 446, 0.617230, 0.011987,
 447, 0.618290, 0.011541,
 448, 0.617450, 0.012179,
 449, 0.618160, 0.012290,
 450, 0.616530, 0.011548,
 451, 0.617210, 0.011340,
 452, 0.617660, 0.012045,
 453, 0.617050, 0.011542,
 454, 0.617990, 0.012037,
 455, 0.616960, 0.011899,
 456, 0.618030, 0.011830,
 457, 0.617340, 0.012078,
 458, 0.616940, 0.011499,
 459, 0.617520, 0.011479,
 460, 0.616570, 0.012016,
 461, 0.617080, 0.012041,
 462, 0.617170, 0.011369,
 463, 0.617530, 0.011096,
 464, 0.617630, 0.011917,
 465, 0.617540, 0.011433,
 466, 0.617200, 0.011478,
 467, 0.617760, 0.011563,
 468, 0.617530, 0.012167,
 469, 0.617870, 0.011450,
 470, 0.617350, 0.012049,
 471, 0.617840, 0.012678,
 472, 0.616940, 0.012192,
 473, 0.617410, 0.012144,
 474, 0.617700, 0.011179,
 475, 0.617260, 0.012119,
 476, 0.618090, 0.012672,
 477, 0.616560, 0.011907,
 478, 0.617820, 0.012109,
 479, 0.618670, 0.012099,
 480, 0.616720, 0.010913,
 481, 0.616980, 0.012187,
 482, 0.617330, 0.011533,
 483, 0.617780, 0.011668,
 484, 0.616910, 0.011578,
 485, 0.617130, 0.011257,
 486, 0.617740, 0.011683,
 487, 0.616460, 0.011627,
 488, 0.616840, 0.011381,
 489, 0.617660, 0.011099,
 490, 0.617240, 0.011779,
 491, 0.616730, 0.011783,
 492, 0.616280, 0.011441,
 493, 0.617060, 0.010893,
 494, 0.616910, 0.011847,
 495, 0.616650, 0.010677,
 496, 0.616300, 0.012702,
 497, 0.616810, 0.012277,
 498, 0.616720, 0.011346,
 499, 0.616830, 0.011851,
 500, 0.616440, 0.011765,
 501, 0.617820, 0.012064,
 502, 0.616320, 0.012385,
 503, 0.617110, 0.011236,
 504, 0.616520, 0.011782,
 505, 0.616310, 0.011693,
 506, 0.617690, 0.012134,
 507, 0.617220, 0.011346,
 508, 0.617030, 0.011305,
 509, 0.616770, 0.012759,
 510, 0.616790, 0.011455,
 511, 0.616360, 0.012294,
 512, 0.616490, 0.011602,
 513, 0.618240, 0.011128,
 514, 0.616820, 0.011596,
 515, 0.616260, 0.012103,
 516, 0.617110, 0.012204,
 517, 0.615520, 0.012345,
 518, 0.616330, 0.011338,
 519, 0.616510, 0.011600,
 520, 0.617170, 0.010627,
 521, 0.617550, 0.012122,
 522, 0.616010, 0.011831,
 523, 0.616700, 0.011156,
 524, 0.616050, 0.011821,
 525, 0.615630, 0.011338,
 526, 0.616080, 0.012580,
 527, 0.616380, 0.011127,
 528, 0.617470, 0.011199,
 529, 0.616620, 0.011808,
 530, 0.615720, 0.010872,
 531, 0.616270, 0.012241,
 532, 0.614970, 0.011186,
 533, 0.616060, 0.011832,
 534, 0.615680, 0.012104,
 535, 0.616570, 0.012166,
 536, 0.616790, 0.011014,
 537, 0.615920, 0.011662,
 538, 0.616640, 0.011525,
 539, 0.616760, 0.011858,
 540, 0.615640, 0.011175,
 541, 0.616430, 0.011974,
 542, 0.616630, 0.011921,
 543, 0.616110, 0.011977,
 544, 0.615830, 0.011825,
 545, 0.616930, 0.011889,
 546, 0.616400, 0.012951,
 547, 0.617140, 0.012781,
 548, 0.616140, 0.012340,
 549, 0.615960, 0.010899,
 550, 0.616860, 0.010225,
 551, 0.616460, 0.012221,
 552, 0.617160, 0.012118,
 553, 0.616580, 0.012159,
 554, 0.615940, 0.011817,
 555, 0.615850, 0.010711,
 556, 0.615190, 0.011434,
 557, 0.615570, 0.011802,
 558, 0.616500, 0.011697,
 559, 0.615520, 0.012062,
 560, 0.616780, 0.011051,
 561, 0.616780, 0.011415,
 562, 0.615890, 0.011873,
 563, 0.615500, 0.011313,
 564, 0.615580, 0.012279,
 565, 0.615990, 0.011532,
 566, 0.615650, 0.011173,
 567, 0.616270, 0.012539,
 568, 0.616160, 0.010477,
 569, 0.615110, 0.012873,
 570, 0.614870, 0.010970,
 571, 0.616980, 0.011733,
 572, 0.616490, 0.011385,
 573, 0.616240, 0.012013,
 574, 0.616240, 0.012194,
 575, 0.615640, 0.012618,
 576, 0.615960, 0.011758,
 577, 0.616030, 0.012240,
 578, 0.616500, 0.011723,
 579, 0.616740, 0.012311,
 580, 0.614880, 0.011156,
 581, 0.616380, 0.011063,
 582, 0.615050, 0.011818,
 583, 0.615530, 0.011421,
 584, 0.616290, 0.012257,
 585, 0.615040, 0.012450,
 586, 0.615810, 0.010768,
 587, 0.617030, 0.011979,
 588, 0.615830, 0.011361,
 589, 0.616270, 0.013185,
 590, 0.615640, 0.011789,
 591, 0.615690, 0.011257,
 592, 0.616200, 0.011923,
 593, 0.615600, 0.010888,
 594, 0.615860, 0.011849,
 595, 0.615060, 0.012472,
 596, 0.615110, 0.011646,
 597, 0.615200, 0.011571,
 598, 0.616000, 0.011758,
 599, 0.615530, 0.012470,
 600, 0.614610, 0.011438,
 601, 0.615320, 0.011474,
 602, 0.614640, 0.012098,
 603, 0.615910, 0.011260,
 604, 0.615800, 0.012342,
 605, 0.615460, 0.011383,
 606, 0.615850, 0.010296,
 607, 0.615610, 0.012151,
 608, 0.615390, 0.010869,
 609, 0.615720, 0.012473,
 610, 0.614990, 0.011713,
 611, 0.614590, 0.010894,
 612, 0.614820, 0.011737,
 613, 0.616030, 0.011842,
 614, 0.615410, 0.011906,
 615, 0.615450, 0.011565,
 616, 0.614730, 0.010540,
 617, 0.614760, 0.011712,
 618, 0.614230, 0.011027,
 619, 0.615860, 0.011920,
 620, 0.614820, 0.011276,
 621, 0.615500, 0.011820,
 622, 0.615370, 0.011721,
 623, 0.615260, 0.011941,
 624, 0.616210, 0.012155,
 625, 0.615460, 0.012020,
 626, 0.615190, 0.011909,
 627, 0.614260, 0.011144,
 628, 0.616190, 0.011774,
 629, 0.615150, 0.012275,
 630, 0.615580, 0.010726,
 631, 0.614550, 0.011504,
 632, 0.614110, 0.012264,
 633, 0.615600, 0.011443,
 634, 0.615350, 0.012024,
 635, 0.614330, 0.011909,
 636, 0.614830, 0.011255,
 637, 0.615230, 0.012004,
 638, 0.616220, 0.011587,
 639, 0.615300, 0.012191,
 640, 0.615120, 0.010897,
 641, 0.614190, 0.011463,
 642, 0.614620, 0.011459,
 643, 0.615180, 0.010570,
 644, 0.615040, 0.012317,
 645, 0.615110, 0.012118,
 646, 0.614470, 0.011734,
 647, 0.615000, 0.012049,
 648, 0.614870, 0.011906,
 649, 0.614880, 0.011929,
 650, 0.615860, 0.012779,
 651, 0.614980, 0.011729,
 652, 0.614480, 0.011908,
 653, 0.614470, 0.011059,
 654, 0.614320, 0.011049,
 655, 0.615100, 0.011998,
 656, 0.615300, 0.011086,
 657, 0.613930, 0.011932,
 658, 0.615430, 0.011522,
 659, 0.615160, 0.012103,
 660, 0.615490, 0.010817,
 661, 0.614930, 0.012104,
 662, 0.614010, 0.012158,
 663, 0.614400, 0.011139,
 664, 0.614460, 0.012121,
 665, 0.614260, 0.012375,
 666, 0.613200, 0.011505,
 667, 0.614260, 0.011970,
 668, 0.613660, 0.011455,
 669, 0.614910, 0.010532,
 670, 0.614910, 0.011924,
 671, 0.614540, 0.011036,
 672, 0.614470, 0.011976,
 673, 0.613380, 0.011076,
 674, 0.615460, 0.010986,
 675, 0.614440, 0.011899,
 676, 0.615390, 0.012206,
 677, 0.614980, 0.011904,
 678, 0.613590, 0.011300,
 679, 0.615070, 0.010830,
 680, 0.614780, 0.011493,
 681, 0.614830, 0.011492,
 682, 0.614440, 0.012876,
 683, 0.613440, 0.012909,
 684, 0.615120, 0.011760,
 685, 0.613760, 0.011895,
 686, 0.614020, 0.011409,
 687, 0.614690, 0.012770,
 688, 0.613200, 0.011421,
 689, 0.614710, 0.011296,
 690, 0.613940, 0.011845,
 691, 0.614390, 0.011789,
 692, 0.614670, 0.011547,
 693, 0.613660, 0.011294,
 694, 0.614320, 0.011578,
 695, 0.613680, 0.013320,
 696, 0.614090, 0.012190,
 697, 0.614390, 0.012502,
 698, 0.614100, 0.011860,
 699, 0.614350, 0.011669,
 700, 0.614350, 0.011978,
 701, 0.614100, 0.011719,
 702, 0.613610, 0.013151,
 703, 0.614280, 0.012227,
 704, 0.614030, 0.012370,
 705, 0.613370, 0.011744,
 706, 0.614060, 0.011961,
 707, 0.614810, 0.012234,
 708, 0.613520, 0.012497,
 709, 0.613940, 0.011229,
 710, 0.613870, 0.012250,
 711, 0.614980, 0.011890,
 712, 0.613910, 0.011899,
 713, 0.613580, 0.010967,
 714, 0.614290, 0.012176,
 715, 0.614290, 0.011416,
 716, 0.614080, 0.011840,
 717, 0.614490, 0.011562,
 718, 0.613830, 0.011575,
 719, 0.614000, 0.011447,
 720, 0.613440, 0.012869,
 721, 0.614080, 0.010933,
 722, 0.613650, 0.011452,
 723, 0.613930, 0.011974,
 724, 0.613820, 0.010970,
 725, 0.613700, 0.011098,
 726, 0.614580, 0.011869,
 727, 0.614310, 0.012250,
 728, 0.613870, 0.011694,
 729, 0.613900, 0.011749,
 730, 0.613460, 0.011387,
 731, 0.613610, 0.010613,
 732, 0.615140, 0.012275,
 733, 0.613530, 0.011996,
 734, 0.613460, 0.010965,
 735, 0.614070, 0.012012,
 736, 0.613890, 0.010997,
 737, 0.613500, 0.012511,
 738, 0.613990, 0.011838,
 739, 0.613520, 0.011417,
 740, 0.613230, 0.013080,
 741, 0.614300, 0.011446,
 742, 0.613970, 0.011731,
 743, 0.613750, 0.011687,
 744, 0.613480, 0.011375,
 745, 0.613610, 0.012445,
 746, 0.613990, 0.011665,
 747, 0.613420, 0.012153,
 748, 0.614170, 0.011912,
 749, 0.613250, 0.011600,
 750, 0.612820, 0.012122,
 751, 0.613160, 0.011578,
 752, 0.613360, 0.012362,
 753, 0.614450, 0.012774,
 754, 0.612940, 0.011167,
 755, 0.613660, 0.012372,
 756, 0.612790, 0.011083,
 757, 0.614500, 0.011714,
 758, 0.613680, 0.011834,
 759, 0.613390, 0.011548,
 760, 0.612970, 0.012849,
 761, 0.612720, 0.011602,
 762, 0.612930, 0.011958,
 763, 0.613360, 0.012281,
 764, 0.613780, 0.011744,
 765, 0.612590, 0.011998,
 766, 0.612610, 0.012278,
 767, 0.613040, 0.011397,
 768, 0.612790, 0.012004,
 769, 0.613900, 0.011794,
 770, 0.613420, 0.012448,
 771, 0.612460, 0.012654,
 772, 0.613750, 0.011130,
 773, 0.613530, 0.011738,
 774, 0.613270, 0.011569,
 775, 0.613780, 0.012316,
 776, 0.612720, 0.011615,
 777, 0.614310, 0.012489,
 778, 0.613260, 0.011455,
 779, 0.613190, 0.011340,
 780, 0.613610, 0.012486,
 781, 0.613540, 0.012735,
 782, 0.612660, 0.012135,
 783, 0.612140, 0.013008,
 784, 0.613520, 0.011677,
 785, 0.613090, 0.012666,
 786, 0.613000, 0.011883,
 787, 0.613110, 0.011268,
 788, 0.613080, 0.011880,
 789, 0.613090, 0.011836,
 790, 0.613270, 0.011486,
 791, 0.613490, 0.012242,
 792, 0.612970, 0.011596,
 793, 0.612610, 0.012621,
 794, 0.613050, 0.011902,
 795, 0.614380, 0.012595,
 796, 0.613190, 0.012222,
 797, 0.612340, 0.011536,
 798, 0.612840, 0.011290,
 799, 0.612650, 0.011434,
 800, 0.613880, 0.012963,
 801, 0.613200, 0.011411,
 802, 0.613160, 0.011548,
 803, 0.613330, 0.011585,
 804, 0.612970, 0.011241,
 805, 0.613820, 0.011702,
 806, 0.612680, 0.012652,
 807, 0.613010, 0.011751,
 808, 0.612300, 0.012985,
 809, 0.612430, 0.012161,
 810, 0.612400, 0.011937,
 811, 0.612900, 0.011577,
 812, 0.613130, 0.011707,
 813, 0.612990, 0.011327,
 814, 0.612880, 0.011159,
 815, 0.612730, 0.012418,
 816, 0.612890, 0.012281,
 817, 0.612740, 0.011015,
 818, 0.612290, 0.012124,
 819, 0.613180, 0.011760,
 820, 0.613070, 0.011925,
 821, 0.612910, 0.011544,
 822, 0.612700, 0.011454,
 823, 0.613500, 0.011589,
 824, 0.612730, 0.011718,
 825, 0.612550, 0.013061,
 826, 0.612580, 0.012361,
 827, 0.612930, 0.012890,
 828, 0.613680, 0.013051,
 829, 0.612630, 0.011453,
 830, 0.612980, 0.011216,
 831, 0.612190, 0.012658,
 832, 0.612860, 0.011915,
 833, 0.612990, 0.012058,
 834, 0.612030, 0.010874,
 835, 0.612300, 0.012518,
 836, 0.613130, 0.011347,
 837, 0.612490, 0.011714,
 838, 0.613110, 0.012677,
 839, 0.612670, 0.010899,
 840, 0.612810, 0.012356,
 841, 0.612580, 0.012572,
 842, 0.613170, 0.011331,
 843, 0.611760, 0.011230,
 844, 0.612320, 0.011965,
 845, 0.612660, 0.012109,
 846, 0.612650, 0.012248,
 847, 0.612350, 0.011516,
 848, 0.611860, 0.011922,
 849, 0.612560, 0.012087,
 850, 0.612260, 0.011806,
 851, 0.611870, 0.012445,
 852, 0.612700, 0.012189,
 853, 0.612480, 0.012315,
 854, 0.611030, 0.011811,
 855, 0.612140, 0.012108,
 856, 0.612290, 0.011943,
 857, 0.613290, 0.012354,
 858, 0.612580, 0.012947,
 859, 0.611670, 0.012449,
 860, 0.613030, 0.011409,
 861, 0.612120, 0.011486,
 862, 0.611860, 0.011792,
 863, 0.612010, 0.012793,
 864, 0.612200, 0.012216,
 865, 0.613090, 0.011269,
 866, 0.612170, 0.012422,
 867, 0.611870, 0.011997,
 868, 0.612980, 0.012427,
 869, 0.611530, 0.011236,
 870, 0.612340, 0.011017,
 871, 0.613030, 0.012428,
 872, 0.611770, 0.011813,
 873, 0.612060, 0.012079,
 874, 0.611700, 0.012362,
 875, 0.612500, 0.012100,
 876, 0.612270, 0.012177,
 877, 0.612270, 0.011393,
 878, 0.612220, 0.012064,
 879, 0.610590, 0.012204,
 880, 0.611960, 0.011834,
 881, 0.611940, 0.011942,
 882, 0.612140, 0.011609,
 883, 0.612580, 0.012189,
 884, 0.611030, 0.011990,
 885, 0.611710, 0.012494,
 886, 0.611550, 0.012089,
 887, 0.611540, 0.011369,
 888, 0.612270, 0.012794,
 889, 0.611250, 0.011760,
 890, 0.611830, 0.011895,
 891, 0.611760, 0.012343,
 892, 0.611250, 0.012552,
 893, 0.612110, 0.012505,
 894, 0.611820, 0.013136,
 895, 0.610620, 0.011669,
 896, 0.612120, 0.012856,
 897, 0.611750, 0.011370,
 898, 0.611080, 0.011912,
 899, 0.611150, 0.011072,
 900, 0.611350, 0.011814,
 901, 0.611230, 0.012111,
 902, 0.611100, 0.012023,
 903, 0.611900, 0.011499,
 904, 0.612710, 0.011988,
 905, 0.610500, 0.011905,
 906, 0.611690, 0.012998,
 907, 0.612260, 0.011682,
 908, 0.611920, 0.011552,
 909, 0.611930, 0.011688,
 910, 0.611140, 0.011649,
 911, 0.611350, 0.011651,
 912, 0.611620, 0.011835,
 913, 0.611760, 0.012196,
 914, 0.611220, 0.012471,
 915, 0.610690, 0.012075,
 916, 0.611720, 0.012864,
 917, 0.611120, 0.011958,
 918, 0.610870, 0.011827,
 919, 0.611070, 0.011627,
 920, 0.611380, 0.011891,
 921, 0.610980, 0.012203,
 922, 0.611510, 0.012143,
 923, 0.610740, 0.012217,
 924, 0.611040, 0.011941,
 925, 0.610920, 0.011624,
 926, 0.611490, 0.013307,
 927, 0.611460, 0.012084,
 928, 0.611790, 0.011302,
 929, 0.610960, 0.012811,
 930, 0.610980, 0.011467,
 931, 0.610920, 0.012232,
 932, 0.611430, 0.012033,
 933, 0.610810, 0.012199,
 934, 0.612160, 0.011719,
 935, 0.611590, 0.011443,
 936, 0.610880, 0.012498,
 937, 0.611200, 0.011334,
 938, 0.610730, 0.011862,
 939, 0.611990, 0.011720,
 940, 0.611460, 0.011775,
 941, 0.610230, 0.012381,
 942, 0.610960, 0.011545,
 943, 0.610460, 0.011428,
 944, 0.610420, 0.011590,
 945, 0.610610, 0.011967,
 946, 0.611500, 0.012388,
 947, 0.610740, 0.011953,
 948, 0.610970, 0.011696,
 949, 0.610640, 0.012620,
 950, 0.610680, 0.011882,
 951, 0.610860, 0.013104,
 952, 0.610700, 0.012219,
 953, 0.610600, 0.011429,
 954, 0.610790, 0.012919,
 955, 0.610990, 0.011685,
 956, 0.610750, 0.012445,
 957, 0.610810, 0.011819,
 958, 0.610650, 0.011832,
 959, 0.610850, 0.012288,
 960, 0.611270, 0.011234,
 961, 0.610900, 0.012574,
 962, 0.610800, 0.011310,
 963, 0.610890, 0.011321,
 964, 0.609520, 0.012486,
 965, 0.611230, 0.012021,
 966, 0.610760, 0.012766,
 967, 0.610960, 0.011835,
 968, 0.610620, 0.011371,
 969, 0.610870, 0.012127,
 970, 0.610390, 0.012388,
 971, 0.610290, 0.013167,
 972, 0.610590, 0.011355,
 973, 0.610630, 0.012169,
 974, 0.610450, 0.012727,
 975, 0.611360, 0.011699,
 976, 0.611250, 0.012692,
 977, 0.609350, 0.012773,
 978, 0.610170, 0.012243,
 979, 0.610180, 0.011849,
 980, 0.609610, 0.011967,
 981, 0.609990, 0.012272,
 982, 0.610970, 0.011829,
 983, 0.609810, 0.011919,
 984, 0.609840, 0.012434,
 985, 0.611250, 0.011358,
 986, 0.610640, 0.012581,
 987, 0.610580, 0.012583,
 988, 0.609770, 0.011263,
 989, 0.609780, 0.011683,
 990, 0.609960, 0.012230,
 991, 0.610630, 0.012390,
 992, 0.610020, 0.011862,
 993, 0.610000, 0.012045,
 994, 0.610420, 0.013066,
 995, 0.610030, 0.011074,
 996, 0.610440, 0.013201,
 997, 0.609870, 0.011281,
 998, 0.609710, 0.011550,
 999, 0.609820, 0.011951,
 1000, 0.609960, 0.011144,
 1001, 0.610330, 0.013661,
 1002, 0.609750, 0.012186,
 1003, 0.609890, 0.012918,
 1004, 0.610270, 0.012765,
 1005, 0.609720, 0.012139,
 1006, 0.610360, 0.012794,
 1007, 0.610830, 0.012680,
 1008, 0.609650, 0.012036,
 1009, 0.609590, 0.012317,
 1010, 0.610180, 0.011465,
 1011, 0.610060, 0.012994,
 1012, 0.610420, 0.011259,
 1013, 0.610620, 0.011723,
 1014, 0.609730, 0.011920,
 1015, 0.609890, 0.011962,
 1016, 0.609220, 0.011491,
 1017, 0.609870, 0.012759,
 1018, 0.609910, 0.011347,
 1019, 0.609900, 0.012239,
 1020, 0.609470, 0.012209,
 1021, 0.610500, 0.012321,
 1022, 0.609310, 0.012389,
 1023, 0.610520, 0.012686,
 1024, 0.609870, 0.012401,
 1025, 0.611140, 0.011742,
 1026, 0.609800, 0.011794,
 1027, 0.610550, 0.012116,
 1028, 0.610160, 0.011909,
 1029, 0.608700, 0.013373,
 1030, 0.609130, 0.012082,
 1031, 0.608900, 0.011794,
 1032, 0.610620, 0.012174,
 1033, 0.609520, 0.011324,
 1034, 0.609550, 0.011763,
 1035, 0.609330, 0.011505,
 1036, 0.608050, 0.012027,
 1037, 0.609390, 0.012740,
 1038, 0.609710, 0.011231,
 1039, 0.609420, 0.011862,
 1040, 0.610300, 0.012334,
 1041, 0.608870, 0.011098,
 1042, 0.609950, 0.012235,
 1043, 0.609740, 0.011853,
 1044, 0.608880, 0.012637,
 1045, 0.609450, 0.013010,
 1046, 0.609010, 0.012035,
 1047, 0.609370, 0.011800,
 1048, 0.609470, 0.011618,
 1049, 0.608990, 0.013078,
 1050, 0.609370, 0.011603,
 1051, 0.609750, 0.012290,
 1052, 0.609650, 0.013553,
 1053, 0.610430, 0.011985,
 1054, 0.608870, 0.012081,
 1055, 0.609620, 0.011606,
 1056, 0.608330, 0.012373,
 1057, 0.609230, 0.012141,
 1058, 0.609920, 0.011472,
 1059, 0.609970, 0.012585,
 1060, 0.609480, 0.011996,
 1061, 0.610070, 0.011490,
 1062, 0.610190, 0.012608,
 1063, 0.609980, 0.011626,
 1064, 0.609340, 0.013402,
 1065, 0.609060, 0.012550,
 1066, 0.609040, 0.011790,
 1067, 0.608730, 0.012954,
 1068, 0.609290, 0.011928,
 1069, 0.609400, 0.012216,
 1070, 0.609420, 0.011841,
 1071, 0.609980, 0.011268,
 1072, 0.608830, 0.012263,
 1073, 0.609990, 0.012478,
 1074, 0.609540, 0.012124,
 1075, 0.608270, 0.011761,
 1076, 0.609490, 0.012337,
 1077, 0.608900, 0.011960,
 1078, 0.609260, 0.012255,
 1079, 0.609890, 0.012603,
 1080, 0.608740, 0.011738,
 1081, 0.609260, 0.012098,
 1082, 0.608770, 0.012178,
 1083, 0.608840, 0.012305,
 1084, 0.609510, 0.011792,
 1085, 0.608900, 0.013127,
 1086, 0.608220, 0.012517,
 1087, 0.609580, 0.011277,
 1088, 0.608530, 0.012249,
 1089, 0.609440, 0.012815,
 1090, 0.608170, 0.012464,
 1091, 0.609310, 0.012205,
 1092, 0.609850, 0.012306,
 1093, 0.607590, 0.011799,
 1094, 0.609290, 0.012798,
 1095, 0.609660, 0.012896,
 1096, 0.609100, 0.011574,
 1097, 0.609420, 0.013058,
 1098, 0.609280, 0.013025,
 1099, 0.609100, 0.012117,
 1100, 0.608590, 0.012586,
 1101, 0.608430, 0.012312,
 1102, 0.608580, 0.012258,
 1103, 0.608820, 0.012546,
 1104, 0.609600, 0.012518,
 1105, 0.609280, 0.012630,
 1106, 0.609220, 0.011928,
 1107, 0.608300, 0.012902,
 1108, 0.608180, 0.011668,
 1109, 0.608180, 0.013275,
 1110, 0.609160, 0.012341,
 1111, 0.609490, 0.011641,
 1112, 0.608940, 0.012102,
 1113, 0.608950, 0.012208,
 1114, 0.608330, 0.011771,
 1115, 0.608090, 0.012865,
 1116, 0.608510, 0.011981,
 1117, 0.608930, 0.012292,
 1118, 0.609360, 0.012171,
 1119, 0.608420, 0.011073,
 1120, 0.609160, 0.012007,
 1121, 0.608920, 0.011672,
 1122, 0.607940, 0.013689,
 1123, 0.608820, 0.012570,
 1124, 0.608760, 0.011501,
 1125, 0.609030, 0.012309,
 1126, 0.608560, 0.011475,
 1127, 0.608160, 0.012154,
 1128, 0.609140, 0.012452,
 1129, 0.609410, 0.012224,
 1130, 0.608750, 0.012501,
 1131, 0.607690, 0.012158,
 1132, 0.608110, 0.012170,
 1133, 0.608780, 0.011817,
 1134, 0.609080, 0.011575,
 1135, 0.608820, 0.011735,
 1136, 0.608230, 0.012342,
 1137, 0.608220, 0.012510,
 1138, 0.608280, 0.013254,
 1139, 0.608430, 0.011815,
 1140, 0.608540, 0.013305,
 1141, 0.609240, 0.012163,
 1142, 0.608210, 0.012809,
 1143, 0.608290, 0.011835,
 1144, 0.608470, 0.012019,
 1145, 0.608280, 0.012894,
 1146, 0.608050, 0.012025,
 1147, 0.607720, 0.012598,
 1148, 0.607770, 0.012535,
 1149, 0.607620, 0.010853,
 1150, 0.608250, 0.013111,
 1151, 0.609010, 0.011555,
 1152, 0.608300, 0.012633,
 1153, 0.607400, 0.012971,
 1154, 0.607990, 0.012400,
 1155, 0.608480, 0.012234,
 1156, 0.608010, 0.011868,
 1157, 0.608830, 0.012012,
 1158, 0.607530, 0.012168,
 1159, 0.608340, 0.011906,
 1160, 0.607180, 0.012726,
 1161, 0.607990, 0.011537,
 1162, 0.608250, 0.012709,
 1163, 0.608550, 0.012111,
 1164, 0.608390, 0.011734,
 1165, 0.608180, 0.012264,
 1166, 0.607660, 0.012270,
 1167, 0.608070, 0.012833,
 1168, 0.607210, 0.012263,
 1169, 0.607070, 0.011537,
 1170, 0.607500, 0.012680,
 1171, 0.608240, 0.011831,
 1172, 0.608730, 0.013212,
 1173, 0.607880, 0.011700,
 1174, 0.607660, 0.011303,
 1175, 0.607610, 0.012595,
 1176, 0.607730, 0.012051,
 1177, 0.608460, 0.013467,
 1178, 0.607900, 0.012408,
 1179, 0.607190, 0.012241,
 1180, 0.607930, 0.012468,
 1181, 0.607990, 0.011828,
 1182, 0.607820, 0.013052,
 1183, 0.607590, 0.012180,
 1184, 0.607200, 0.011792,
 1185, 0.608280, 0.012186,
 1186, 0.609180, 0.012039,
 1187, 0.607430, 0.012366,
 1188, 0.607130, 0.012614,
 1189, 0.606810, 0.012628,
 1190, 0.607600, 0.012531,
 1191, 0.606990, 0.012296,
 1192, 0.607700, 0.012421,
 1193, 0.607750, 0.011685,
 1194, 0.607310, 0.012473,
 1195, 0.607020, 0.013068,
 1196, 0.607840, 0.011510,
 1197, 0.607710, 0.013016,
 1198, 0.608540, 0.012558,
 1199, 0.607150, 0.012101,
 1200, 0.608420, 0.012378,
 1201, 0.608560, 0.012319,
 1202, 0.608750, 0.012406,
 1203, 0.606730, 0.013013,
 1204, 0.607790, 0.012606,
 1205, 0.607640, 0.012101,
 1206, 0.607400, 0.011551,
 1207, 0.608380, 0.011945,
 1208, 0.606530, 0.012610,
 1209, 0.607560, 0.011256,
 1210, 0.607120, 0.012444,
 1211, 0.607660, 0.011600,
 1212, 0.607330, 0.011643,
 1213, 0.607250, 0.012561,
 1214, 0.607280, 0.011673,
 1215, 0.606910, 0.012401,
 1216, 0.607690, 0.011950,
 1217, 0.606660, 0.013009,
 1218, 0.607830, 0.012270,
 1219, 0.607300, 0.012271,
 1220, 0.607660, 0.013252,
 1221, 0.606770, 0.012376,
 1222, 0.607670, 0.011929,
 1223, 0.607030, 0.013200,
 1224, 0.607320, 0.011571,
 1225, 0.607060, 0.013117,
 1226, 0.607230, 0.012329,
 1227, 0.606930, 0.011693,
 1228, 0.607050, 0.013172,
 1229, 0.607430, 0.013181,
 1230, 0.606700, 0.012724,
 1231, 0.607670, 0.011602,
 1232, 0.606450, 0.011951,
 1233, 0.608160, 0.012718,
 1234, 0.607440, 0.011905,
 1235, 0.606740, 0.012990,
 1236, 0.607180, 0.012380,
 1237, 0.607030, 0.011432,
 1238, 0.606490, 0.012046,
 1239, 0.606250, 0.011828,
 1240, 0.606700, 0.012558,
 1241, 0.607110, 0.012174,
 1242, 0.606770, 0.012007,
 1243, 0.606360, 0.012450,
 1244, 0.606120, 0.011623,
 1245, 0.607390, 0.012481,
 1246, 0.606360, 0.011879,
 1247, 0.606840, 0.011313,
 1248, 0.607110, 0.013269,
 1249, 0.606370, 0.012156,
 1250, 0.607760, 0.012162,
 1251, 0.606840, 0.012036,
 1252, 0.607370, 0.012075,
 1253, 0.606220, 0.012867,
 1254, 0.606400, 0.012715,
 1255, 0.606940, 0.012440,
 1256, 0.606500, 0.011767,
 1257, 0.606110, 0.011673,
 1258, 0.607300, 0.012892,
 1259, 0.605800, 0.012434,
 1260, 0.607640, 0.012108,
 1261, 0.606760, 0.012361,
 1262, 0.607170, 0.011870,
 1263, 0.606880, 0.012372,
 1264, 0.606690, 0.012111,
 1265, 0.607520, 0.012408,
 1266, 0.606330, 0.012999,
 1267, 0.606480, 0.012492,
 1268, 0.607240, 0.013132,
 1269, 0.605910, 0.011163,
 1270, 0.607580, 0.011900,
 1271, 0.605460, 0.012473,
 1272, 0.606340, 0.012331,
 1273, 0.606800, 0.012844,
 1274, 0.606270, 0.012224,
 1275, 0.607270, 0.013169,
 1276, 0.606070, 0.012573,
 1277, 0.605660, 0.012893,
 1278, 0.606560, 0.012004,
 1279, 0.606440, 0.012641,
 1280, 0.607570, 0.012541,
 1281, 0.606050, 0.011991,
 1282, 0.605960, 0.012484,
 1283, 0.607040, 0.012621,
 1284, 0.606270, 0.012689,
 1285, 0.606750, 0.012167,
 1286, 0.606410, 0.012456,
 1287, 0.607780, 0.012294,
 1288, 0.605980, 0.012383,
 1289, 0.606830, 0.011964,
 1290, 0.606200, 0.012585,
 1291, 0.606110, 0.013388,
 1292, 0.605860, 0.012490,
 1293, 0.607350, 0.013098,
 1294, 0.605290, 0.012893,
 1295, 0.605540, 0.012282,
 1296, 0.606190, 0.012782,
 1297, 0.606630, 0.011735,
 1298, 0.606610, 0.013882,
 1299, 0.606420, 0.011850,
 1300, 0.605560, 0.012810,
 1301, 0.605500, 0.011940,
 1302, 0.605750, 0.012006,
 1303, 0.606740, 0.012187,
 1304, 0.606260, 0.013045,
 1305, 0.605950, 0.012111,
 1306, 0.606510, 0.012404,
 1307, 0.605760, 0.012684,
 1308, 0.606210, 0.012970,
 1309, 0.605650, 0.013043,
 1310, 0.606530, 0.011605,
 1311, 0.605810, 0.012488,
 1312, 0.604980, 0.012428,
 1313, 0.605810, 0.012885,
 1314, 0.606440, 0.011678,
 1315, 0.606040, 0.012512,
 1316, 0.605810, 0.012716,
 1317, 0.606610, 0.012455,
 1318, 0.605400, 0.012743,
 1319, 0.605580, 0.012780,
 1320, 0.605870, 0.011659,
 1321, 0.606040, 0.013311,
 1322, 0.604910, 0.011357,
 1323, 0.606400, 0.013089,
 1324, 0.605620, 0.013636,
 1325, 0.605710, 0.011491,
 1326, 0.606190, 0.012283,
 1327, 0.605190, 0.011468,
 1328, 0.605010, 0.012453,
 1329, 0.605270, 0.011692,
 1330, 0.605890, 0.012520,
 1331, 0.605280, 0.012796,
 1332, 0.605830, 0.012291,
 1333, 0.605590, 0.012890,
 1334, 0.606110, 0.012404,
 1335, 0.605450, 0.012153,
 1336, 0.604880, 0.012775,
 1337, 0.605390, 0.012341,
 1338, 0.605330, 0.012994,
 1339, 0.605370, 0.011517,
 1340, 0.606710, 0.012695,
 1341, 0.605170, 0.012271,
 1342, 0.605250, 0.012795,
 1343, 0.606380, 0.012634,
 1344, 0.604530, 0.011714,
 1345, 0.605440, 0.012159,
 1346, 0.605450, 0.013367,
 1347, 0.604240, 0.011947,
 1348, 0.605910, 0.012760,
 1349, 0.605410, 0.012133,
 1350, 0.605350, 0.012296,
 1351, 0.605120, 0.012524,
 1352, 0.605130, 0.012353,
 1353, 0.606500, 0.012007,
 1354, 0.604560, 0.013095,
 1355, 0.605530, 0.012323,
 1356, 0.606690, 0.012397,
 1357, 0.605250, 0.012493,
 1358, 0.605420, 0.012536,
 1359, 0.604970, 0.013039,
 1360, 0.604620, 0.012509,
 1361, 0.605600, 0.012536,
 1362, 0.604630, 0.011839,
 1363, 0.605480, 0.012186,
 1364, 0.605680, 0.010939,
 1365, 0.605320, 0.012657,
 1366, 0.605880, 0.012670,
 1367, 0.604960, 0.012087,
 1368, 0.605860, 0.012322,
 1369, 0.605050, 0.012517,
 1370, 0.604720, 0.012562,
 1371, 0.605880, 0.012192,
 1372, 0.604750, 0.012256,
 1373, 0.605790, 0.012415,
 1374, 0.605270, 0.012353,
 1375, 0.604290, 0.012427,
 1376, 0.604460, 0.012803,
 1377, 0.604420, 0.012164,
 1378, 0.605670, 0.013309,
 1379, 0.605810, 0.012213,
 1380, 0.604540, 0.012530,
 1381, 0.605440, 0.012552,
 1382, 0.604920, 0.012868,
 1383, 0.605570, 0.012096,
 1384, 0.605400, 0.013471,
 1385, 0.604950, 0.013058,
 1386, 0.604650, 0.013521,
 1387, 0.605450, 0.012568,
 1388, 0.604750, 0.012029,
 1389, 0.604230, 0.012306,
 1390, 0.604690, 0.012797,
 1391, 0.605390, 0.012504,
 1392, 0.606010, 0.013147,
 1393, 0.604740, 0.011599,
 1394, 0.604670, 0.012735,
 1395, 0.605400, 0.012728,
 1396, 0.604680, 0.012319,
 1397, 0.604810, 0.012141,
 1398, 0.604610, 0.011380,
 1399, 0.604770, 0.013351,
 1400, 0.604760, 0.012766,
 1401, 0.604790, 0.012935,
 1402, 0.604310, 0.011796,
 1403, 0.604490, 0.012098,
 1404, 0.604470, 0.012429,
 1405, 0.604220, 0.011939,
 1406, 0.604300, 0.012788,
 1407, 0.604930, 0.012637,
 1408, 0.604630, 0.012016,
 1409, 0.605170, 0.012589,
 1410, 0.603790, 0.011759,
 1411, 0.604980, 0.012762,
 1412, 0.604060, 0.012006,
 1413, 0.604870, 0.012354,
 1414, 0.604420, 0.012501,
 1415, 0.604330, 0.012550,
 1416, 0.604650, 0.013316,
 1417, 0.604940, 0.012729,
 1418, 0.605240, 0.012218,
 1419, 0.604260, 0.013086,
 1420, 0.603420, 0.013216,
 1421, 0.604870, 0.013001,
 1422, 0.604790, 0.012299,
 1423, 0.606060, 0.013242,
 1424, 0.604330, 0.013321,
 1425, 0.604710, 0.012504,
 1426, 0.604350, 0.013028,
 1427, 0.604850, 0.012536,
 1428, 0.605260, 0.012220,
 1429, 0.604340, 0.014215,
 1430, 0.605530, 0.012081,
 1431, 0.603960, 0.012610,
 1432, 0.604300, 0.011980,
 1433, 0.605130, 0.012145,
 1434, 0.603610, 0.012169,
 1435, 0.605370, 0.011754,
 1436, 0.604820, 0.013005,
 1437, 0.604080, 0.012454,
 1438, 0.604240, 0.012093,
 1439, 0.603990, 0.012914,
 1440, 0.603810, 0.011971,
 1441, 0.604700, 0.012835,
 1442, 0.603130, 0.013095,
 1443, 0.604330, 0.012477,
 1444, 0.604240, 0.013240,
 1445, 0.604010, 0.011865,
 1446, 0.603470, 0.012991,
 1447, 0.604580, 0.012606,
 1448, 0.604430, 0.012194,
 1449, 0.604590, 0.012543,
 1450, 0.604580, 0.011736,
 1451, 0.603740, 0.013272,
 1452, 0.602950, 0.012557,
 1453, 0.603700, 0.012037,
 1454, 0.604480, 0.013139,
 1455, 0.603490, 0.011839,
 1456, 0.604680, 0.013697,
 1457, 0.604590, 0.012192,
 1458, 0.603150, 0.012215,
 1459, 0.604320, 0.012165,
 1460, 0.603630, 0.012368,
 1461, 0.603860, 0.011846,
 1462, 0.602620, 0.012561,
 1463, 0.604390, 0.012357,
 1464, 0.604720, 0.012373,
 1465, 0.603810, 0.012519,
 1466, 0.604580, 0.012820,
 1467, 0.604020, 0.012761,
 1468, 0.603860, 0.012741,
 1469, 0.604240, 0.012786,
 1470, 0.603620, 0.011476,
 1471, 0.604040, 0.012578,
 1472, 0.603800, 0.012332,
 1473, 0.603700, 0.011611,
 1474, 0.604460, 0.012773,
 1475, 0.604020, 0.012931,
 1476, 0.604190, 0.012305,
 1477, 0.604150, 0.012080,
 1478, 0.602520, 0.012593,
 1479, 0.602830, 0.013239,
 1480, 0.603420, 0.012444,
 1481, 0.603540, 0.011877,
 1482, 0.603060, 0.012295,
 1483, 0.604340, 0.012378,
 1484, 0.603700, 0.012359,
 1485, 0.603780, 0.012942,
 1486, 0.603460, 0.011964,
 1487, 0.603140, 0.012802,
 1488, 0.602990, 0.012289,
 1489, 0.603400, 0.012892,
 1490, 0.604290, 0.011957,
 1491, 0.604130, 0.012436,
 1492, 0.603860, 0.013038,
 1493, 0.604080, 0.012495,
 1494, 0.602970, 0.012574,
 1495, 0.603930, 0.012686,
 1496, 0.604620, 0.011996,
 1497, 0.603410, 0.012740,
 1498, 0.602850, 0.012394,
 1499, 0.603130, 0.012266,
 1500, 0.603640, 0.012288,
 1501, 0.603620, 0.012200,
 1502, 0.603860, 0.014010,
 1503, 0.602130, 0.012377,
 1504, 0.603520, 0.012451,
 1505, 0.602960, 0.012702,
 1506, 0.602810, 0.011438,
 1507, 0.603800, 0.012504,
 1508, 0.604100, 0.012865,
 1509, 0.603040, 0.013022,
 1510, 0.603750, 0.013249,
 1511, 0.602780, 0.012278,
 1512, 0.603770, 0.013198,
 1513, 0.603370, 0.011982,
 1514, 0.603760, 0.012838,
 1515, 0.604310, 0.012652,
 1516, 0.603450, 0.012136,
 1517, 0.603320, 0.012893,
 1518, 0.603890, 0.012003,
 1519, 0.603380, 0.012720,
 1520, 0.603180, 0.012019,
 1521, 0.603780, 0.012394,
 1522, 0.603440, 0.012062,
 1523, 0.603250, 0.012538,
 1524, 0.603620, 0.013731,
 1525, 0.602010, 0.013046,
 1526, 0.602790, 0.013364,
 1527, 0.602640, 0.013060,
 1528, 0.603660, 0.011781,
 1529, 0.604160, 0.012997,
 1530, 0.603260, 0.012280,
 1531, 0.603550, 0.012653,
 1532, 0.602300, 0.012572,
 1533, 0.603040, 0.011798,
 1534, 0.602950, 0.012969,
 1535, 0.601860, 0.012452,
 1536, 0.602960, 0.012317,
 1537, 0.603320, 0.012751,
 1538, 0.602240, 0.012025,
 1539, 0.602640, 0.013649,
 1540, 0.603280, 0.012848,
 1541, 0.603150, 0.012130,
 1542, 0.603790, 0.013164,
 1543, 0.602830, 0.012193,
 1544, 0.602100, 0.013040,
 1545, 0.602970, 0.012231,
 1546, 0.603010, 0.011908,
 1547, 0.603030, 0.013154,
 1548, 0.602380, 0.012253,
 1549, 0.602730, 0.012680,
 1550, 0.603600, 0.013323,
 1551, 0.601650, 0.012488,
 1552, 0.602490, 0.013198,
 1553, 0.602700, 0.012677,
 1554, 0.604370, 0.012149,
 1555, 0.602270, 0.012810,
 1556, 0.602740, 0.012166,
 1557, 0.603050, 0.012918,
 1558, 0.602440, 0.013082,
 1559, 0.602960, 0.012402,
 1560, 0.602780, 0.013219,
 1561, 0.602050, 0.012271,
 1562, 0.602500, 0.012807,
 1563, 0.603110, 0.012272,
 1564, 0.602900, 0.012330,
 1565, 0.602690, 0.013820,
 1566, 0.602200, 0.012476,
 1567, 0.603320, 0.013598,
 1568, 0.601900, 0.012801,
 1569, 0.602200, 0.013049,
 1570, 0.603210, 0.012637,
 1571, 0.601750, 0.012003,
 1572, 0.602310, 0.012987,
 1573, 0.602100, 0.014023,
 1574, 0.602080, 0.011584,
 1575, 0.602760, 0.012924,
 1576, 0.601880, 0.013187,
 1577, 0.602920, 0.012974,
 1578, 0.603790, 0.012584,
 1579, 0.602480, 0.012323,
 1580, 0.602700, 0.013034,
 1581, 0.602320, 0.013761,
 1582, 0.602510, 0.012576,
 1583, 0.602790, 0.012264,
 1584, 0.601220, 0.012688,
 1585, 0.601740, 0.013479,
 1586, 0.602030, 0.012738,
 1587, 0.602740, 0.012845,
 1588, 0.602320, 0.012968,
 1589, 0.602960, 0.011846,
 1590, 0.602070, 0.012408,
 1591, 0.601990, 0.011893,
 1592, 0.602260, 0.013283,
 1593, 0.601860, 0.011525,
 1594, 0.602770, 0.012181,
 1595, 0.602670, 0.012729,
 1596, 0.602070, 0.012979,
 1597, 0.603410, 0.012685,
 1598, 0.602290, 0.012423,
 1599, 0.602420, 0.011697,
 1600, 0.603000, 0.012636,
 1601, 0.602940, 0.012280,
 1602, 0.602040, 0.013171,
 1603, 0.602210, 0.012815,
 1604, 0.602490, 0.012578,
 1605, 0.602660, 0.012807,
 1606, 0.602120, 0.012537,
 1607, 0.601890, 0.012954,
 1608, 0.601690, 0.012881,
 1609, 0.602330, 0.012545,
 1610, 0.601700, 0.012610,
 1611, 0.602590, 0.012012,
 1612, 0.601900, 0.012777,
 1613, 0.602100, 0.012883,
 1614, 0.602940, 0.011539,
 1615, 0.601760, 0.013580,
 1616, 0.601070, 0.012062,
 1617, 0.602350, 0.012796,
 1618, 0.602610, 0.012991,
 1619, 0.602360, 0.011833,
 1620, 0.602050, 0.012918,
 1621, 0.602690, 0.013017,
 1622, 0.602070, 0.013565,
 1623, 0.601480, 0.012761,
 1624, 0.601850, 0.012569,
 1625, 0.601590, 0.012838,
 1626, 0.601910, 0.012322,
 1627, 0.601880, 0.013750,
 1628, 0.601570, 0.013099,
 1629, 0.602560, 0.012775,
 1630, 0.601440, 0.012535,
 1631, 0.601680, 0.011730,
 1632, 0.602220, 0.013776,
 1633, 0.600930, 0.012416,
 1634, 0.601550, 0.012052,
 1635, 0.601760, 0.013582,
 1636, 0.601330, 0.012655,
 1637, 0.601940, 0.012116,
 1638, 0.601370, 0.012570,
 1639, 0.601340, 0.011632,
 1640, 0.601810, 0.012822,
 1641, 0.601660, 0.012185,
 1642, 0.602250, 0.012784,
 1643, 0.601060, 0.012875,
 1644, 0.601520, 0.012571,
 1645, 0.602540, 0.012842,
 1646, 0.601310, 0.012306,
 1647, 0.602610, 0.013047,
 1648, 0.600440, 0.012221,
 1649, 0.600960, 0.013266,
 1650, 0.601340, 0.013453,
 1651, 0.602280, 0.012768,
 1652, 0.601330, 0.011712,
 1653, 0.601570, 0.012803,
 1654, 0.601840, 0.012647,
 1655, 0.601920, 0.012922,
 1656, 0.602150, 0.012517,
 1657, 0.601590, 0.013056,
 1658, 0.601510, 0.012769,
 1659, 0.601850, 0.012627,
 1660, 0.601620, 0.013298,
 1661, 0.601930, 0.012883,
 1662, 0.602460, 0.013620,
 1663, 0.602390, 0.013442,
 1664, 0.600540, 0.012133,
 1665, 0.601850, 0.012180,
 1666, 0.600930, 0.012177,
 1667, 0.600490, 0.011865,
 1668, 0.601330, 0.012414,
 1669, 0.601330, 0.012162,
 1670, 0.601330, 0.012474,
 1671, 0.601950, 0.012037,
 1672, 0.601540, 0.012297,
 1673, 0.601400, 0.012872,
 1674, 0.600160, 0.012335,
 1675, 0.601600, 0.011968,
 1676, 0.600980, 0.013392,
 1677, 0.600700, 0.012496,
 1678, 0.601060, 0.013432,
 1679, 0.600830, 0.012406,
 1680, 0.601340, 0.012056,
 1681, 0.601250, 0.012726,
 1682, 0.601220, 0.011337,
 1683, 0.600820, 0.013301,
 1684, 0.600620, 0.012114,
 1685, 0.601110, 0.013340,
 1686, 0.600780, 0.012079,
 1687, 0.601200, 0.011730,
 1688, 0.601070, 0.013156,
 1689, 0.600560, 0.012069,
 1690, 0.600150, 0.012817,
 1691, 0.601040, 0.013601,
 1692, 0.600780, 0.011218,
 1693, 0.601790, 0.012938,
 1694, 0.601380, 0.012889,
 1695, 0.601250, 0.012746,
 1696, 0.600850, 0.013391,
 1697, 0.600370, 0.012739,
 1698, 0.601210, 0.013286,
 1699, 0.600290, 0.012477,
 1700, 0.599890, 0.013158,
 1701, 0.601050, 0.012153,
 1702, 0.600880, 0.011954,
 1703, 0.601180, 0.013128,
 1704, 0.601140, 0.012578,
 1705, 0.600300, 0.013014,
 1706, 0.600910, 0.013406,
 1707, 0.601310, 0.012310,
 1708, 0.601320, 0.012982,
 1709, 0.601940, 0.012899,
 1710, 0.600290, 0.013088,
 1711, 0.601240, 0.012832,
 1712, 0.600300, 0.012579,
 1713, 0.601000, 0.012959,
 1714, 0.601210, 0.011637,
 1715, 0.600930, 0.012867,
 1716, 0.601150, 0.013211,
 1717, 0.600550, 0.011791,
 1718, 0.600310, 0.013395,
 1719, 0.600190, 0.012178,
 1720, 0.599480, 0.013094,
 1721, 0.600140, 0.012727,
 1722, 0.600350, 0.012161,
 1723, 0.600320, 0.012813,
 1724, 0.600030, 0.011934,
 1725, 0.600900, 0.012690,
 1726, 0.599780, 0.013208,
 1727, 0.601030, 0.012608,
 1728, 0.600160, 0.012900,
 1729, 0.600120, 0.012030,
 1730, 0.601070, 0.013974,
 1731, 0.598820, 0.011962,
 1732, 0.600340, 0.012580,
 1733, 0.600240, 0.012391,
 1734, 0.600610, 0.012099,
 1735, 0.601150, 0.012910,
 1736, 0.600300, 0.012402,
 1737, 0.600060, 0.011688,
 1738, 0.600070, 0.013230,
 1739, 0.599970, 0.012577,
 1740, 0.598780, 0.012267,
 1741, 0.599650, 0.013043,
 1742, 0.600260, 0.013137,
 1743, 0.600110, 0.013580,
 1744, 0.600650, 0.012625,
 1745, 0.600800, 0.012390,
 1746, 0.600010, 0.012952,
 1747, 0.600790, 0.011745,
 1748, 0.599990, 0.013088,
 1749, 0.600120, 0.012691,
 1750, 0.599690, 0.012195,
 1751, 0.599940, 0.012954,
 1752, 0.600140, 0.012144,
 1753, 0.600320, 0.013261,
 1754, 0.601150, 0.012549,
 1755, 0.600130, 0.012501,
 1756, 0.600670, 0.013485,
 1757, 0.599690, 0.013018,
 1758, 0.599880, 0.012438,
 1759, 0.599650, 0.013026,
 1760, 0.599770, 0.012021,
 1761, 0.599270, 0.013836,
 1762, 0.599200, 0.012641,
 1763, 0.600540, 0.012246,
 1764, 0.599350, 0.012700,
 1765, 0.599960, 0.012637,
 1766, 0.599610, 0.012971,
 1767, 0.598930, 0.012633,
 1768, 0.600290, 0.012850,
 1769, 0.600150, 0.013294,
 1770, 0.600530, 0.012237,
 1771, 0.599270, 0.013533,
 1772, 0.599640, 0.012426,
 1773, 0.600950, 0.012070,
 1774, 0.600130, 0.012873,
 1775, 0.600030, 0.013150,
 1776, 0.599420, 0.012862,
 1777, 0.600230, 0.012502,
 1778, 0.599250, 0.012982,
 1779, 0.599520, 0.012522,
 1780, 0.599080, 0.012863,
 1781, 0.600120, 0.013303,
 1782, 0.599170, 0.012119,
 1783, 0.599820, 0.012628,
 1784, 0.600000, 0.012592,
 1785, 0.599830, 0.012396,
 1786, 0.599840, 0.013313,
 1787, 0.600020, 0.012513,
 1788, 0.599720, 0.014056,
 1789, 0.600250, 0.012935,
 1790, 0.600270, 0.012769,
 1791, 0.599830, 0.012663,
 1792, 0.600630, 0.011969,
 1793, 0.599460, 0.013520,
 1794, 0.601280, 0.012622,
 1795, 0.599760, 0.011799,
 1796, 0.600100, 0.013119,
 1797, 0.599670, 0.012573,
 1798, 0.599220, 0.012698,
 1799, 0.600000, 0.013167,
 1800, 0.599650, 0.011792,
 1801, 0.598850, 0.012253,
 1802, 0.599950, 0.013013,
 1803, 0.599480, 0.012713,
 1804, 0.600090, 0.013141,
 1805, 0.599110, 0.012684,
 1806, 0.599280, 0.013217,
 1807, 0.599400, 0.012389,
 1808, 0.599730, 0.013651,
 1809, 0.599180, 0.012787,
 1810, 0.599740, 0.012938,
 1811, 0.599540, 0.012642,
 1812, 0.599190, 0.012991,
 1813, 0.599920, 0.012085,
 1814, 0.599690, 0.013586,
 1815, 0.599730, 0.012138,
 1816, 0.599390, 0.013204,
 1817, 0.599740, 0.012290,
 1818, 0.598930, 0.013627,
 1819, 0.598360, 0.012871,
 1820, 0.599430, 0.013023,
 1821, 0.598920, 0.012884,
 1822, 0.599630, 0.013395,
 1823, 0.599180, 0.013114,
 1824, 0.599320, 0.012808,
 1825, 0.598890, 0.012991,
 1826, 0.599280, 0.013116,
 1827, 0.599480, 0.012280,
 1828, 0.600210, 0.012268,
 1829, 0.599180, 0.013291,
 1830, 0.599360, 0.012035,
 1831, 0.598390, 0.013206,
 1832, 0.600020, 0.012417,
 1833, 0.598810, 0.012943,
 1834, 0.599590, 0.012638,
 1835, 0.599840, 0.012975,
 1836, 0.599560, 0.012615,
 1837, 0.598350, 0.014110,
 1838, 0.599030, 0.012665,
 1839, 0.598910, 0.013294,
 1840, 0.598580, 0.012424,
 1841, 0.599560, 0.012522,
 1842, 0.599140, 0.012890,
 1843, 0.598720, 0.012146,
 1844, 0.599390, 0.013776,
 1845, 0.598310, 0.013294,
 1846, 0.599350, 0.013371,
 1847, 0.598360, 0.012457,
 1848, 0.600110, 0.012678,
 1849, 0.598040, 0.013240,
 1850, 0.598880, 0.012931,
 1851, 0.599330, 0.012379,
 1852, 0.599070, 0.013818,
 1853, 0.598870, 0.012235,
 1854, 0.599590, 0.013763,
 1855, 0.597720, 0.011476,
 1856, 0.598440, 0.013270,
 1857, 0.598980, 0.013158,
 1858, 0.598420, 0.012580,
 1859, 0.599340, 0.013668,
 1860, 0.597860, 0.013057,
 1861, 0.598880, 0.012735,
 1862, 0.598390, 0.012685,
 1863, 0.598860, 0.012916,
 1864, 0.599220, 0.012408,
 1865, 0.598090, 0.012710,
 1866, 0.598510, 0.013527,
 1867, 0.599020, 0.013292,
 1868, 0.598370, 0.012250,
 1869, 0.598910, 0.013687,
 1870, 0.597970, 0.012432,
 1871, 0.598780, 0.012764,
 1872, 0.598780, 0.012347,
 1873, 0.598880, 0.012253,
 1874, 0.598720, 0.013624,
 1875, 0.598860, 0.011828,
 1876, 0.598290, 0.012842,
 1877, 0.598520, 0.013192,
 1878, 0.598020, 0.012865,
 1879, 0.598630, 0.013305,
 1880, 0.597370, 0.012779,
 1881, 0.598240, 0.013405,
 1882, 0.598870, 0.013125,
 1883, 0.598710, 0.012141,
 1884, 0.598230, 0.013695,
 1885, 0.597800, 0.013011,
 1886, 0.598270, 0.012837,
 1887, 0.597250, 0.013586,
 1888, 0.598570, 0.012539,
 1889, 0.598860, 0.013027,
 1890, 0.597950, 0.012597,
 1891, 0.598780, 0.012721,
 1892, 0.598690, 0.013044,
 1893, 0.599250, 0.011149,
 1894, 0.598490, 0.012818,
 1895, 0.597800, 0.012397,
 1896, 0.598050, 0.013111,
 1897, 0.598630, 0.013620,
 1898, 0.597220, 0.012494,
 1899, 0.598380, 0.013211,
 1900, 0.598730, 0.012541,
 1901, 0.598130, 0.013214,
 1902, 0.598010, 0.013938,
 1903, 0.597250, 0.012396,
 1904, 0.598640, 0.012462,
 1905, 0.597840, 0.012890,
 1906, 0.597110, 0.012840,
 1907, 0.598670, 0.012644,
 1908, 0.597520, 0.012529,
 1909, 0.598300, 0.012738,
 1910, 0.598300, 0.013314,
 1911, 0.598200, 0.013581,
 1912, 0.597610, 0.012674,
 1913, 0.597740, 0.012646,
 1914, 0.597460, 0.012969,
 1915, 0.598340, 0.012551,
 1916, 0.597780, 0.012351,
 1917, 0.597210, 0.013922,
 1918, 0.597900, 0.012143,
 1919, 0.598110, 0.013542,
 1920, 0.598740, 0.012644,
 1921, 0.597380, 0.012974,
 1922, 0.597560, 0.013317,
 1923, 0.598380, 0.012069,
 1924, 0.598160, 0.012773,
 1925, 0.598110, 0.013611,
 1926, 0.598450, 0.012590,
 1927, 0.597840, 0.013215,
 1928, 0.597300, 0.012352,
 1929, 0.597690, 0.014087,
 1930, 0.598330, 0.012595,
 1931, 0.597990, 0.012743,
 1932, 0.598010, 0.013180,
 1933, 0.597350, 0.012166,
 1934, 0.598150, 0.013036,
 1935, 0.597290, 0.013224,
 1936, 0.598350, 0.012319,
 1937, 0.597900, 0.012957,
 1938, 0.597440, 0.012537,
 1939, 0.597660, 0.013442,
 1940, 0.597920, 0.014062,
 1941, 0.597350, 0.012861,
 1942, 0.597240, 0.013119,
 1943, 0.597550, 0.012258,
 1944, 0.597440, 0.013039,
 1945, 0.597590, 0.012943,
 1946, 0.596250, 0.011858,
 1947, 0.597770, 0.014725,
 1948, 0.597340, 0.012301,
 1949, 0.597740, 0.013344,
 1950, 0.598300, 0.012982,
 1951, 0.597500, 0.012699,
 1952, 0.596770, 0.013138,
 1953, 0.597570, 0.013071,
 1954, 0.597820, 0.012539,
 1955, 0.597760, 0.013183,
 1956, 0.597970, 0.012383,
 1957, 0.597500, 0.013063,
 1958, 0.596690, 0.012710,
 1959, 0.597720, 0.012327,
 1960, 0.597990, 0.012912,
 1961, 0.597040, 0.012361,
 1962, 0.597060, 0.013661,
 1963, 0.597380, 0.012963,
 1964, 0.597560, 0.013253,
 1965, 0.597490, 0.012927,
 1966, 0.597450, 0.012796,
 1967, 0.598500, 0.013917,
 1968, 0.597030, 0.011811,
 1969, 0.597570, 0.012757,
 1970, 0.597990, 0.013225,
 1971, 0.596720, 0.013065,
 1972, 0.597020, 0.013008,
 1973, 0.597410, 0.013196,
 1974, 0.596710, 0.013072,
 1975, 0.596990, 0.013481,
 1976, 0.597090, 0.013198,
 1977, 0.598250, 0.013127,
 1978, 0.596330, 0.012252,
 1979, 0.597300, 0.013600,
 1980, 0.597190, 0.013364,
 1981, 0.598350, 0.011307,
 1982, 0.597490, 0.013105,
 1983, 0.597010, 0.012410,
 1984, 0.598090, 0.012611,
 1985, 0.597780, 0.014033,
 1986, 0.596340, 0.012688,
 1987, 0.597490, 0.013026,
 1988, 0.596090, 0.013005,
 1989, 0.596680, 0.013453,
 1990, 0.597270, 0.013641,
 1991, 0.596800, 0.012916,
 1992, 0.597320, 0.013638,
 1993, 0.597280, 0.012561,
 1994, 0.596540, 0.013415,
 1995, 0.596490, 0.013292,
 1996, 0.597380, 0.012354,
 1997, 0.597110, 0.013044,
 1998, 0.597870, 0.013345,
 1999, 0.596800, 0.013214,
 2000, 0.597410, 0.013568,
 2001, 0.597760, 0.012616,
