Container_size, 536870912,key_space, 2368548request bin, mean_latency,sd,
 0, 0.575490, 0.010155,
 1, 0.574560, 0.009855,
 2, 0.574120, 0.009982,
 3, 0.574810, 0.010877,
 4, 0.574290, 0.010611,
 5, 0.574180, 0.011299,
 6, 0.574780, 0.010006,
 7, 0.573400, 0.011154,
 8, 0.575100, 0.009945,
 9, 0.573870, 0.011014,
 10, 0.573880, 0.010887,
 11, 0.573960, 0.010316,
 12, 0.573810, 0.010993,
 13, 0.574870, 0.009183,
 14, 0.573570, 0.010267,
 15, 0.574030, 0.011010,
 16, 0.573690, 0.010710,
 17, 0.574310, 0.010238,
 18, 0.574680, 0.010853,
 19, 0.574210, 0.010321,
 20, 0.573840, 0.011328,
 21, 0.573690, 0.010178,
 22, 0.573460, 0.010716,
 23, 0.573940, 0.010184,
 24, 0.573680, 0.009064,
 25, 0.573450, 0.010775,
 26, 0.573380, 0.010215,
 27, 0.573900, 0.010959,
 28, 0.572680, 0.010563,
 29, 0.573200, 0.009473,
 30, 0.573490, 0.011236,
 31, 0.573070, 0.009551,
 32, 0.573580, 0.010565,
 33, 0.573160, 0.010306,
 34, 0.574450, 0.009638,
 35, 0.574330, 0.010176,
 36, 0.573390, 0.010261,
 37, 0.573250, 0.010509,
 38, 0.573540, 0.009782,
 39, 0.573830, 0.009996,
 40, 0.573750, 0.010646,
 41, 0.572850, 0.009660,
 42, 0.573950, 0.010760,
 43, 0.573020, 0.011340,
 44, 0.573340, 0.011026,
 45, 0.572580, 0.011403,
 46, 0.574350, 0.010797,
 47, 0.574380, 0.011239,
 48, 0.573550, 0.010215,
 49, 0.572730, 0.009942,
 50, 0.572090, 0.010446,
 51, 0.573420, 0.010161,
 52, 0.572810, 0.010746,
 53, 0.572440, 0.010560,
 54, 0.573450, 0.010738,
 55, 0.573360, 0.010784,
 56, 0.572540, 0.009730,
 57, 0.573210, 0.011278,
 58, 0.573450, 0.010431,
 59, 0.573020, 0.010350,
 60, 0.573680, 0.010194,
 61, 0.572750, 0.009729,
 62, 0.572950, 0.011029,
 63, 0.573160, 0.009712,
 64, 0.571990, 0.010565,
 65, 0.573080, 0.010804,
 66, 0.572190, 0.010287,
 67, 0.572560, 0.011015,
 68, 0.572940, 0.010985,
 69, 0.572850, 0.010646,
 70, 0.572060, 0.010585,
 71, 0.572620, 0.011338,
 72, 0.572590, 0.010428,
 73, 0.573310, 0.010938,
 74, 0.573260, 0.010343,
 75, 0.572900, 0.010088,
 76, 0.572780, 0.010643,
 77, 0.572640, 0.010550,
 78, 0.571470, 0.010915,
 79, 0.572170, 0.010144,
 80, 0.572720, 0.010452,
 81, 0.572470, 0.010067,
 82, 0.572050, 0.010818,
 83, 0.573250, 0.010772,
 84, 0.572400, 0.009609,
 85, 0.572370, 0.010685,
 86, 0.572870, 0.010236,
 87, 0.572270, 0.010452,
 88, 0.572850, 0.009906,
 89, 0.572390, 0.010321,
 90, 0.572910, 0.010362,
 91, 0.573310, 0.009733,
 92, 0.572250, 0.010992,
 93, 0.571590, 0.010408,
 94, 0.571920, 0.010567,
 95, 0.572420, 0.009980,
 96, 0.571680, 0.010802,
 97, 0.572580, 0.010061,
 98, 0.572680, 0.011190,
 99, 0.571690, 0.010680,
 100, 0.572010, 0.010437,
 101, 0.571700, 0.010998,
 102, 0.571610, 0.011075,
 103, 0.572360, 0.010684,
 104, 0.572220, 0.010014,
 105, 0.571860, 0.009887,
 106, 0.572230, 0.010994,
 107, 0.571630, 0.010614,
 108, 0.572870, 0.011414,
 109, 0.572070, 0.010294,
 110, 0.572020, 0.010535,
 111, 0.571360, 0.010965,
 112, 0.572040, 0.010268,
 113, 0.571920, 0.009908,
 114, 0.571830, 0.010256,
 115, 0.572660, 0.009787,
 116, 0.571470, 0.010757,
 117, 0.571100, 0.011226,
 118, 0.571790, 0.010636,
 119, 0.572020, 0.009873,
 120, 0.572660, 0.009942,
 121, 0.572610, 0.010505,
 122, 0.571400, 0.010314,
 123, 0.572170, 0.010510,
 124, 0.571580, 0.010730,
 125, 0.572340, 0.010120,
 126, 0.571420, 0.011332,
 127, 0.571400, 0.012216,
 128, 0.571620, 0.010557,
 129, 0.572940, 0.011499,
 130, 0.572480, 0.011878,
 131, 0.571960, 0.010566,
 132, 0.572170, 0.011072,
 133, 0.572440, 0.010698,
 134, 0.570670, 0.010536,
 135, 0.572100, 0.011126,
 136, 0.572220, 0.010530,
 137, 0.571900, 0.011303,
 138, 0.572200, 0.010471,
 139, 0.571790, 0.011011,
 140, 0.571500, 0.010880,
 141, 0.571930, 0.010881,
 142, 0.570860, 0.011082,
 143, 0.572750, 0.010003,
 144, 0.570690, 0.011081,
 145, 0.571990, 0.010938,
 146, 0.571240, 0.009649,
 147, 0.571020, 0.010610,
 148, 0.571390, 0.010621,
 149, 0.571620, 0.011263,
 150, 0.571530, 0.011181,
 151, 0.572120, 0.010038,
 152, 0.571250, 0.010766,
 153, 0.572060, 0.010864,
 154, 0.570310, 0.010284,
 155, 0.570580, 0.010717,
 156, 0.570780, 0.009898,
 157, 0.571600, 0.009502,
 158, 0.571130, 0.010198,
 159, 0.570690, 0.010145,
 160, 0.571660, 0.010646,
 161, 0.570680, 0.010205,
 162, 0.569950, 0.009798,
 163, 0.572150, 0.011059,
 164, 0.570930, 0.010950,
 165, 0.570990, 0.011048,
 166, 0.571270, 0.009991,
 167, 0.569880, 0.010707,
 168, 0.571030, 0.011302,
 169, 0.570670, 0.011222,
 170, 0.571200, 0.011669,
 171, 0.571560, 0.010634,
 172, 0.570470, 0.010061,
 173, 0.569830, 0.011853,
 174, 0.570850, 0.010670,
 175, 0.570330, 0.010642,
 176, 0.571190, 0.010568,
 177, 0.570160, 0.010750,
 178, 0.571170, 0.011307,
 179, 0.570900, 0.010677,
 180, 0.571400, 0.010656,
 181, 0.571180, 0.010549,
 182, 0.570450, 0.009890,
 183, 0.570010, 0.010009,
 184, 0.570380, 0.010618,
 185, 0.570950, 0.010719,
 186, 0.570500, 0.010329,
 187, 0.571080, 0.011477,
 188, 0.570050, 0.010551,
 189, 0.569790, 0.010429,
 190, 0.570430, 0.010975,
 191, 0.569780, 0.010783,
 192, 0.570450, 0.010705,
 193, 0.569950, 0.010306,
 194, 0.570910, 0.011167,
 195, 0.570210, 0.010341,
 196, 0.569400, 0.009666,
 197, 0.569510, 0.011345,
 198, 0.569450, 0.010720,
 199, 0.570370, 0.010774,
 200, 0.571120, 0.010606,
 201, 0.569810, 0.010506,
 202, 0.570500, 0.009732,
 203, 0.569630, 0.010673,
 204, 0.569990, 0.010227,
 205, 0.569290, 0.010977,
 206, 0.570730, 0.010310,
 207, 0.569920, 0.010842,
 208, 0.569250, 0.009558,
 209, 0.570000, 0.010458,
 210, 0.570320, 0.010943,
 211, 0.570410, 0.010641,
 212, 0.569950, 0.010676,
 213, 0.570270, 0.010808,
 214, 0.569000, 0.010545,
 215, 0.569540, 0.010981,
 216, 0.569470, 0.010512,
 217, 0.569830, 0.010401,
 218, 0.569590, 0.010923,
 219, 0.569610, 0.011126,
 220, 0.570350, 0.010954,
 221, 0.569220, 0.010883,
 222, 0.569740, 0.010824,
 223, 0.569410, 0.010107,
 224, 0.569870, 0.010602,
 225, 0.569530, 0.010817,
 226, 0.570320, 0.011599,
 227, 0.569560, 0.010834,
 228, 0.569500, 0.010133,
 229, 0.568230, 0.010471,
 230, 0.569070, 0.010806,
 231, 0.570030, 0.010692,
 232, 0.569480, 0.010927,
 233, 0.570530, 0.010176,
 234, 0.569010, 0.010078,
 235, 0.569940, 0.011296,
 236, 0.569040, 0.011015,
 237, 0.569430, 0.010275,
 238, 0.569550, 0.011205,
 239, 0.568600, 0.010716,
 240, 0.570460, 0.010513,
 241, 0.569820, 0.010508,
 242, 0.569010, 0.010569,
 243, 0.568970, 0.010064,
 244, 0.569200, 0.010769,
 245, 0.570350, 0.011603,
 246, 0.568590, 0.010185,
 247, 0.568320, 0.011634,
 248, 0.569350, 0.009646,
 249, 0.569360, 0.010587,
 250, 0.568390, 0.011289,
 251, 0.568750, 0.011448,
 252, 0.569020, 0.010714,
 253, 0.569480, 0.010015,
 254, 0.567960, 0.010430,
 255, 0.568630, 0.010410,
 256, 0.569700, 0.010978,
 257, 0.569010, 0.011403,
 258, 0.568700, 0.009708,
 259, 0.569010, 0.011207,
 260, 0.568300, 0.011266,
 261, 0.569310, 0.010876,
 262, 0.569690, 0.011479,
 263, 0.568260, 0.009636,
 264, 0.568200, 0.010659,
 265, 0.568490, 0.010374,
 266, 0.569480, 0.011157,
 267, 0.568800, 0.011655,
 268, 0.569400, 0.010196,
 269, 0.568950, 0.010669,
 270, 0.568340, 0.011336,
 271, 0.568680, 0.010641,
 272, 0.568850, 0.010639,
 273, 0.568630, 0.009913,
 274, 0.568030, 0.010777,
 275, 0.568260, 0.011020,
 276, 0.568080, 0.011836,
 277, 0.568560, 0.010092,
 278, 0.568620, 0.010622,
 279, 0.567910, 0.010901,
 280, 0.568170, 0.011067,
 281, 0.568530, 0.011948,
 282, 0.568800, 0.010541,
 283, 0.568550, 0.010053,
 284, 0.568270, 0.011248,
 285, 0.568150, 0.010034,
 286, 0.568300, 0.011436,
 287, 0.568440, 0.010170,
 288, 0.568110, 0.011008,
 289, 0.568630, 0.010679,
 290, 0.568130, 0.011050,
 291, 0.567400, 0.010620,
 292, 0.567450, 0.011182,
 293, 0.568620, 0.010924,
 294, 0.568090, 0.010389,
 295, 0.567350, 0.010509,
 296, 0.567700, 0.011652,
 297, 0.567490, 0.011463,
 298, 0.568140, 0.011404,
 299, 0.568410, 0.010799,
 300, 0.567460, 0.010422,
 301, 0.568430, 0.011021,
 302, 0.567750, 0.010809,
 303, 0.567550, 0.011576,
 304, 0.568740, 0.011357,
 305, 0.567990, 0.010314,
 306, 0.567770, 0.010908,
 307, 0.567200, 0.010272,
 308, 0.568230, 0.009647,
 309, 0.566510, 0.010222,
 310, 0.568950, 0.011455,
 311, 0.568310, 0.011576,
 312, 0.567750, 0.010165,
 313, 0.567610, 0.011524,
 314, 0.567350, 0.009930,
 315, 0.568080, 0.010061,
 316, 0.567920, 0.010834,
 317, 0.567610, 0.010918,
 318, 0.567470, 0.010875,
 319, 0.567470, 0.011196,
 320, 0.567210, 0.009830,
 321, 0.568130, 0.011737,
 322, 0.567960, 0.009958,
 323, 0.567610, 0.011253,
 324, 0.567820, 0.010464,
 325, 0.567520, 0.010092,
 326, 0.567650, 0.010852,
 327, 0.568250, 0.010867,
 328, 0.567620, 0.011194,
 329, 0.567750, 0.011164,
 330, 0.567090, 0.010200,
 331, 0.566770, 0.011433,
 332, 0.567690, 0.010541,
 333, 0.567180, 0.010572,
 334, 0.568170, 0.010720,
 335, 0.567260, 0.011245,
 336, 0.567270, 0.010745,
 337, 0.567470, 0.010251,
 338, 0.567450, 0.011117,
 339, 0.567220, 0.010749,
 340, 0.567780, 0.010510,
 341, 0.567180, 0.010936,
 342, 0.567260, 0.011729,
 343, 0.567430, 0.011138,
 344, 0.567200, 0.011757,
 345, 0.567090, 0.010737,
 346, 0.568290, 0.011591,
 347, 0.567870, 0.012368,
 348, 0.567590, 0.010919,
 349, 0.567230, 0.010181,
 350, 0.568220, 0.010300,
 351, 0.566910, 0.010697,
 352, 0.566790, 0.010164,
 353, 0.567420, 0.010645,
 354, 0.566600, 0.010654,
 355, 0.566700, 0.010275,
 356, 0.566740, 0.011141,
 357, 0.566740, 0.010742,
 358, 0.567210, 0.011406,
 359, 0.567250, 0.011192,
 360, 0.566470, 0.010066,
 361, 0.566700, 0.011672,
 362, 0.567160, 0.011177,
 363, 0.566450, 0.011526,
 364, 0.566680, 0.011448,
 365, 0.566820, 0.010744,
 366, 0.567090, 0.011058,
 367, 0.566000, 0.010283,
 368, 0.566610, 0.011624,
 369, 0.566370, 0.011234,
 370, 0.567470, 0.010730,
 371, 0.565600, 0.010678,
 372, 0.566280, 0.010972,
 373, 0.567230, 0.011293,
 374, 0.565430, 0.012060,
 375, 0.566490, 0.010690,
 376, 0.565860, 0.011233,
 377, 0.565770, 0.011403,
 378, 0.565920, 0.011343,
 379, 0.566250, 0.010672,
 380, 0.566490, 0.010568,
 381, 0.566580, 0.011218,
 382, 0.566230, 0.011061,
 383, 0.565610, 0.011269,
 384, 0.566630, 0.010482,
 385, 0.566810, 0.010672,
 386, 0.565880, 0.010851,
 387, 0.567020, 0.010540,
 388, 0.566550, 0.011561,
 389, 0.566030, 0.011309,
 390, 0.566090, 0.011381,
 391, 0.566330, 0.011060,
 392, 0.565380, 0.011207,
 393, 0.566540, 0.011504,
 394, 0.566740, 0.010842,
 395, 0.565700, 0.010906,
 396, 0.567220, 0.010372,
 397, 0.566920, 0.011056,
 398, 0.565940, 0.010889,
 399, 0.566630, 0.010423,
 400, 0.566970, 0.012265,
 401, 0.566700, 0.010332,
 402, 0.566180, 0.011583,
 403, 0.566250, 0.010470,
 404, 0.566570, 0.011410,
 405, 0.566590, 0.010805,
 406, 0.566150, 0.009866,
 407, 0.565940, 0.010775,
 408, 0.566800, 0.010900,
 409, 0.565070, 0.011215,
 410, 0.565080, 0.010784,
 411, 0.566190, 0.010021,
 412, 0.566230, 0.010398,
 413, 0.565370, 0.010728,
 414, 0.565650, 0.011184,
 415, 0.565350, 0.011588,
 416, 0.566000, 0.010036,
 417, 0.565890, 0.011309,
 418, 0.566130, 0.011512,
 419, 0.565910, 0.010910,
 420, 0.565310, 0.010681,
 421, 0.565550, 0.010368,
 422, 0.566040, 0.011852,
 423, 0.565800, 0.011264,
 424, 0.566020, 0.010841,
 425, 0.565920, 0.010574,
 426, 0.565500, 0.011304,
 427, 0.564400, 0.010995,
 428, 0.564890, 0.011403,
 429, 0.565930, 0.010176,
 430, 0.564960, 0.010260,
 431, 0.565170, 0.009866,
 432, 0.565280, 0.010174,
 433, 0.565750, 0.011316,
 434, 0.564500, 0.012132,
 435, 0.564940, 0.010628,
 436, 0.564820, 0.011026,
 437, 0.565540, 0.010346,
 438, 0.565530, 0.011499,
 439, 0.565610, 0.011004,
 440, 0.565240, 0.010822,
 441, 0.565770, 0.010472,
 442, 0.565630, 0.011173,
 443, 0.565570, 0.011588,
 444, 0.566150, 0.010534,
 445, 0.564680, 0.011341,
 446, 0.565250, 0.010533,
 447, 0.564700, 0.010947,
 448, 0.564910, 0.011101,
 449, 0.565430, 0.011031,
 450, 0.564180, 0.011277,
 451, 0.565390, 0.011598,
 452, 0.565030, 0.010959,
 453, 0.564120, 0.011238,
 454, 0.565040, 0.011188,
 455, 0.564640, 0.010094,
 456, 0.565450, 0.010904,
 457, 0.564470, 0.010748,
 458, 0.564190, 0.011841,
 459, 0.564830, 0.010719,
 460, 0.563710, 0.010160,
 461, 0.565170, 0.011096,
 462, 0.563700, 0.010815,
 463, 0.564840, 0.011193,
 464, 0.565060, 0.011025,
 465, 0.563890, 0.011069,
 466, 0.564540, 0.011399,
 467, 0.565000, 0.010286,
 468, 0.565120, 0.009359,
 469, 0.564860, 0.010624,
 470, 0.564970, 0.011285,
 471, 0.564190, 0.010819,
 472, 0.565140, 0.011163,
 473, 0.563980, 0.010723,
 474, 0.564040, 0.011259,
 475, 0.564890, 0.010664,
 476, 0.564370, 0.012403,
 477, 0.564160, 0.010998,
 478, 0.564070, 0.010996,
 479, 0.564070, 0.011339,
 480, 0.564250, 0.010546,
 481, 0.564880, 0.010913,
 482, 0.564840, 0.010979,
 483, 0.563630, 0.010284,
 484, 0.564310, 0.011227,
 485, 0.563680, 0.010828,
 486, 0.564200, 0.010904,
 487, 0.564220, 0.011233,
 488, 0.564190, 0.010755,
 489, 0.563960, 0.011192,
 490, 0.564160, 0.010778,
 491, 0.564980, 0.012110,
 492, 0.563120, 0.011250,
 493, 0.564020, 0.010172,
 494, 0.563950, 0.011157,
 495, 0.563750, 0.011463,
 496, 0.564300, 0.011617,
 497, 0.564250, 0.010898,
 498, 0.564200, 0.010458,
 499, 0.563760, 0.011187,
 500, 0.564400, 0.010825,
 501, 0.564550, 0.011420,
 502, 0.563400, 0.010462,
 503, 0.563670, 0.010345,
 504, 0.563390, 0.012047,
 505, 0.564290, 0.010535,
 506, 0.564850, 0.011386,
 507, 0.563930, 0.011533,
 508, 0.563870, 0.010656,
 509, 0.563890, 0.011246,
 510, 0.564780, 0.010913,
 511, 0.563610, 0.011391,
 512, 0.564170, 0.011384,
 513, 0.564500, 0.010987,
 514, 0.563980, 0.010958,
 515, 0.564350, 0.011777,
 516, 0.564500, 0.010799,
 517, 0.563380, 0.011314,
 518, 0.563480, 0.010760,
 519, 0.563710, 0.011570,
 520, 0.563890, 0.010857,
 521, 0.563540, 0.012286,
 522, 0.564190, 0.011328,
 523, 0.563320, 0.011542,
 524, 0.564110, 0.011320,
 525, 0.564280, 0.010103,
 526, 0.564060, 0.011112,
 527, 0.564100, 0.011334,
 528, 0.562940, 0.011042,
 529, 0.564080, 0.011595,
 530, 0.563420, 0.011323,
 531, 0.563980, 0.011716,
 532, 0.563490, 0.010971,
 533, 0.562250, 0.010710,
 534, 0.563250, 0.011287,
 535, 0.563270, 0.011099,
 536, 0.563540, 0.011206,
 537, 0.563890, 0.010883,
 538, 0.562630, 0.011157,
 539, 0.563920, 0.010695,
 540, 0.563250, 0.010367,
 541, 0.563770, 0.012381,
 542, 0.563290, 0.011012,
 543, 0.564160, 0.010081,
 544, 0.563220, 0.011146,
 545, 0.563120, 0.010991,
 546, 0.563060, 0.010829,
 547, 0.562740, 0.011550,
 548, 0.563900, 0.011278,
 549, 0.564580, 0.011133,
 550, 0.563330, 0.011303,
 551, 0.564240, 0.011852,
 552, 0.563250, 0.010563,
 553, 0.563050, 0.010420,
 554, 0.563860, 0.011443,
 555, 0.562620, 0.010791,
 556, 0.563400, 0.011495,
 557, 0.562790, 0.011255,
 558, 0.563540, 0.010872,
 559, 0.563920, 0.010165,
 560, 0.563100, 0.010825,
 561, 0.562960, 0.011283,
 562, 0.562940, 0.011481,
 563, 0.563370, 0.010854,
 564, 0.563050, 0.010692,
 565, 0.563430, 0.010972,
 566, 0.562790, 0.011168,
 567, 0.562950, 0.010611,
 568, 0.563140, 0.010196,
 569, 0.562100, 0.011204,
 570, 0.563490, 0.010620,
 571, 0.562750, 0.011159,
 572, 0.562770, 0.011058,
 573, 0.611560, 0.495038,
 574, 0.562970, 0.010986,
 575, 0.562180, 0.011224,
 576, 0.562660, 0.011399,
 577, 0.562530, 0.011045,
 578, 0.563580, 0.011678,
 579, 0.563550, 0.009716,
 580, 0.562230, 0.011217,
 581, 0.562410, 0.010505,
 582, 0.562570, 0.011772,
 583, 0.561850, 0.011240,
 584, 0.562920, 0.010740,
 585, 0.562910, 0.012010,
 586, 0.562760, 0.010784,
 587, 0.562280, 0.011136,
 588, 0.562620, 0.011349,
 589, 0.562970, 0.009800,
 590, 0.561140, 0.011071,
 591, 0.562270, 0.011237,
 592, 0.562730, 0.011143,
 593, 0.562830, 0.010152,
 594, 0.562850, 0.010971,
 595, 0.561300, 0.011428,
 596, 0.561340, 0.011325,
 597, 0.563390, 0.011580,
 598, 0.562190, 0.011365,
 599, 0.562080, 0.010508,
 600, 0.562270, 0.010129,
 601, 0.562880, 0.011515,
 602, 0.561060, 0.011513,
 603, 0.561650, 0.011074,
 604, 0.562110, 0.011337,
 605, 0.562570, 0.011038,
 606, 0.562210, 0.011923,
 607, 0.562750, 0.011311,
 608, 0.561420, 0.011072,
 609, 0.561450, 0.010835,
 610, 0.562410, 0.011104,
 611, 0.561800, 0.010607,
 612, 0.561940, 0.011710,
 613, 0.562290, 0.010470,
 614, 0.562370, 0.011343,
 615, 0.562230, 0.011164,
 616, 0.561580, 0.011156,
 617, 0.562150, 0.011636,
 618, 0.561240, 0.011294,
 619, 0.561850, 0.010659,
 620, 0.562500, 0.010384,
 621, 0.562440, 0.011031,
 622, 0.562800, 0.010383,
 623, 0.561020, 0.010328,
 624, 0.561790, 0.010876,
 625, 0.562430, 0.011150,
 626, 0.561450, 0.011011,
 627, 0.561210, 0.011198,
 628, 0.561460, 0.011337,
 629, 0.560750, 0.011624,
 630, 0.561580, 0.010866,
 631, 0.561060, 0.011176,
 632, 0.562850, 0.011763,
 633, 0.561420, 0.011371,
 634, 0.560940, 0.010627,
 635, 0.561900, 0.012059,
 636, 0.561260, 0.010902,
 637, 0.560890, 0.011745,
 638, 0.561660, 0.011263,
 639, 0.561400, 0.011204,
 640, 0.561010, 0.011675,
 641, 0.561180, 0.010947,
 642, 0.562180, 0.010725,
 643, 0.561310, 0.011408,
 644, 0.561890, 0.011062,
 645, 0.560620, 0.011062,
 646, 0.560700, 0.011289,
 647, 0.561680, 0.011389,
 648, 0.561130, 0.010621,
 649, 0.562170, 0.011081,
 650, 0.560510, 0.011038,
 651, 0.561370, 0.010839,
 652, 0.560900, 0.011439,
 653, 0.561080, 0.011517,
 654, 0.561780, 0.011439,
 655, 0.560680, 0.011645,
 656, 0.561480, 0.010897,
 657, 0.561910, 0.010740,
 658, 0.561210, 0.010501,
 659, 0.561010, 0.012395,
 660, 0.560630, 0.011823,
 661, 0.561030, 0.011223,
 662, 0.561080, 0.011542,
 663, 0.561250, 0.011338,
 664, 0.560520, 0.010790,
 665, 0.560960, 0.011415,
 666, 0.561250, 0.010633,
 667, 0.560960, 0.011670,
 668, 0.560490, 0.011404,
 669, 0.560780, 0.010964,
 670, 0.560950, 0.011518,
 671, 0.562230, 0.011161,
 672, 0.561370, 0.011009,
 673, 0.560810, 0.011618,
 674, 0.561390, 0.011635,
 675, 0.561030, 0.011240,
 676, 0.561640, 0.010749,
 677, 0.560620, 0.011529,
 678, 0.560560, 0.011125,
 679, 0.560810, 0.011092,
 680, 0.560830, 0.010975,
 681, 0.561110, 0.010659,
 682, 0.560870, 0.011294,
 683, 0.560430, 0.010325,
 684, 0.560780, 0.011529,
 685, 0.560050, 0.011356,
 686, 0.560990, 0.011105,
 687, 0.561300, 0.011428,
 688, 0.560340, 0.011689,
 689, 0.561350, 0.011812,
 690, 0.561190, 0.011222,
 691, 0.561790, 0.010842,
 692, 0.560810, 0.011493,
 693, 0.559520, 0.011113,
 694, 0.560910, 0.011894,
 695, 0.560070, 0.010997,
 696, 0.560550, 0.011518,
 697, 0.560540, 0.010286,
 698, 0.560100, 0.010542,
 699, 0.560390, 0.010827,
 700, 0.559970, 0.011818,
 701, 0.560630, 0.010402,
 702, 0.560550, 0.010921,
 703, 0.560230, 0.011211,
 704, 0.560500, 0.011564,
 705, 0.560190, 0.011848,
 706, 0.560340, 0.011193,
 707, 0.559860, 0.011393,
 708, 0.560080, 0.012028,
 709, 0.559890, 0.011322,
 710, 0.560610, 0.011868,
 711, 0.560560, 0.011516,
 712, 0.560830, 0.011104,
 713, 0.560690, 0.011302,
 714, 0.559710, 0.011592,
 715, 0.560920, 0.011676,
 716, 0.560500, 0.011286,
 717, 0.561090, 0.010785,
 718, 0.560580, 0.011373,
 719, 0.560660, 0.011454,
 720, 0.560080, 0.011481,
 721, 0.559860, 0.011009,
 722, 0.560060, 0.010647,
 723, 0.560110, 0.010148,
 724, 0.560420, 0.011794,
 725, 0.559980, 0.011446,
 726, 0.560200, 0.011709,
 727, 0.559910, 0.010453,
 728, 0.559440, 0.011169,
 729, 0.560750, 0.011854,
 730, 0.559640, 0.010978,
 731, 0.559650, 0.011182,
 732, 0.560190, 0.011704,
 733, 0.560600, 0.010856,
 734, 0.560590, 0.011306,
 735, 0.559710, 0.010968,
 736, 0.559830, 0.012027,
 737, 0.560230, 0.011838,
 738, 0.558830, 0.011689,
 739, 0.559390, 0.011202,
 740, 0.559600, 0.011875,
 741, 0.559260, 0.011779,
 742, 0.559760, 0.010467,
 743, 0.559970, 0.011215,
 744, 0.560450, 0.011926,
 745, 0.559970, 0.012238,
 746, 0.558670, 0.011998,
 747, 0.560040, 0.010842,
 748, 0.560420, 0.011344,
 749, 0.559710, 0.011683,
 750, 0.559040, 0.012338,
 751, 0.559490, 0.011789,
 752, 0.560030, 0.011703,
 753, 0.559340, 0.011661,
 754, 0.558810, 0.011582,
 755, 0.559930, 0.011973,
 756, 0.558870, 0.012263,
 757, 0.559760, 0.010413,
 758, 0.558960, 0.011001,
 759, 0.559340, 0.011071,
 760, 0.560240, 0.012171,
 761, 0.559500, 0.011586,
 762, 0.558980, 0.011490,
 763, 0.559790, 0.011218,
 764, 0.559280, 0.011781,
 765, 0.559850, 0.011263,
 766, 0.559370, 0.011278,
 767, 0.558580, 0.011906,
 768, 0.560650, 0.011025,
 769, 0.558320, 0.011542,
 770, 0.559530, 0.011483,
 771, 0.559320, 0.011813,
 772, 0.559520, 0.011527,
 773, 0.559140, 0.012185,
 774, 0.558420, 0.011740,
 775, 0.559330, 0.011368,
 776, 0.559670, 0.010787,
 777, 0.558300, 0.011231,
 778, 0.559360, 0.011687,
 779, 0.558900, 0.010860,
 780, 0.558960, 0.010980,
 781, 0.558750, 0.011131,
 782, 0.558890, 0.011472,
 783, 0.559630, 0.011621,
 784, 0.559210, 0.011162,
 785, 0.558770, 0.011458,
 786, 0.559710, 0.010360,
 787, 0.558280, 0.012649,
 788, 0.558500, 0.010794,
 789, 0.558040, 0.010631,
 790, 0.558840, 0.011293,
 791, 0.558470, 0.011329,
 792, 0.558810, 0.011285,
 793, 0.559200, 0.011456,
 794, 0.560170, 0.011658,
 795, 0.558520, 0.011449,
 796, 0.557470, 0.011188,
 797, 0.558780, 0.011512,
 798, 0.558570, 0.011868,
 799, 0.558510, 0.011013,
 800, 0.558180, 0.011682,
 801, 0.558750, 0.011038,
 802, 0.558250, 0.012233,
 803, 0.558530, 0.011714,
 804, 0.558530, 0.010930,
 805, 0.558670, 0.011130,
 806, 0.558420, 0.011478,
 807, 0.558870, 0.011955,
 808, 0.558590, 0.011653,
 809, 0.558960, 0.010057,
 810, 0.558320, 0.012028,
 811, 0.558010, 0.011385,
 812, 0.557660, 0.010790,
 813, 0.558140, 0.011142,
 814, 0.557810, 0.010947,
 815, 0.558800, 0.011746,
 816, 0.558610, 0.011284,
 817, 0.558240, 0.012268,
 818, 0.558140, 0.012362,
 819, 0.558330, 0.010296,
 820, 0.557540, 0.011058,
 821, 0.558540, 0.011360,
 822, 0.558250, 0.011685,
 823, 0.558360, 0.012048,
 824, 0.558390, 0.009965,
 825, 0.558180, 0.010680,
 826, 0.558190, 0.011807,
 827, 0.558500, 0.011216,
 828, 0.557980, 0.011841,
 829, 0.558110, 0.010579,
 830, 0.557490, 0.012236,
 831, 0.558910, 0.011320,
 832, 0.557980, 0.011217,
 833, 0.557770, 0.012113,
 834, 0.557440, 0.011004,
 835, 0.557040, 0.011989,
 836, 0.557410, 0.011468,
 837, 0.558880, 0.011719,
 838, 0.557960, 0.012081,
 839, 0.558190, 0.012066,
 840, 0.557700, 0.011868,
 841, 0.558780, 0.010805,
 842, 0.559130, 0.012255,
 843, 0.558400, 0.011095,
 844, 0.558450, 0.011559,
 845, 0.559110, 0.010990,
 846, 0.558240, 0.012611,
 847, 0.557780, 0.010665,
 848, 0.557890, 0.011448,
 849, 0.558750, 0.011048,
 850, 0.557910, 0.010922,
 851, 0.557230, 0.010955,
 852, 0.557720, 0.011467,
 853, 0.557370, 0.011062,
 854, 0.557700, 0.011214,
 855, 0.557840, 0.010972,
 856, 0.557910, 0.011777,
 857, 0.557910, 0.011501,
 858, 0.558250, 0.011255,
 859, 0.557910, 0.011428,
 860, 0.558310, 0.010869,
 861, 0.556860, 0.011816,
 862, 0.557970, 0.011637,
 863, 0.557460, 0.011605,
 864, 0.557430, 0.010445,
 865, 0.557630, 0.012480,
 866, 0.556980, 0.010975,
 867, 0.557990, 0.011897,
 868, 0.557640, 0.011887,
 869, 0.557750, 0.011291,
 870, 0.557820, 0.011852,
 871, 0.558040, 0.010626,
 872, 0.558380, 0.011488,
 873, 0.557770, 0.010745,
 874, 0.556790, 0.010966,
 875, 0.557850, 0.011422,
 876, 0.556500, 0.010854,
 877, 0.558260, 0.011749,
 878, 0.558120, 0.011658,
 879, 0.556580, 0.011385,
 880, 0.558110, 0.010896,
 881, 0.556740, 0.011288,
 882, 0.558310, 0.012270,
 883, 0.558370, 0.012186,
 884, 0.557470, 0.011393,
 885, 0.557960, 0.011326,
 886, 0.558220, 0.010964,
 887, 0.557980, 0.011450,
 888, 0.556840, 0.011213,
 889, 0.557030, 0.010989,
 890, 0.557090, 0.011856,
 891, 0.557110, 0.011715,
 892, 0.557270, 0.011666,
 893, 0.557540, 0.012449,
 894, 0.556380, 0.011404,
 895, 0.557980, 0.010897,
 896, 0.556540, 0.010809,
 897, 0.558210, 0.011879,
 898, 0.557170, 0.011103,
 899, 0.556300, 0.011449,
 900, 0.557360, 0.011007,
 901, 0.556770, 0.011153,
 902, 0.557780, 0.011846,
 903, 0.557130, 0.011553,
 904, 0.556580, 0.011981,
 905, 0.556830, 0.011233,
 906, 0.556170, 0.011585,
 907, 0.557710, 0.010478,
 908, 0.557070, 0.011701,
 909, 0.556740, 0.011269,
 910, 0.557650, 0.011314,
 911, 0.556820, 0.011642,
 912, 0.557260, 0.012219,
 913, 0.557480, 0.011608,
 914, 0.556910, 0.011301,
 915, 0.557010, 0.011254,
 916, 0.557150, 0.011530,
 917, 0.556850, 0.010955,
 918, 0.557560, 0.012142,
 919, 0.555980, 0.011173,
 920, 0.557070, 0.010435,
 921, 0.556500, 0.010970,
 922, 0.556900, 0.011733,
 923, 0.557900, 0.011926,
 924, 0.557380, 0.011657,
 925, 0.557300, 0.011761,
 926, 0.556090, 0.010355,
 927, 0.555770, 0.011158,
 928, 0.557320, 0.011271,
 929, 0.556230, 0.011089,
 930, 0.556910, 0.011254,
 931, 0.556590, 0.010908,
 932, 0.556000, 0.011486,
 933, 0.556030, 0.011365,
 934, 0.556400, 0.011072,
 935, 0.556300, 0.011470,
 936, 0.557020, 0.011688,
 937, 0.556570, 0.011207,
 938, 0.556410, 0.011795,
 939, 0.556010, 0.011868,
 940, 0.555590, 0.012150,
 941, 0.555940, 0.011285,
 942, 0.556460, 0.011500,
 943, 0.557080, 0.010622,
 944, 0.556000, 0.010437,
 945, 0.555780, 0.011698,
 946, 0.556620, 0.011403,
 947, 0.556220, 0.010777,
 948, 0.556260, 0.011282,
 949, 0.556630, 0.011620,
 950, 0.556760, 0.011266,
 951, 0.556910, 0.011739,
 952, 0.555880, 0.011292,
 953, 0.556760, 0.011186,
 954, 0.555630, 0.011840,
 955, 0.556090, 0.011099,
 956, 0.556800, 0.011929,
 957, 0.555860, 0.011138,
 958, 0.556720, 0.012238,
 959, 0.556000, 0.011976,
 960, 0.556290, 0.011905,
 961, 0.555210, 0.011691,
 962, 0.556210, 0.010886,
 963, 0.555350, 0.011535,
 964, 0.555820, 0.011056,
 965, 0.557210, 0.012107,
 966, 0.554980, 0.011550,
 967, 0.556530, 0.010701,
 968, 0.555310, 0.012057,
 969, 0.556040, 0.011233,
 970, 0.555810, 0.012337,
 971, 0.554830, 0.011886,
 972, 0.556350, 0.011475,
 973, 0.555340, 0.011912,
 974, 0.555670, 0.012074,
 975, 0.556890, 0.011794,
 976, 0.555160, 0.011929,
 977, 0.556050, 0.011588,
 978, 0.555860, 0.011680,
 979, 0.556370, 0.011958,
 980, 0.555980, 0.011167,
 981, 0.556320, 0.011774,
 982, 0.556220, 0.010831,
 983, 0.555660, 0.012077,
 984, 0.554850, 0.011522,
 985, 0.556360, 0.013076,
 986, 0.555490, 0.011557,
 987, 0.555870, 0.010319,
 988, 0.556290, 0.011805,
 989, 0.555460, 0.011371,
 990, 0.556090, 0.010689,
 991, 0.555570, 0.012141,
 992, 0.555260, 0.011623,
 993, 0.556190, 0.012336,
 994, 0.555800, 0.011982,
 995, 0.556230, 0.011783,
 996, 0.556040, 0.010767,
 997, 0.555280, 0.010171,
 998, 0.555580, 0.012397,
 999, 0.554850, 0.011553,
 1000, 0.556290, 0.011731,
 1001, 0.555590, 0.011887,
 1002, 0.554860, 0.011266,
 1003, 0.555940, 0.010887,
 1004, 0.555900, 0.011419,
 1005, 0.556200, 0.012530,
 1006, 0.555740, 0.012271,
 1007, 0.555860, 0.011311,
 1008, 0.556300, 0.011245,
 1009, 0.555500, 0.010925,
 1010, 0.555980, 0.011615,
 1011, 0.555610, 0.011689,
 1012, 0.555980, 0.011786,
 1013, 0.555650, 0.011698,
 1014, 0.554700, 0.012010,
 1015, 0.554970, 0.011643,
 1016, 0.555050, 0.011509,
 1017, 0.554880, 0.010911,
 1018, 0.555550, 0.012045,
 1019, 0.554700, 0.011855,
 1020, 0.554960, 0.012082,
 1021, 0.555270, 0.011601,
 1022, 0.554560, 0.011666,
 1023, 0.555910, 0.010852,
 1024, 0.555190, 0.010754,
 1025, 0.555420, 0.012062,
 1026, 0.555330, 0.011483,
 1027, 0.554190, 0.011787,
 1028, 0.554440, 0.011310,
 1029, 0.554920, 0.011082,
 1030, 0.555430, 0.011809,
 1031, 0.555120, 0.011867,
 1032, 0.555380, 0.011784,
 1033, 0.556190, 0.011929,
 1034, 0.554920, 0.011223,
 1035, 0.555040, 0.011817,
 1036, 0.554980, 0.011149,
 1037, 0.555260, 0.010883,
 1038, 0.555110, 0.012032,
 1039, 0.555680, 0.011399,
 1040, 0.555710, 0.011642,
 1041, 0.553870, 0.012053,
 1042, 0.554810, 0.012075,
 1043, 0.555330, 0.011335,
 1044, 0.554550, 0.012141,
 1045, 0.554410, 0.012524,
 1046, 0.555320, 0.012555,
 1047, 0.554780, 0.011537,
 1048, 0.554900, 0.011425,
 1049, 0.554680, 0.011904,
 1050, 0.554290, 0.011370,
 1051, 0.555160, 0.012027,
 1052, 0.553960, 0.011574,
 1053, 0.554680, 0.011510,
 1054, 0.555010, 0.010945,
 1055, 0.554780, 0.011171,
 1056, 0.554870, 0.011259,
 1057, 0.554200, 0.011959,
 1058, 0.555050, 0.010504,
 1059, 0.553580, 0.011676,
 1060, 0.555030, 0.011467,
 1061, 0.555150, 0.012664,
 1062, 0.554160, 0.011969,
 1063, 0.554690, 0.011663,
 1064, 0.554280, 0.013327,
 1065, 0.555310, 0.013292,
 1066, 0.555000, 0.012899,
 1067, 0.555560, 0.011362,
 1068, 0.555630, 0.011382,
 1069, 0.554600, 0.011786,
 1070, 0.554750, 0.012471,
 1071, 0.555170, 0.012052,
 1072, 0.554280, 0.011836,
 1073, 0.554810, 0.011674,
 1074, 0.553970, 0.011785,
 1075, 0.554280, 0.011478,
 1076, 0.555100, 0.011721,
 1077, 0.554290, 0.010954,
 1078, 0.554250, 0.012127,
 1079, 0.554960, 0.011328,
 1080, 0.553900, 0.012199,
 1081, 0.555270, 0.012376,
 1082, 0.554140, 0.012084,
 1083, 0.554860, 0.012288,
 1084, 0.554390, 0.011061,
 1085, 0.554400, 0.011806,
 1086, 0.554110, 0.011705,
 1087, 0.553580, 0.012540,
 1088, 0.554190, 0.011940,
 1089, 0.554110, 0.011962,
 1090, 0.553960, 0.011965,
 1091, 0.553810, 0.011480,
 1092, 0.554310, 0.011537,
 1093, 0.553460, 0.011148,
 1094, 0.554140, 0.011755,
 1095, 0.554120, 0.011540,
 1096, 0.554030, 0.011968,
 1097, 0.554290, 0.012347,
 1098, 0.553790, 0.010888,
 1099, 0.553150, 0.012112,
 1100, 0.554440, 0.011338,
 1101, 0.554690, 0.010865,
 1102, 0.554000, 0.011539,
 1103, 0.553380, 0.012041,
 1104, 0.553370, 0.011098,
 1105, 0.553860, 0.011502,
 1106, 0.554220, 0.011945,
 1107, 0.553580, 0.011359,
 1108, 0.553720, 0.012597,
 1109, 0.553720, 0.012365,
 1110, 0.553690, 0.011326,
 1111, 0.553990, 0.011584,
 1112, 0.553730, 0.011113,
 1113, 0.554170, 0.011446,
 1114, 0.553220, 0.011935,
 1115, 0.553640, 0.010474,
 1116, 0.554220, 0.011907,
 1117, 0.553870, 0.011779,
 1118, 0.554160, 0.011492,
 1119, 0.553330, 0.012381,
 1120, 0.554430, 0.011272,
 1121, 0.553580, 0.011412,
 1122, 0.553370, 0.012033,
 1123, 0.553860, 0.012120,
 1124, 0.552620, 0.011912,
 1125, 0.552990, 0.011483,
 1126, 0.553940, 0.012426,
 1127, 0.553160, 0.011554,
 1128, 0.553480, 0.012026,
 1129, 0.552990, 0.011467,
 1130, 0.553100, 0.011718,
 1131, 0.553330, 0.011635,
 1132, 0.552860, 0.011550,
 1133, 0.553160, 0.011961,
 1134, 0.553380, 0.011818,
 1135, 0.553890, 0.011152,
 1136, 0.553450, 0.011839,
 1137, 0.553330, 0.012309,
 1138, 0.553350, 0.011746,
 1139, 0.553120, 0.012283,
 1140, 0.554400, 0.010591,
 1141, 0.553020, 0.011682,
 1142, 0.554130, 0.011284,
 1143, 0.553220, 0.012245,
 1144, 0.553090, 0.012570,
 1145, 0.553000, 0.011064,
 1146, 0.552750, 0.012431,
 1147, 0.552340, 0.011308,
 1148, 0.553760, 0.011790,
 1149, 0.552530, 0.011509,
 1150, 0.553250, 0.010900,
 1151, 0.552690, 0.011601,
 1152, 0.552700, 0.011824,
 1153, 0.553370, 0.012399,
 1154, 0.552600, 0.011134,
 1155, 0.552330, 0.010855,
 1156, 0.553480, 0.010980,
 1157, 0.553550, 0.011342,
 1158, 0.553070, 0.011793,
 1159, 0.552230, 0.011604,
 1160, 0.552180, 0.011799,
 1161, 0.552420, 0.011819,
 1162, 0.552430, 0.011613,
 1163, 0.553030, 0.011926,
 1164, 0.553490, 0.012001,
 1165, 0.552730, 0.012228,
 1166, 0.553240, 0.011875,
 1167, 0.552550, 0.011987,
 1168, 0.553220, 0.011733,
 1169, 0.552790, 0.011209,
 1170, 0.553270, 0.010984,
 1171, 0.552770, 0.012766,
 1172, 0.551870, 0.011523,
 1173, 0.552280, 0.011954,
 1174, 0.553260, 0.012074,
 1175, 0.552780, 0.011584,
 1176, 0.552800, 0.012147,
 1177, 0.552660, 0.011648,
 1178, 0.552830, 0.011619,
 1179, 0.552400, 0.012309,
 1180, 0.553050, 0.011292,
 1181, 0.552560, 0.011656,
 1182, 0.552040, 0.011798,
 1183, 0.553220, 0.011685,
 1184, 0.552790, 0.011776,
 1185, 0.553150, 0.011363,
 1186, 0.554090, 0.012323,
 1187, 0.552020, 0.012148,
 1188, 0.552310, 0.012766,
 1189, 0.552360, 0.011860,
 1190, 0.552140, 0.011318,
 1191, 0.552480, 0.011173,
 1192, 0.551840, 0.011426,
 1193, 0.552710, 0.012425,
 1194, 0.553020, 0.011070,
 1195, 0.551870, 0.012164,
 1196, 0.552840, 0.011991,
 1197, 0.552250, 0.011348,
 1198, 0.551470, 0.011660,
 1199, 0.552350, 0.011509,
 1200, 0.551920, 0.011727,
 1201, 0.552150, 0.011590,
 1202, 0.551580, 0.011526,
 1203, 0.552390, 0.012156,
 1204, 0.553080, 0.011698,
 1205, 0.551490, 0.012237,
 1206, 0.551990, 0.011090,
 1207, 0.551930, 0.012038,
 1208, 0.552700, 0.011684,
 1209, 0.552510, 0.012482,
 1210, 0.552380, 0.012394,
 1211, 0.552310, 0.011884,
 1212, 0.552570, 0.012213,
 1213, 0.552220, 0.011918,
 1214, 0.552650, 0.012436,
 1215, 0.552110, 0.011513,
 1216, 0.551620, 0.011792,
 1217, 0.551460, 0.011148,
 1218, 0.551670, 0.011998,
 1219, 0.552380, 0.012320,
 1220, 0.551780, 0.011780,
 1221, 0.552160, 0.011889,
 1222, 0.552210, 0.011224,
 1223, 0.551680, 0.011552,
 1224, 0.551380, 0.012081,
 1225, 0.550600, 0.011412,
 1226, 0.552440, 0.012031,
 1227, 0.552650, 0.011593,
 1228, 0.552340, 0.011530,
 1229, 0.551990, 0.012445,
 1230, 0.551610, 0.011232,
 1231, 0.552130, 0.011802,
 1232, 0.551530, 0.012172,
 1233, 0.552100, 0.011145,
 1234, 0.552580, 0.011929,
 1235, 0.551600, 0.012127,
 1236, 0.551970, 0.011800,
 1237, 0.552020, 0.011618,
 1238, 0.551630, 0.012065,
 1239, 0.552040, 0.012751,
 1240, 0.551280, 0.012509,
 1241, 0.552030, 0.011707,
 1242, 0.551920, 0.011600,
 1243, 0.551720, 0.011729,
 1244, 0.552240, 0.011916,
 1245, 0.551620, 0.011372,
 1246, 0.552380, 0.011084,
 1247, 0.551610, 0.011752,
 1248, 0.551940, 0.011651,
 1249, 0.552300, 0.012020,
 1250, 0.552780, 0.011640,
 1251, 0.552320, 0.011699,
 1252, 0.552010, 0.011673,
 1253, 0.550580, 0.011398,
 1254, 0.552750, 0.011544,
 1255, 0.551190, 0.011568,
 1256, 0.551310, 0.011113,
 1257, 0.551920, 0.010861,
 1258, 0.551250, 0.011696,
 1259, 0.552250, 0.011811,
 1260, 0.552020, 0.011943,
 1261, 0.550420, 0.011707,
 1262, 0.551690, 0.011763,
 1263, 0.551950, 0.011495,
 1264, 0.551210, 0.012620,
 1265, 0.551020, 0.011862,
 1266, 0.552080, 0.011471,
 1267, 0.551540, 0.011547,
 1268, 0.550870, 0.011097,
 1269, 0.551330, 0.011357,
 1270, 0.551370, 0.012029,
 1271, 0.551050, 0.012204,
 1272, 0.551710, 0.011977,
 1273, 0.551170, 0.011546,
 1274, 0.551790, 0.011837,
 1275, 0.550810, 0.012447,
 1276, 0.550410, 0.011529,
 1277, 0.551430, 0.013104,
 1278, 0.551680, 0.011553,
 1279, 0.551280, 0.012124,
 1280, 0.552200, 0.010825,
 1281, 0.551630, 0.012195,
 1282, 0.551410, 0.012202,
 1283, 0.551390, 0.011615,
 1284, 0.550700, 0.012100,
 1285, 0.551290, 0.012173,
 1286, 0.551240, 0.012564,
 1287, 0.551840, 0.011518,
 1288, 0.551030, 0.011147,
 1289, 0.550690, 0.011479,
 1290, 0.550890, 0.011831,
 1291, 0.551950, 0.011955,
 1292, 0.551050, 0.012622,
 1293, 0.551280, 0.012363,
 1294, 0.551440, 0.013328,
 1295, 0.550800, 0.013245,
 1296, 0.552000, 0.013404,
 1297, 0.551310, 0.012413,
 1298, 0.551950, 0.011250,
 1299, 0.551750, 0.012128,
 1300, 0.551090, 0.012022,
 1301, 0.551320, 0.013211,
 1302, 0.550890, 0.011621,
 1303, 0.551770, 0.011909,
 1304, 0.550020, 0.012544,
 1305, 0.550500, 0.011047,
 1306, 0.551770, 0.011433,
 1307, 0.551180, 0.011577,
 1308, 0.551600, 0.011084,
 1309, 0.551500, 0.011897,
 1310, 0.550880, 0.012141,
 1311, 0.551890, 0.012402,
 1312, 0.550880, 0.011974,
 1313, 0.550720, 0.011446,
 1314, 0.551250, 0.011433,
 1315, 0.550400, 0.011770,
 1316, 0.550870, 0.012331,
 1317, 0.550660, 0.012374,
 1318, 0.551300, 0.011463,
 1319, 0.550970, 0.012649,
 1320, 0.550370, 0.011287,
 1321, 0.551430, 0.012095,
 1322, 0.551080, 0.011659,
 1323, 0.549950, 0.011654,
 1324, 0.551640, 0.012319,
 1325, 0.550370, 0.011934,
 1326, 0.550620, 0.011836,
 1327, 0.549920, 0.011926,
 1328, 0.550390, 0.011519,
 1329, 0.552190, 0.012016,
 1330, 0.550380, 0.012495,
 1331, 0.550920, 0.012228,
 1332, 0.550390, 0.012224,
 1333, 0.549520, 0.011519,
 1334, 0.550550, 0.011901,
 1335, 0.549060, 0.010802,
 1336, 0.551160, 0.012007,
 1337, 0.551270, 0.012086,
 1338, 0.549540, 0.010481,
 1339, 0.550040, 0.012251,
 1340, 0.549410, 0.012239,
 1341, 0.550070, 0.012565,
 1342, 0.550820, 0.011612,
 1343, 0.550490, 0.012111,
 1344, 0.550420, 0.010846,
 1345, 0.550200, 0.011355,
 1346, 0.550370, 0.011867,
 1347, 0.550150, 0.011652,
 1348, 0.551010, 0.012095,
 1349, 0.549980, 0.012440,
 1350, 0.550060, 0.011415,
 1351, 0.550400, 0.011992,
 1352, 0.550620, 0.012064,
 1353, 0.549950, 0.011687,
 1354, 0.550130, 0.012228,
 1355, 0.550560, 0.012086,
 1356, 0.549910, 0.012233,
 1357, 0.551000, 0.012110,
 1358, 0.549450, 0.011465,
 1359, 0.550470, 0.011097,
 1360, 0.549000, 0.011611,
 1361, 0.550310, 0.011950,
 1362, 0.550030, 0.011399,
 1363, 0.550060, 0.011764,
 1364, 0.550290, 0.012210,
 1365, 0.549870, 0.011911,
 1366, 0.550570, 0.011575,
 1367, 0.550710, 0.012234,
 1368, 0.550040, 0.012520,
 1369, 0.550780, 0.012055,
 1370, 0.549900, 0.011839,
 1371, 0.549750, 0.011756,
 1372, 0.549880, 0.011949,
 1373, 0.549300, 0.012267,
 1374, 0.550240, 0.012096,
 1375, 0.549550, 0.011471,
 1376, 0.549860, 0.011395,
 1377, 0.549880, 0.011585,
 1378, 0.548880, 0.012062,
 1379, 0.550180, 0.011278,
 1380, 0.550070, 0.012185,
 1381, 0.549590, 0.012174,
 1382, 0.549370, 0.011305,
 1383, 0.548930, 0.011375,
 1384, 0.549540, 0.011171,
 1385, 0.549510, 0.011792,
 1386, 0.550100, 0.012047,
 1387, 0.550410, 0.011682,
 1388, 0.549460, 0.012260,
 1389, 0.550450, 0.011377,
 1390, 0.549040, 0.011379,
 1391, 0.549850, 0.012120,
 1392, 0.549170, 0.012085,
 1393, 0.549320, 0.012008,
 1394, 0.550390, 0.011849,
 1395, 0.549490, 0.012227,
 1396, 0.550200, 0.011296,
 1397, 0.549340, 0.011399,
 1398, 0.549290, 0.011648,
 1399, 0.549110, 0.012582,
 1400, 0.550340, 0.011909,
 1401, 0.549790, 0.012805,
 1402, 0.549230, 0.012165,
 1403, 0.549350, 0.010989,
 1404, 0.550020, 0.011739,
 1405, 0.548900, 0.011888,
 1406, 0.549770, 0.012386,
 1407, 0.549190, 0.011457,
 1408, 0.549760, 0.012841,
 1409, 0.549870, 0.011563,
 1410, 0.549190, 0.011762,
 1411, 0.549860, 0.011644,
 1412, 0.549070, 0.012262,
 1413, 0.549070, 0.012323,
 1414, 0.548650, 0.011688,
 1415, 0.549150, 0.012089,
 1416, 0.549420, 0.012060,
 1417, 0.550500, 0.012179,
 1418, 0.549320, 0.011799,
 1419, 0.549200, 0.012505,
 1420, 0.549170, 0.012360,
 1421, 0.548900, 0.011538,
 1422, 0.549770, 0.012723,
 1423, 0.549340, 0.011894,
 1424, 0.548440, 0.011677,
 1425, 0.549060, 0.012498,
 1426, 0.548870, 0.010701,
 1427, 0.548870, 0.011950,
 1428, 0.549280, 0.011687,
 1429, 0.549100, 0.013042,
 1430, 0.548950, 0.011732,
 1431, 0.549060, 0.011295,
 1432, 0.549290, 0.012075,
 1433, 0.549760, 0.011714,
 1434, 0.548710, 0.011939,
 1435, 0.549810, 0.012271,
 1436, 0.549270, 0.011333,
 1437, 0.548570, 0.012806,
 1438, 0.549080, 0.012006,
 1439, 0.549810, 0.011721,
 1440, 0.549450, 0.011657,
 1441, 0.548270, 0.010643,
 1442, 0.549560, 0.011449,
 1443, 0.548780, 0.012064,
 1444, 0.549160, 0.012560,
 1445, 0.548660, 0.011783,
 1446, 0.549040, 0.011720,
 1447, 0.548750, 0.012668,
 1448, 0.548670, 0.011771,
 1449, 0.549490, 0.012178,
 1450, 0.548720, 0.011921,
 1451, 0.548680, 0.011542,
 1452, 0.548350, 0.011638,
 1453, 0.548480, 0.012123,
 1454, 0.549840, 0.012132,
 1455, 0.548560, 0.012252,
 1456, 0.548370, 0.011273,
 1457, 0.547850, 0.011372,
 1458, 0.548700, 0.012419,
 1459, 0.547760, 0.012633,
 1460, 0.548760, 0.012231,
 1461, 0.548200, 0.011082,
 1462, 0.548250, 0.012038,
 1463, 0.548840, 0.012455,
 1464, 0.548990, 0.012325,
 1465, 0.548350, 0.012709,
 1466, 0.548740, 0.011922,
 1467, 0.548880, 0.012185,
 1468, 0.548910, 0.012496,
 1469, 0.548490, 0.011614,
 1470, 0.548360, 0.012154,
 1471, 0.547910, 0.010686,
 1472, 0.548520, 0.011721,
 1473, 0.547230, 0.011675,
 1474, 0.549300, 0.012506,
 1475, 0.548110, 0.012806,
 1476, 0.548540, 0.011023,
 1477, 0.548230, 0.011458,
 1478, 0.548130, 0.012581,
 1479, 0.549550, 0.011812,
 1480, 0.548800, 0.012548,
 1481, 0.547880, 0.012009,
 1482, 0.548390, 0.011851,
 1483, 0.548550, 0.011441,
 1484, 0.548670, 0.012485,
 1485, 0.548480, 0.011131,
 1486, 0.548780, 0.011509,
 1487, 0.548630, 0.012606,
 1488, 0.547860, 0.011047,
 1489, 0.548240, 0.012305,
 1490, 0.548010, 0.011372,
 1491, 0.547740, 0.011061,
 1492, 0.548800, 0.011864,
 1493, 0.547960, 0.011957,
 1494, 0.547310, 0.012533,
 1495, 0.547710, 0.012460,
 1496, 0.548020, 0.012574,
 1497, 0.548580, 0.011655,
 1498, 0.547450, 0.011989,
 1499, 0.548940, 0.012069,
 1500, 0.547320, 0.012104,
 1501, 0.548640, 0.012176,
 1502, 0.549650, 0.011782,
 1503, 0.548200, 0.012718,
 1504, 0.548040, 0.011416,
 1505, 0.548810, 0.011247,
 1506, 0.547940, 0.011072,
 1507, 0.548740, 0.011739,
 1508, 0.546940, 0.012412,
 1509, 0.547660, 0.013085,
 1510, 0.547980, 0.012255,
 1511, 0.548210, 0.011935,
 1512, 0.548740, 0.011984,
 1513, 0.547610, 0.011422,
 1514, 0.547750, 0.012980,
 1515, 0.548570, 0.012564,
 1516, 0.547450, 0.013290,
 1517, 0.548160, 0.011643,
 1518, 0.548290, 0.011687,
 1519, 0.547930, 0.013103,
 1520, 0.548120, 0.012660,
 1521, 0.547670, 0.013171,
 1522, 0.548050, 0.011820,
 1523, 0.548300, 0.011701,
 1524, 0.547960, 0.011812,
 1525, 0.548070, 0.012201,
 1526, 0.548400, 0.011459,
 1527, 0.547780, 0.011629,
 1528, 0.548210, 0.011346,
 1529, 0.547810, 0.011823,
 1530, 0.547700, 0.013045,
 1531, 0.547940, 0.012549,
 1532, 0.548530, 0.011938,
 1533, 0.547130, 0.011118,
 1534, 0.547760, 0.012301,
 1535, 0.547910, 0.012448,
 1536, 0.548350, 0.012192,
 1537, 0.548120, 0.012035,
 1538, 0.547470, 0.011753,
 1539, 0.547850, 0.011421,
 1540, 0.547860, 0.012251,
 1541, 0.547500, 0.011963,
 1542, 0.548450, 0.011529,
 1543, 0.547330, 0.012722,
 1544, 0.548210, 0.011973,
 1545, 0.548230, 0.012781,
 1546, 0.547450, 0.012020,
 1547, 0.546980, 0.011723,
 1548, 0.547260, 0.011650,
 1549, 0.548290, 0.012388,
 1550, 0.548660, 0.013138,
 1551, 0.547290, 0.011774,
 1552, 0.547710, 0.012252,
 1553, 0.547800, 0.011939,
 1554, 0.547460, 0.011822,
 1555, 0.547210, 0.012374,
 1556, 0.547330, 0.012751,
 1557, 0.546940, 0.011899,
 1558, 0.547090, 0.011527,
 1559, 0.547640, 0.012344,
 1560, 0.547520, 0.011733,
 1561, 0.547310, 0.011453,
 1562, 0.546700, 0.011873,
 1563, 0.547080, 0.011882,
 1564, 0.597720, 0.500588,
 1565, 0.548280, 0.014937,
 1566, 0.547740, 0.013295,
 1567, 0.547780, 0.013545,
 1568, 0.547690, 0.012450,
 1569, 0.547950, 0.012668,
 1570, 0.547450, 0.013183,
 1571, 0.547850, 0.012306,
 1572, 0.546620, 0.012787,
 1573, 0.548210, 0.012447,
 1574, 0.547240, 0.011911,
 1575, 0.547540, 0.013508,
 1576, 0.547880, 0.012495,
 1577, 0.547800, 0.012943,
 1578, 0.547910, 0.011973,
 1579, 0.546440, 0.011997,
 1580, 0.547080, 0.012325,
 1581, 0.547520, 0.012206,
 1582, 0.546800, 0.012118,
 1583, 0.547520, 0.012884,
 1584, 0.546800, 0.011895,
 1585, 0.547010, 0.012620,
 1586, 0.547350, 0.012812,
 1587, 0.548160, 0.013194,
 1588, 0.547650, 0.012097,
 1589, 0.546640, 0.011241,
 1590, 0.546850, 0.012418,
 1591, 0.547310, 0.011745,
 1592, 0.547290, 0.012613,
 1593, 0.547140, 0.012167,
 1594, 0.546310, 0.011459,
 1595, 0.548600, 0.012512,
 1596, 0.546790, 0.012315,
 1597, 0.546690, 0.012447,
 1598, 0.546750, 0.012323,
 1599, 0.547300, 0.011628,
 1600, 0.547620, 0.011717,
 1601, 0.546960, 0.011534,
 1602, 0.546520, 0.012777,
 1603, 0.547370, 0.012592,
 1604, 0.547040, 0.011605,
 1605, 0.546050, 0.012274,
 1606, 0.546180, 0.012690,
 1607, 0.546310, 0.012452,
 1608, 0.546780, 0.012669,
 1609, 0.547140, 0.011435,
 1610, 0.547550, 0.011580,
 1611, 0.546470, 0.012095,
 1612, 0.547230, 0.012070,
 1613, 0.546470, 0.012143,
 1614, 0.546070, 0.011554,
 1615, 0.547100, 0.012152,
 1616, 0.546630, 0.012044,
 1617, 0.548010, 0.011872,
 1618, 0.546220, 0.012472,
 1619, 0.546810, 0.011942,
 1620, 0.546230, 0.011756,
 1621, 0.546660, 0.012649,
 1622, 0.546890, 0.012081,
 1623, 0.546540, 0.012320,
 1624, 0.547430, 0.011973,
 1625, 0.546790, 0.012833,
 1626, 0.546410, 0.012473,
 1627, 0.546780, 0.012619,
 1628, 0.546720, 0.012701,
 1629, 0.546590, 0.011800,
 1630, 0.546710, 0.012554,
 1631, 0.546630, 0.012244,
 1632, 0.547230, 0.012135,
 1633, 0.545730, 0.011920,
 1634, 0.545920, 0.011564,
 1635, 0.546710, 0.012510,
 1636, 0.545410, 0.012253,
 1637, 0.547150, 0.012658,
 1638, 0.546200, 0.012034,
 1639, 0.546320, 0.011337,
 1640, 0.546860, 0.013276,
 1641, 0.551960, 0.072543,
 1642, 0.592720, 0.467612,
 1643, 0.547040, 0.014738,
 1644, 0.546110, 0.013868,
 1645, 0.547210, 0.014208,
 1646, 0.546320, 0.014073,
 1647, 0.547320, 0.013157,
 1648, 0.547520, 0.012550,
 1649, 0.546480, 0.013038,
 1650, 0.547150, 0.012612,
 1651, 0.546470, 0.012381,
 1652, 0.547440, 0.012923,
 1653, 0.546330, 0.012060,
 1654, 0.546210, 0.011466,
 1655, 0.547370, 0.013114,
 1656, 0.546590, 0.012984,
 1657, 0.546640, 0.012860,
 1658, 0.546390, 0.012666,
 1659, 0.545930, 0.012373,
 1660, 0.546790, 0.012897,
 1661, 0.545510, 0.011825,
 1662, 0.546530, 0.011942,
 1663, 0.546110, 0.011734,
 1664, 0.545350, 0.012108,
 1665, 0.546090, 0.011561,
 1666, 0.546450, 0.013016,
 1667, 0.546740, 0.011938,
 1668, 0.545940, 0.012569,
 1669, 0.545840, 0.011856,
 1670, 0.547000, 0.012258,
 1671, 0.545780, 0.011745,
 1672, 0.545760, 0.012478,
 1673, 0.546360, 0.012734,
 1674, 0.545180, 0.012498,
 1675, 0.546580, 0.011848,
 1676, 0.545460, 0.011598,
 1677, 0.547100, 0.012708,
 1678, 0.545150, 0.012576,
 1679, 0.545850, 0.012350,
 1680, 0.545680, 0.012799,
 1681, 0.545950, 0.013033,
 1682, 0.545500, 0.011910,
 1683, 0.546620, 0.012032,
 1684, 0.546080, 0.012243,
 1685, 0.545530, 0.012066,
 1686, 0.545810, 0.012277,
 1687, 0.545350, 0.012703,
 1688, 0.546330, 0.012263,
 1689, 0.545870, 0.013004,
 1690, 0.545570, 0.011697,
 1691, 0.546010, 0.012053,
 1692, 0.545930, 0.012304,
 1693, 0.545570, 0.011763,
 1694, 0.546070, 0.012774,
 1695, 0.545490, 0.012153,
 1696, 0.545400, 0.012047,
 1697, 0.545590, 0.012876,
 1698, 0.544730, 0.012533,
 1699, 0.544980, 0.012762,
 1700, 0.547170, 0.011281,
 1701, 0.545400, 0.011723,
 1702, 0.545420, 0.013022,
 1703, 0.545320, 0.011971,
 1704, 0.545440, 0.012124,
 1705, 0.545290, 0.011506,
 1706, 0.545110, 0.012588,
 1707, 0.546230, 0.012573,
 1708, 0.545500, 0.012949,
 1709, 0.545480, 0.012230,
 1710, 0.544900, 0.012050,
 1711, 0.545970, 0.011935,
 1712, 0.545810, 0.011597,
 1713, 0.545300, 0.012528,
 1714, 0.546010, 0.011965,
 1715, 0.544630, 0.011645,
 1716, 0.545210, 0.012537,
 1717, 0.544780, 0.011262,
 1718, 0.545050, 0.013178,
 1719, 0.544800, 0.012431,
 1720, 0.544490, 0.012100,
 1721, 0.546080, 0.012021,
 1722, 0.545520, 0.011519,
 1723, 0.544660, 0.013195,
 1724, 0.544460, 0.012222,
 1725, 0.545400, 0.011633,
 1726, 0.545690, 0.011033,
 1727, 0.545020, 0.012756,
 1728, 0.545790, 0.012300,
 1729, 0.545550, 0.012210,
 1730, 0.545010, 0.011933,
 1731, 0.546410, 0.012343,
 1732, 0.545150, 0.011714,
 1733, 0.545630, 0.011993,
 1734, 0.545020, 0.012021,
 1735, 0.544490, 0.012671,
 1736, 0.545320, 0.012467,
 1737, 0.544720, 0.011702,
 1738, 0.545810, 0.012197,
 1739, 0.545200, 0.011336,
 1740, 0.545000, 0.012156,
 1741, 0.545530, 0.012143,
 1742, 0.544430, 0.011476,
 1743, 0.545220, 0.012000,
 1744, 0.544180, 0.011567,
 1745, 0.545170, 0.012567,
 1746, 0.544690, 0.012068,
 1747, 0.544410, 0.011628,
 1748, 0.545230, 0.011695,
 1749, 0.544940, 0.011909,
 1750, 0.545270, 0.012278,
 1751, 0.544890, 0.011763,
 1752, 0.544880, 0.011592,
 1753, 0.544830, 0.012175,
 1754, 0.545350, 0.011852,
 1755, 0.545110, 0.012098,
 1756, 0.545170, 0.012209,
 1757, 0.544500, 0.010726,
 1758, 0.544880, 0.012493,
 1759, 0.545270, 0.011655,
 1760, 0.544980, 0.012167,
 1761, 0.544250, 0.012203,
 1762, 0.545380, 0.011184,
 1763, 0.545850, 0.011599,
 1764, 0.545480, 0.011320,
 1765, 0.544080, 0.011528,
 1766, 0.545280, 0.012138,
 1767, 0.544420, 0.012007,
 1768, 0.544370, 0.012190,
 1769, 0.544950, 0.011597,
 1770, 0.545780, 0.012572,
 1771, 0.544990, 0.011970,
 1772, 0.544650, 0.011278,
 1773, 0.545600, 0.012042,
 1774, 0.544550, 0.012339,
 1775, 0.544550, 0.012186,
 1776, 0.544980, 0.012685,
 1777, 0.545570, 0.011751,
 1778, 0.544420, 0.011846,
 1779, 0.544640, 0.012379,
 1780, 0.544400, 0.012044,
 1781, 0.545710, 0.012719,
 1782, 0.543940, 0.011586,
 1783, 0.544610, 0.011988,
 1784, 0.544830, 0.012552,
 1785, 0.544240, 0.011983,
 1786, 0.544030, 0.011696,
 1787, 0.544200, 0.011077,
 1788, 0.545010, 0.012380,
 1789, 0.543950, 0.011856,
 1790, 0.544890, 0.012260,
 1791, 0.544790, 0.012734,
 1792, 0.544470, 0.012295,
 1793, 0.544780, 0.012367,
 1794, 0.543920, 0.011308,
 1795, 0.545690, 0.012228,
 1796, 0.544330, 0.012592,
 1797, 0.544610, 0.011374,
 1798, 0.545230, 0.012411,
 1799, 0.544640, 0.013091,
 1800, 0.545700, 0.012102,
 1801, 0.544010, 0.014055,
 1802, 0.544720, 0.012532,
 1803, 0.545490, 0.012626,
 1804, 0.543890, 0.012151,
 1805, 0.545190, 0.012150,
 1806, 0.545090, 0.013197,
 1807, 0.544250, 0.011986,
 1808, 0.544570, 0.012931,
 1809, 0.544140, 0.013091,
 1810, 0.545590, 0.011609,
 1811, 0.544710, 0.012012,
 1812, 0.543920, 0.011739,
 1813, 0.544760, 0.012477,
 1814, 0.543990, 0.012465,
 1815, 0.545250, 0.012125,
 1816, 0.545130, 0.012166,
 1817, 0.543550, 0.011513,
 1818, 0.544820, 0.012174,
 1819, 0.543850, 0.011954,
 1820, 0.545090, 0.011692,
 1821, 0.543990, 0.012481,
 1822, 0.543500, 0.011795,
 1823, 0.544680, 0.012414,
 1824, 0.543730, 0.012121,
 1825, 0.543250, 0.012432,
 1826, 0.544200, 0.012065,
 1827, 0.543950, 0.012700,
 1828, 0.544530, 0.011805,
 1829, 0.543250, 0.011959,
 1830, 0.543830, 0.011398,
 1831, 0.544520, 0.012797,
 1832, 0.544180, 0.011678,
 1833, 0.544750, 0.011673,
 1834, 0.544310, 0.011869,
 1835, 0.544080, 0.011591,
 1836, 0.543350, 0.012428,
 1837, 0.543590, 0.011088,
 1838, 0.543870, 0.011823,
 1839, 0.543500, 0.012035,
 1840, 0.544990, 0.011904,
 1841, 0.543670, 0.011800,
 1842, 0.542840, 0.011821,
 1843, 0.544370, 0.011087,
 1844, 0.543320, 0.011493,
 1845, 0.544060, 0.012317,
 1846, 0.543200, 0.012844,
 1847, 0.542760, 0.012128,
 1848, 0.545090, 0.012143,
 1849, 0.543850, 0.011391,
 1850, 0.544170, 0.012250,
 1851, 0.543500, 0.012481,
 1852, 0.543850, 0.011705,
 1853, 0.544740, 0.011415,
 1854, 0.543980, 0.012534,
 1855, 0.544260, 0.012881,
 1856, 0.543890, 0.011992,
 1857, 0.543650, 0.011867,
 1858, 0.544220, 0.011803,
 1859, 0.543270, 0.012586,
 1860, 0.544190, 0.012061,
 1861, 0.543310, 0.011975,
 1862, 0.543480, 0.013056,
 1863, 0.544050, 0.012223,
 1864, 0.542940, 0.011761,
 1865, 0.543650, 0.012253,
 1866, 0.543950, 0.013725,
 1867, 0.543590, 0.010767,
 1868, 0.543990, 0.011605,
 1869, 0.543940, 0.012729,
 1870, 0.543720, 0.011705,
 1871, 0.543040, 0.012836,
 1872, 0.542530, 0.012577,
 1873, 0.543210, 0.011656,
 1874, 0.543380, 0.012277,
 1875, 0.543890, 0.011902,
 1876, 0.543860, 0.012806,
 1877, 0.544130, 0.012110,
 1878, 0.542940, 0.011941,
 1879, 0.543880, 0.011652,
 1880, 0.543900, 0.011766,
 1881, 0.543430, 0.012157,
 1882, 0.543490, 0.011419,
 1883, 0.542640, 0.012092,
 1884, 0.543780, 0.012191,
 1885, 0.543340, 0.011323,
 1886, 0.543810, 0.013224,
 1887, 0.542760, 0.011450,
 1888, 0.544140, 0.012177,
 1889, 0.543470, 0.012368,
 1890, 0.543330, 0.011785,
 1891, 0.543610, 0.011336,
 1892, 0.543080, 0.012360,
 1893, 0.543370, 0.013026,
 1894, 0.543110, 0.012739,
 1895, 0.543080, 0.011283,
 1896, 0.542960, 0.012472,
 1897, 0.542790, 0.012044,
 1898, 0.543170, 0.012416,
 1899, 0.543800, 0.013048,
 1900, 0.573960, 0.311984,
 1901, 0.563650, 0.200423,
 1902, 0.544060, 0.013171,
 1903, 0.543410, 0.013335,
 1904, 0.544020, 0.012792,
 1905, 0.543370, 0.012528,
 1906, 0.544050, 0.012749,
 1907, 0.543900, 0.012311,
 1908, 0.543080, 0.012532,
 1909, 0.543920, 0.013123,
 1910, 0.542210, 0.012117,
 1911, 0.544180, 0.012610,
 1912, 0.543410, 0.012029,
 1913, 0.543260, 0.012999,
 1914, 0.542770, 0.012836,
 1915, 0.543730, 0.011376,
 1916, 0.543120, 0.012557,
 1917, 0.544360, 0.011995,
 1918, 0.542770, 0.012567,
 1919, 0.543220, 0.012794,
 1920, 0.542880, 0.011997,
 1921, 0.542690, 0.012433,
 1922, 0.543040, 0.012233,
 1923, 0.543060, 0.012531,
 1924, 0.543400, 0.011971,
 1925, 0.543250, 0.011748,
 1926, 0.543880, 0.011582,
 1927, 0.543330, 0.012641,
 1928, 0.543060, 0.011856,
 1929, 0.543250, 0.012536,
 1930, 0.542520, 0.011794,
 1931, 0.542590, 0.012047,
 1932, 0.543220, 0.012487,
 1933, 0.542500, 0.012827,
 1934, 0.543400, 0.012908,
 1935, 0.542690, 0.011582,
 1936, 0.542610, 0.011905,
 1937, 0.542830, 0.011829,
 1938, 0.543570, 0.011848,
 1939, 0.543260, 0.012783,
 1940, 0.543620, 0.012152,
 1941, 0.543360, 0.012332,
 1942, 0.542030, 0.012832,
 1943, 0.542420, 0.012245,
 1944, 0.542920, 0.011716,
 1945, 0.542960, 0.011970,
 1946, 0.543350, 0.012570,
 1947, 0.542440, 0.012213,
 1948, 0.543570, 0.013196,
 1949, 0.542170, 0.012606,
 1950, 0.542520, 0.012645,
 1951, 0.542600, 0.012258,
 1952, 0.542810, 0.012562,
 1953, 0.542690, 0.012208,
 1954, 0.542750, 0.012506,
 1955, 0.542750, 0.012000,
 1956, 0.542910, 0.012956,
 1957, 0.542280, 0.012117,
 1958, 0.543270, 0.011702,
 1959, 0.542770, 0.012532,
 1960, 0.542600, 0.011471,
 1961, 0.542700, 0.012154,
 1962, 0.542050, 0.011931,
 1963, 0.543320, 0.012221,
 1964, 0.541230, 0.012155,
 1965, 0.542050, 0.012293,
 1966, 0.542530, 0.012137,
 1967, 0.541640, 0.012367,
 1968, 0.543030, 0.012031,
 1969, 0.542460, 0.011639,
 1970, 0.542360, 0.011452,
 1971, 0.542720, 0.012456,
 1972, 0.542240, 0.011885,
 1973, 0.543160, 0.012563,
 1974, 0.542900, 0.011606,
 1975, 0.541880, 0.012003,
 1976, 0.542620, 0.012964,
 1977, 0.542340, 0.012596,
 1978, 0.542910, 0.012557,
 1979, 0.542100, 0.012113,
 1980, 0.542550, 0.012102,
 1981, 0.543410, 0.011600,
 1982, 0.542010, 0.012451,
 1983, 0.542460, 0.011714,
 1984, 0.542740, 0.013194,
 1985, 0.542320, 0.012072,
 1986, 0.542570, 0.012765,
 1987, 0.541900, 0.011771,
 1988, 0.542690, 0.012203,
 1989, 0.542920, 0.011854,
 1990, 0.541790, 0.012239,
 1991, 0.542140, 0.012269,
 1992, 0.541860, 0.012523,
 1993, 0.542390, 0.012972,
 1994, 0.542270, 0.013090,
 1995, 0.541500, 0.012126,
 1996, 0.542910, 0.012632,
 1997, 0.542160, 0.011480,
 1998, 0.542000, 0.012107,
 1999, 0.542180, 0.012887,
 2000, 0.542000, 0.012961,
 2001, 0.542090, 0.012112,
