Container_size, 4194304,key_space, 18504request bin, mean_latency,sd,
 0, 0.311390, 0.006270,
 1, 0.312430, 0.005664,
 2, 0.312420, 0.005888,
 3, 0.312250, 0.006349,
 4, 0.311910, 0.006065,
 5, 0.312260, 0.006387,
 6, 0.312010, 0.005735,
 7, 0.312140, 0.005877,
 8, 0.312100, 0.006358,
 9, 0.311950, 0.005804,
 10, 0.311810, 0.006115,
 11, 0.311880, 0.005600,
 12, 0.311910, 0.006256,
 13, 0.312110, 0.006240,
 14, 0.311780, 0.005976,
 15, 0.311760, 0.006137,
 16, 0.311690, 0.005735,
 17, 0.312440, 0.005991,
 18, 0.312290, 0.006083,
 19, 0.311760, 0.005972,
 20, 0.311900, 0.005991,
 21, 0.311660, 0.005792,
 22, 0.311820, 0.006324,
 23, 0.311530, 0.005930,
 24, 0.311940, 0.005843,
 25, 0.311990, 0.006263,
 26, 0.311720, 0.005724,
 27, 0.311870, 0.006251,
 28, 0.311600, 0.006163,
 29, 0.311660, 0.005523,
 30, 0.311830, 0.006210,
 31, 0.311770, 0.005446,
 32, 0.311730, 0.006409,
 33, 0.312190, 0.006170,
 34, 0.311970, 0.005832,
 35, 0.311740, 0.006195,
 36, 0.311880, 0.005652,
 37, 0.312070, 0.006197,
 38, 0.311870, 0.006187,
 39, 0.311910, 0.006010,
 40, 0.311720, 0.006176,
 41, 0.311580, 0.005724,
 42, 0.311850, 0.006260,
 43, 0.311710, 0.006106,
 44, 0.311860, 0.005778,
 45, 0.311740, 0.006102,
 46, 0.311480, 0.005735,
 47, 0.311980, 0.006129,
 48, 0.311600, 0.006135,
 49, 0.312110, 0.005497,
 50, 0.311990, 0.006567,
 51, 0.311610, 0.005685,
 52, 0.312260, 0.006148,
 53, 0.311650, 0.006435,
 54, 0.311970, 0.005972,
 55, 0.311730, 0.006229,
 56, 0.311570, 0.005689,
 57, 0.311940, 0.006365,
 58, 0.311640, 0.006286,
 59, 0.311880, 0.005759,
 60, 0.311750, 0.006180,
 61, 0.311610, 0.005673,
 62, 0.311750, 0.006558,
 63, 0.312150, 0.006054,
 64, 0.311730, 0.005711,
 65, 0.312380, 0.006360,
 66, 0.311950, 0.005876,
 67, 0.312270, 0.006216,
 68, 0.311740, 0.006209,
 69, 0.311680, 0.005783,
 70, 0.312050, 0.006178,
 71, 0.311600, 0.005517,
 72, 0.311770, 0.006203,
 73, 0.311740, 0.006535,
 74, 0.312010, 0.005759,
 75, 0.312320, 0.006099,
 76, 0.311750, 0.005386,
 77, 0.312060, 0.006117,
 78, 0.311790, 0.006317,
 79, 0.311410, 0.005613,
 80, 0.311780, 0.006156,
 81, 0.311600, 0.005725,
 82, 0.312080, 0.006128,
 83, 0.312100, 0.006322,
 84, 0.311800, 0.005845,
 85, 0.311730, 0.006299,
 86, 0.311490, 0.005601,
 87, 0.311850, 0.006379,
 88, 0.312060, 0.006190,
 89, 0.311830, 0.005797,
 90, 0.312030, 0.006155,
 91, 0.311980, 0.005580,
 92, 0.311850, 0.006276,
 93, 0.311780, 0.006175,
 94, 0.311680, 0.005665,
 95, 0.311910, 0.006205,
 96, 0.311600, 0.005940,
 97, 0.312140, 0.006298,
 98, 0.311840, 0.006395,
 99, 0.311660, 0.005778,
 100, 0.312240, 0.006391,
 101, 0.311630, 0.005669,
 102, 0.311880, 0.006162,
 103, 0.312180, 0.006355,
 104, 0.311570, 0.005599,
 105, 0.311800, 0.006125,
 106, 0.311750, 0.006305,
 107, 0.312030, 0.005343,
 108, 0.311760, 0.006210,
 109, 0.311450, 0.005830,
 110, 0.312020, 0.006161,
 111, 0.311680, 0.005938,
 112, 0.311860, 0.005983,
 113, 0.311910, 0.006318,
 114, 0.311760, 0.005459,
 115, 0.311880, 0.006176,
 116, 0.311990, 0.006377,
 117, 0.311850, 0.005733,
 118, 0.311900, 0.006084,
 119, 0.311910, 0.005894,
 120, 0.312130, 0.006149,
 121, 0.312010, 0.006164,
 122, 0.311450, 0.005656,
 123, 0.311970, 0.006230,
 124, 0.311650, 0.005686,
 125, 0.311930, 0.006484,
 126, 0.312220, 0.006373,
 127, 0.311890, 0.005741,
 128, 0.312150, 0.006341,
 129, 0.312300, 0.005808,
 130, 0.312100, 0.005984,
 131, 0.312010, 0.006492,
 132, 0.311860, 0.006075,
 133, 0.312280, 0.006314,
 134, 0.311840, 0.005848,
 135, 0.311790, 0.006010,
 136, 0.312160, 0.006348,
 137, 0.311880, 0.005800,
 138, 0.311940, 0.006418,
 139, 0.311660, 0.005584,
 140, 0.312330, 0.006182,
 141, 0.311970, 0.006278,
 142, 0.312010, 0.006019,
 143, 0.311760, 0.006106,
 144, 0.311410, 0.005764,
 145, 0.311930, 0.006029,
 146, 0.311850, 0.006254,
 147, 0.311540, 0.005766,
 148, 0.311980, 0.006028,
 149, 0.311730, 0.005451,
 150, 0.311690, 0.006368,
 151, 0.311780, 0.006395,
 152, 0.311630, 0.005754,
 153, 0.311860, 0.006331,
 154, 0.311830, 0.005967,
 155, 0.311640, 0.006347,
 156, 0.311780, 0.006193,
 157, 0.311670, 0.005945,
 158, 0.311930, 0.006463,
 159, 0.311770, 0.005781,
 160, 0.311770, 0.006112,
 161, 0.311820, 0.006234,
 162, 0.311450, 0.005825,
 163, 0.311870, 0.006265,
 164, 0.311910, 0.005662,
 165, 0.311700, 0.006699,
 166, 0.311890, 0.006264,
 167, 0.311780, 0.005565,
 168, 0.311980, 0.006288,
 169, 0.311580, 0.005627,
 170, 0.311850, 0.006180,
 171, 0.311960, 0.006274,
 172, 0.311780, 0.005547,
 173, 0.311840, 0.006084,
 174, 0.311810, 0.005822,
 175, 0.312150, 0.006233,
 176, 0.311810, 0.006280,
 177, 0.311710, 0.005799,
 178, 0.311570, 0.006261,
 179, 0.311900, 0.005752,
 180, 0.311820, 0.006236,
 181, 0.311870, 0.006283,
 182, 0.311830, 0.005701,
 183, 0.311730, 0.006370,
 184, 0.311710, 0.005657,
 185, 0.311880, 0.006123,
 186, 0.311750, 0.006189,
 187, 0.311800, 0.005660,
 188, 0.311990, 0.006435,
 189, 0.311590, 0.005483,
 190, 0.311640, 0.006089,
 191, 0.312060, 0.006203,
 192, 0.311900, 0.005768,
 193, 0.311900, 0.006319,
 194, 0.311980, 0.005461,
 195, 0.311750, 0.006311,
 196, 0.311960, 0.006185,
 197, 0.311800, 0.005623,
 198, 0.311880, 0.005781,
 199, 0.312140, 0.005752,
 200, 0.311390, 0.006315,
 201, 0.312130, 0.006286,
 202, 0.311710, 0.005950,
 203, 0.311690, 0.006227,
 204, 0.311990, 0.005495,
 205, 0.311790, 0.005842,
 206, 0.312100, 0.006175,
 207, 0.311680, 0.005789,
 208, 0.311980, 0.006107,
 209, 0.311830, 0.005795,
 210, 0.311830, 0.006186,
 211, 0.311960, 0.006485,
 212, 0.311720, 0.005614,
 213, 0.311960, 0.006229,
 214, 0.311700, 0.005752,
 215, 0.311750, 0.006087,
 216, 0.311810, 0.006410,
 217, 0.312070, 0.005766,
 218, 0.311890, 0.006345,
 219, 0.311910, 0.005645,
 220, 0.311710, 0.006163,
 221, 0.312020, 0.006158,
 222, 0.312010, 0.005957,
 223, 0.311800, 0.006229,
 224, 0.311920, 0.005973,
 225, 0.311910, 0.006323,
 226, 0.311960, 0.006210,
 227, 0.311990, 0.005888,
 228, 0.311690, 0.006008,
 229, 0.312080, 0.005810,
 230, 0.311950, 0.006383,
 231, 0.311620, 0.006206,
 232, 0.311730, 0.005762,
 233, 0.311820, 0.005934,
 234, 0.312060, 0.005774,
 235, 0.312020, 0.006420,
 236, 0.311870, 0.006349,
 237, 0.311740, 0.005897,
 238, 0.311850, 0.006191,
 239, 0.311790, 0.005679,
 240, 0.311740, 0.006152,
 241, 0.311840, 0.006288,
 242, 0.311800, 0.005803,
 243, 0.311780, 0.006172,
 244, 0.311590, 0.005988,
 245, 0.311960, 0.006485,
 246, 0.311670, 0.006030,
 247, 0.311770, 0.006011,
 248, 0.311880, 0.006199,
 249, 0.311890, 0.005827,
 250, 0.311780, 0.006235,
 251, 0.311820, 0.006049,
 252, 0.311640, 0.005773,
 253, 0.311570, 0.006363,
 254, 0.311980, 0.005765,
 255, 0.312100, 0.006316,
 256, 0.311770, 0.006084,
 257, 0.312460, 0.006067,
 258, 0.312110, 0.006119,
 259, 0.311890, 0.005484,
 260, 0.311910, 0.006295,
 261, 0.311960, 0.006156,
 262, 0.311900, 0.005778,
 263, 0.311820, 0.006141,
 264, 0.311690, 0.005688,
 265, 0.311910, 0.006579,
 266, 0.311510, 0.006075,
 267, 0.312300, 0.005895,
 268, 0.312060, 0.006598,
 269, 0.311970, 0.005617,
 270, 0.311800, 0.006084,
 271, 0.311720, 0.006075,
 272, 0.311460, 0.005505,
 273, 0.311850, 0.006031,
 274, 0.311750, 0.005802,
 275, 0.311680, 0.006216,
 276, 0.311860, 0.006195,
 277, 0.311710, 0.005717,
 278, 0.311980, 0.006172,
 279, 0.311130, 0.005681,
 280, 0.311990, 0.006327,
 281, 0.311910, 0.006247,
 282, 0.312000, 0.005680,
 283, 0.311970, 0.006037,
 284, 0.311810, 0.005591,
 285, 0.311870, 0.006079,
 286, 0.312020, 0.006331,
 287, 0.311800, 0.005510,
 288, 0.311850, 0.006124,
 289, 0.311650, 0.005428,
 290, 0.312070, 0.006300,
 291, 0.311850, 0.006183,
 292, 0.311740, 0.005681,
 293, 0.311930, 0.006184,
 294, 0.311810, 0.005589,
 295, 0.312160, 0.006275,
 296, 0.311910, 0.006394,
 297, 0.311950, 0.005576,
 298, 0.312300, 0.006327,
 299, 0.311680, 0.005492,
 300, 0.311950, 0.006172,
 301, 0.311730, 0.006403,
 302, 0.311590, 0.005666,
 303, 0.311740, 0.006341,
 304, 0.311650, 0.005456,
 305, 0.311980, 0.006033,
 306, 0.311970, 0.006401,
 307, 0.311490, 0.005543,
 308, 0.311990, 0.006115,
 309, 0.311320, 0.005555,
 310, 0.312170, 0.006111,
 311, 0.311680, 0.006066,
 312, 0.311570, 0.005609,
 313, 0.312080, 0.006113,
 314, 0.311770, 0.006277,
 315, 0.311720, 0.005764,
 316, 0.311650, 0.006217,
 317, 0.311610, 0.005769,
 318, 0.312030, 0.006309,
 319, 0.311630, 0.006148,
 320, 0.312160, 0.005756,
 321, 0.312350, 0.006042,
 322, 0.311640, 0.005368,
 323, 0.311590, 0.006403,
 324, 0.311880, 0.006078,
 325, 0.311890, 0.005807,
 326, 0.311990, 0.006371,
 327, 0.311560, 0.005782,
 328, 0.311840, 0.006125,
 329, 0.311570, 0.006065,
 330, 0.311500, 0.005883,
 331, 0.312070, 0.006068,
 332, 0.311540, 0.005604,
 333, 0.312060, 0.005996,
 334, 0.311900, 0.006322,
 335, 0.311410, 0.005706,
 336, 0.311930, 0.006054,
 337, 0.311550, 0.005864,
 338, 0.312060, 0.006211,
 339, 0.311840, 0.006406,
 340, 0.311820, 0.005649,
 341, 0.311860, 0.006194,
 342, 0.311660, 0.005602,
 343, 0.311880, 0.006075,
 344, 0.311710, 0.006139,
 345, 0.311580, 0.005857,
 346, 0.311930, 0.006265,
 347, 0.311630, 0.005811,
 348, 0.312160, 0.006172,
 349, 0.311710, 0.006317,
 350, 0.311640, 0.005822,
 351, 0.312080, 0.005939,
 352, 0.311400, 0.005838,
 353, 0.311960, 0.006345,
 354, 0.311750, 0.006011,
 355, 0.311630, 0.005527,
 356, 0.311980, 0.006218,
 357, 0.311970, 0.005754,
 358, 0.311570, 0.006436,
 359, 0.312150, 0.006184,
 360, 0.311840, 0.005905,
 361, 0.311950, 0.006252,
 362, 0.311900, 0.005744,
 363, 0.311930, 0.006282,
 364, 0.311960, 0.006146,
 365, 0.311880, 0.005563,
 366, 0.311940, 0.006097,
 367, 0.311850, 0.005652,
 368, 0.311790, 0.006391,
 369, 0.311640, 0.006420,
 370, 0.311610, 0.005772,
 371, 0.312190, 0.006238,
 372, 0.311780, 0.005723,
 373, 0.311760, 0.006282,
 374, 0.312120, 0.005994,
 375, 0.311480, 0.005825,
 376, 0.312080, 0.006193,
 377, 0.311810, 0.005751,
 378, 0.311870, 0.006324,
 379, 0.311900, 0.006126,
 380, 0.311460, 0.005714,
 381, 0.312090, 0.006158,
 382, 0.311700, 0.005578,
 383, 0.311760, 0.006218,
 384, 0.312170, 0.006445,
 385, 0.311710, 0.005700,
 386, 0.312090, 0.006388,
 387, 0.311730, 0.005357,
 388, 0.311880, 0.006328,
 389, 0.312130, 0.006144,
 390, 0.311640, 0.005765,
 391, 0.311780, 0.006042,
 392, 0.311810, 0.005546,
 393, 0.311710, 0.006127,
 394, 0.312080, 0.005929,
 395, 0.311750, 0.005898,
 396, 0.311850, 0.006443,
 397, 0.311940, 0.005578,
 398, 0.311890, 0.005909,
 399, 0.311730, 0.006409,
 400, 0.311720, 0.005589,
 401, 0.311700, 0.006235,
 402, 0.311840, 0.005702,
 403, 0.311650, 0.006207,
 404, 0.312000, 0.006114,
 405, 0.311950, 0.005811,
 406, 0.311960, 0.006099,
 407, 0.311910, 0.005687,
 408, 0.311820, 0.006205,
 409, 0.311970, 0.005996,
 410, 0.311900, 0.005908,
 411, 0.312020, 0.006035,
 412, 0.311630, 0.005537,
 413, 0.311760, 0.006048,
 414, 0.311790, 0.005864,
 415, 0.311710, 0.005721,
 416, 0.312020, 0.005992,
 417, 0.311610, 0.005611,
 418, 0.311920, 0.006627,
 419, 0.311980, 0.006023,
 420, 0.311500, 0.005854,
 421, 0.311990, 0.006121,
 422, 0.311650, 0.005522,
 423, 0.311830, 0.006137,
 424, 0.311770, 0.006401,
 425, 0.312010, 0.005487,
 426, 0.311500, 0.006227,
 427, 0.311590, 0.005898,
 428, 0.312060, 0.006448,
 429, 0.312060, 0.006539,
 430, 0.312000, 0.005557,
 431, 0.311830, 0.006345,
 432, 0.311700, 0.005809,
 433, 0.311620, 0.006346,
 434, 0.311870, 0.006031,
 435, 0.311610, 0.005562,
 436, 0.311850, 0.006184,
 437, 0.311630, 0.005751,
 438, 0.311890, 0.006345,
 439, 0.311810, 0.006006,
 440, 0.311610, 0.005481,
 441, 0.311650, 0.006377,
 442, 0.311760, 0.005867,
 443, 0.311920, 0.006198,
 444, 0.311760, 0.006263,
 445, 0.311660, 0.005557,
 446, 0.311580, 0.006144,
 447, 0.311770, 0.005655,
 448, 0.311870, 0.005986,
 449, 0.311710, 0.006341,
 450, 0.311670, 0.005682,
 451, 0.311970, 0.006369,
 452, 0.311710, 0.005722,
 453, 0.311820, 0.006049,
 454, 0.311560, 0.006231,
 455, 0.311890, 0.005510,
 456, 0.311610, 0.006210,
 457, 0.311990, 0.005588,
 458, 0.311970, 0.006430,
 459, 0.311820, 0.006281,
 460, 0.311780, 0.005815,
 461, 0.312240, 0.006232,
 462, 0.311730, 0.005921,
 463, 0.312020, 0.006164,
 464, 0.311720, 0.006331,
 465, 0.311660, 0.006047,
 466, 0.311750, 0.006131,
 467, 0.311650, 0.005577,
 468, 0.311990, 0.006044,
 469, 0.311700, 0.006167,
 470, 0.311850, 0.005467,
 471, 0.311810, 0.006318,
 472, 0.311670, 0.005496,
 473, 0.311780, 0.006340,
 474, 0.311910, 0.006298,
 475, 0.311990, 0.006100,
 476, 0.312050, 0.006223,
 477, 0.311660, 0.005536,
 478, 0.311840, 0.006149,
 479, 0.312010, 0.006204,
 480, 0.311870, 0.005841,
 481, 0.312110, 0.006414,
 482, 0.311670, 0.005715,
 483, 0.311710, 0.006037,
 484, 0.311960, 0.006230,
 485, 0.312000, 0.005928,
 486, 0.311930, 0.006388,
 487, 0.311540, 0.005738,
 488, 0.312030, 0.006193,
 489, 0.312010, 0.006186,
 490, 0.311540, 0.005738,
 491, 0.311920, 0.006036,
 492, 0.311720, 0.005821,
 493, 0.312020, 0.006358,
 494, 0.311670, 0.006274,
 495, 0.311870, 0.005721,
 496, 0.312340, 0.006144,
 497, 0.311260, 0.005513,
 498, 0.312180, 0.006401,
 499, 0.311800, 0.006221,
 500, 0.311730, 0.005641,
 501, 0.311800, 0.006253,
 502, 0.311580, 0.005745,
 503, 0.312110, 0.006222,
 504, 0.312020, 0.006267,
 505, 0.311820, 0.005602,
 506, 0.312100, 0.006215,
 507, 0.311520, 0.005587,
 508, 0.311770, 0.005926,
 509, 0.311770, 0.006383,
 510, 0.311570, 0.005494,
 511, 0.311910, 0.006197,
 512, 0.311740, 0.005892,
 513, 0.312900, 0.006084,
 514, 0.312180, 0.006282,
 515, 0.311650, 0.005531,
 516, 0.311970, 0.006049,
 517, 0.311920, 0.005829,
 518, 0.311960, 0.005909,
 519, 0.311990, 0.006225,
 520, 0.311420, 0.005661,
 521, 0.311940, 0.006459,
 522, 0.311900, 0.006170,
 523, 0.311810, 0.005573,
 524, 0.312110, 0.006626,
 525, 0.311820, 0.005654,
 526, 0.312130, 0.006164,
 527, 0.311730, 0.006439,
 528, 0.311910, 0.005579,
 529, 0.311830, 0.006035,
 530, 0.312050, 0.005710,
 531, 0.311710, 0.005922,
 532, 0.312050, 0.006189,
 533, 0.311740, 0.005676,
 534, 0.311780, 0.006291,
 535, 0.311790, 0.005419,
 536, 0.312060, 0.006543,
 537, 0.312050, 0.006189,
 538, 0.311710, 0.005590,
 539, 0.311820, 0.006189,
 540, 0.311650, 0.005430,
 541, 0.311600, 0.006275,
 542, 0.311680, 0.006208,
 543, 0.311850, 0.005806,
 544, 0.311940, 0.006066,
 545, 0.311780, 0.005590,
 546, 0.311970, 0.006255,
 547, 0.311650, 0.006159,
 548, 0.311740, 0.005760,
 549, 0.311830, 0.006179,
 550, 0.311580, 0.005964,
 551, 0.311960, 0.006200,
 552, 0.311970, 0.006031,
 553, 0.311920, 0.005660,
 554, 0.312000, 0.006279,
 555, 0.311630, 0.006053,
 556, 0.312010, 0.006082,
 557, 0.311830, 0.006243,
 558, 0.311640, 0.005930,
 559, 0.311860, 0.006137,
 560, 0.311350, 0.005640,
 561, 0.312050, 0.005955,
 562, 0.311870, 0.006286,
 563, 0.311720, 0.005767,
 564, 0.311830, 0.006224,
 565, 0.311850, 0.005611,
 566, 0.311940, 0.006259,
 567, 0.312020, 0.006394,
 568, 0.311670, 0.005738,
 569, 0.311890, 0.005814,
 570, 0.311740, 0.005805,
 571, 0.311600, 0.006158,
 572, 0.311880, 0.006410,
 573, 0.311620, 0.005646,
 574, 0.311900, 0.006207,
 575, 0.311640, 0.005674,
 576, 0.311950, 0.005792,
 577, 0.311750, 0.006246,
 578, 0.311600, 0.005869,
 579, 0.311920, 0.006154,
 580, 0.311940, 0.005546,
 581, 0.311650, 0.006338,
 582, 0.311990, 0.005996,
 583, 0.311760, 0.005588,
 584, 0.312010, 0.006136,
 585, 0.311860, 0.005488,
 586, 0.311850, 0.006312,
 587, 0.311860, 0.006198,
 588, 0.311560, 0.005452,
 589, 0.312070, 0.006394,
 590, 0.311850, 0.005825,
 591, 0.311750, 0.006036,
 592, 0.312280, 0.006218,
 593, 0.311800, 0.005750,
 594, 0.311790, 0.006347,
 595, 0.311940, 0.005504,
 596, 0.312050, 0.006266,
 597, 0.311860, 0.006083,
 598, 0.311690, 0.005616,
 599, 0.311990, 0.005971,
 600, 0.311800, 0.005718,
 601, 0.311860, 0.006318,
 602, 0.311890, 0.006334,
 603, 0.311770, 0.005887,
 604, 0.312030, 0.006404,
 605, 0.311650, 0.005804,
 606, 0.311700, 0.006402,
 607, 0.311850, 0.006430,
 608, 0.311920, 0.005614,
 609, 0.311830, 0.006213,
 610, 0.311950, 0.005702,
 611, 0.311780, 0.006382,
 612, 0.311870, 0.006187,
 613, 0.311500, 0.005934,
 614, 0.312000, 0.006155,
 615, 0.311760, 0.005555,
 616, 0.311490, 0.006107,
 617, 0.312010, 0.006302,
 618, 0.311720, 0.005997,
 619, 0.311990, 0.006024,
 620, 0.311730, 0.006036,
 621, 0.311760, 0.005977,
 622, 0.312040, 0.006328,
 623, 0.311720, 0.005729,
 624, 0.311800, 0.006173,
 625, 0.311830, 0.005923,
 626, 0.311720, 0.006124,
 627, 0.311940, 0.006321,
 628, 0.311710, 0.005757,
 629, 0.311600, 0.005926,
 630, 0.311960, 0.005683,
 631, 0.311720, 0.006298,
 632, 0.311880, 0.006085,
 633, 0.311920, 0.005875,
 634, 0.311610, 0.006035,
 635, 0.311800, 0.005625,
 636, 0.311750, 0.006385,
 637, 0.311780, 0.006113,
 638, 0.312040, 0.005790,
 639, 0.311810, 0.006087,
 640, 0.311810, 0.005882,
 641, 0.311650, 0.006278,
 642, 0.311870, 0.006435,
 643, 0.312050, 0.005811,
 644, 0.311750, 0.006075,
 645, 0.311830, 0.005938,
 646, 0.311920, 0.006097,
 647, 0.311650, 0.006258,
 648, 0.311770, 0.005665,
 649, 0.311850, 0.006276,
 650, 0.311850, 0.005650,
 651, 0.311830, 0.006493,
 652, 0.311660, 0.006202,
 653, 0.311650, 0.005652,
 654, 0.311880, 0.006306,
 655, 0.311800, 0.005678,
 656, 0.311940, 0.006465,
 657, 0.311920, 0.006120,
 658, 0.311820, 0.005684,
 659, 0.312060, 0.006267,
 660, 0.311710, 0.005821,
 661, 0.311930, 0.006428,
 662, 0.312030, 0.006193,
 663, 0.311760, 0.005682,
 664, 0.311840, 0.006123,
 665, 0.311950, 0.005776,
 666, 0.312080, 0.006117,
 667, 0.312060, 0.006474,
 668, 0.311780, 0.005702,
 669, 0.312120, 0.006266,
 670, 0.311640, 0.005964,
 671, 0.312090, 0.006219,
 672, 0.311810, 0.006334,
 673, 0.312030, 0.005792,
 674, 0.311670, 0.006161,
 675, 0.311730, 0.005648,
 676, 0.311780, 0.006133,
 677, 0.311600, 0.005978,
 678, 0.312090, 0.005773,
 679, 0.311890, 0.006172,
 680, 0.311740, 0.005661,
 681, 0.312130, 0.006203,
 682, 0.311870, 0.006102,
 683, 0.312040, 0.005889,
 684, 0.311980, 0.005995,
 685, 0.311750, 0.005828,
 686, 0.311870, 0.006403,
 687, 0.311890, 0.006146,
 688, 0.311630, 0.005706,
 689, 0.311780, 0.006185,
 690, 0.311540, 0.005543,
 691, 0.311720, 0.005915,
 692, 0.311600, 0.006098,
 693, 0.311790, 0.006088,
 694, 0.312250, 0.006199,
 695, 0.311690, 0.005601,
 696, 0.311890, 0.006201,
 697, 0.311940, 0.006233,
 698, 0.311930, 0.005733,
 699, 0.312050, 0.006250,
 700, 0.311370, 0.005684,
 701, 0.311990, 0.006249,
 702, 0.311800, 0.006258,
 703, 0.311630, 0.005786,
 704, 0.311890, 0.006112,
 705, 0.311930, 0.005849,
 706, 0.312280, 0.006135,
 707, 0.311990, 0.006157,
 708, 0.311670, 0.005437,
 709, 0.311920, 0.006251,
 710, 0.311880, 0.005944,
 711, 0.311850, 0.006131,
 712, 0.311830, 0.006035,
 713, 0.311510, 0.005703,
 714, 0.311930, 0.006126,
 715, 0.311600, 0.005376,
 716, 0.312050, 0.006449,
 717, 0.312040, 0.006206,
 718, 0.311790, 0.005654,
 719, 0.311990, 0.006263,
 720, 0.311740, 0.005753,
 721, 0.312070, 0.006234,
 722, 0.312080, 0.006420,
 723, 0.311600, 0.005506,
 724, 0.312140, 0.006325,
 725, 0.311590, 0.005582,
 726, 0.311730, 0.006197,
 727, 0.311950, 0.006366,
 728, 0.311590, 0.005779,
 729, 0.312020, 0.006326,
 730, 0.311530, 0.006093,
 731, 0.311660, 0.005714,
 732, 0.312290, 0.006114,
 733, 0.311570, 0.005714,
 734, 0.312020, 0.006143,
 735, 0.311770, 0.006324,
 736, 0.312040, 0.005461,
 737, 0.311920, 0.006284,
 738, 0.311520, 0.005638,
 739, 0.311880, 0.006611,
 740, 0.311760, 0.006090,
 741, 0.311990, 0.005556,
 742, 0.311890, 0.006195,
 743, 0.311730, 0.005566,
 744, 0.312130, 0.006403,
 745, 0.312170, 0.006271,
 746, 0.311540, 0.005821,
 747, 0.311660, 0.006282,
 748, 0.311570, 0.005602,
 749, 0.311930, 0.006197,
 750, 0.312080, 0.006406,
 751, 0.311770, 0.005777,
 752, 0.311960, 0.006135,
 753, 0.311690, 0.005695,
 754, 0.311820, 0.006289,
 755, 0.311970, 0.006268,
 756, 0.311860, 0.005694,
 757, 0.311950, 0.006111,
 758, 0.311660, 0.005757,
 759, 0.311830, 0.006334,
 760, 0.312120, 0.006012,
 761, 0.311790, 0.005757,
 762, 0.312020, 0.006375,
 763, 0.311510, 0.005572,
 764, 0.311910, 0.006408,
 765, 0.311780, 0.006064,
 766, 0.311900, 0.005709,
 767, 0.312050, 0.006191,
 768, 0.311500, 0.005766,
 769, 0.311790, 0.006231,
 770, 0.312190, 0.006082,
 771, 0.311650, 0.005726,
 772, 0.311920, 0.006246,
 773, 0.311720, 0.005876,
 774, 0.311880, 0.006040,
 775, 0.312040, 0.006195,
 776, 0.311760, 0.005689,
 777, 0.311980, 0.006093,
 778, 0.311680, 0.005612,
 779, 0.311580, 0.006272,
 780, 0.311910, 0.006340,
 781, 0.311850, 0.005536,
 782, 0.312000, 0.006285,
 783, 0.311930, 0.005678,
 784, 0.311880, 0.006319,
 785, 0.311880, 0.006308,
 786, 0.311380, 0.005669,
 787, 0.311840, 0.006318,
 788, 0.311920, 0.005582,
 789, 0.311520, 0.006193,
 790, 0.311980, 0.006310,
 791, 0.311380, 0.005630,
 792, 0.312240, 0.006127,
 793, 0.311790, 0.005719,
 794, 0.311850, 0.006186,
 795, 0.312110, 0.006035,
 796, 0.311730, 0.005762,
 797, 0.311940, 0.006243,
 798, 0.311850, 0.005878,
 799, 0.311630, 0.006249,
 800, 0.312000, 0.006234,
 801, 0.311740, 0.005621,
 802, 0.311610, 0.006262,
 803, 0.311610, 0.005666,
 804, 0.311670, 0.006166,
 805, 0.312050, 0.006017,
 806, 0.311840, 0.005818,
 807, 0.311650, 0.006142,
 808, 0.311930, 0.005915,
 809, 0.311860, 0.006348,
 810, 0.311600, 0.006076,
 811, 0.311700, 0.005977,
 812, 0.311840, 0.006011,
 813, 0.312180, 0.005801,
 814, 0.311920, 0.006102,
 815, 0.311850, 0.006327,
 816, 0.311690, 0.005612,
 817, 0.311900, 0.006268,
 818, 0.311970, 0.005825,
 819, 0.311880, 0.006330,
 820, 0.312020, 0.006055,
 821, 0.311860, 0.005911,
 822, 0.311890, 0.006278,
 823, 0.312010, 0.005689,
 824, 0.311710, 0.006391,
 825, 0.312040, 0.006375,
 826, 0.311710, 0.005862,
 827, 0.311820, 0.006372,
 828, 0.311660, 0.005879,
 829, 0.311700, 0.006199,
 830, 0.311580, 0.006126,
 831, 0.311750, 0.005987,
 832, 0.311810, 0.006180,
 833, 0.311850, 0.005516,
 834, 0.312100, 0.006215,
 835, 0.311790, 0.006129,
 836, 0.311940, 0.005985,
 837, 0.311480, 0.006097,
 838, 0.311980, 0.005604,
 839, 0.311790, 0.006091,
 840, 0.311780, 0.006008,
 841, 0.311750, 0.005687,
 842, 0.311420, 0.006640,
 843, 0.311910, 0.005623,
 844, 0.311750, 0.006180,
 845, 0.311510, 0.006247,
 846, 0.311810, 0.005630,
 847, 0.311990, 0.006390,
 848, 0.311830, 0.005795,
 849, 0.311850, 0.006289,
 850, 0.311740, 0.006034,
 851, 0.311760, 0.005470,
 852, 0.311690, 0.006069,
 853, 0.312160, 0.005621,
 854, 0.311470, 0.006452,
 855, 0.311710, 0.006236,
 856, 0.311850, 0.005742,
 857, 0.311470, 0.006092,
 858, 0.311880, 0.005742,
 859, 0.311830, 0.006075,
 860, 0.312110, 0.006246,
 861, 0.311970, 0.005638,
 862, 0.311870, 0.006348,
 863, 0.311670, 0.005636,
 864, 0.311680, 0.006143,
 865, 0.311920, 0.006311,
 866, 0.312030, 0.005799,
 867, 0.311710, 0.006221,
 868, 0.311580, 0.005452,
 869, 0.311960, 0.006445,
 870, 0.311590, 0.006317,
 871, 0.311750, 0.005710,
 872, 0.311960, 0.006513,
 873, 0.311940, 0.005635,
 874, 0.312120, 0.006144,
 875, 0.311890, 0.005924,
 876, 0.311690, 0.005825,
 877, 0.311800, 0.006000,
 878, 0.311700, 0.005629,
 879, 0.311770, 0.006243,
 880, 0.311570, 0.006144,
 881, 0.311670, 0.005597,
 882, 0.311840, 0.006259,
 883, 0.311670, 0.005588,
 884, 0.311980, 0.006398,
 885, 0.311550, 0.006412,
 886, 0.312110, 0.005921,
 887, 0.311810, 0.006086,
 888, 0.311560, 0.005895,
 889, 0.311940, 0.006216,
 890, 0.311800, 0.006229,
 891, 0.311840, 0.005587,
 892, 0.311560, 0.006150,
 893, 0.311580, 0.005572,
 894, 0.311830, 0.006083,
 895, 0.311790, 0.006123,
 896, 0.311900, 0.005888,
 897, 0.311570, 0.006095,
 898, 0.311810, 0.005628,
 899, 0.312130, 0.006384,
 900, 0.311820, 0.006452,
 901, 0.311770, 0.005521,
 902, 0.311690, 0.005922,
 903, 0.311600, 0.005724,
 904, 0.311920, 0.006346,
 905, 0.311780, 0.006080,
 906, 0.311710, 0.005687,
 907, 0.312270, 0.006313,
 908, 0.311700, 0.005842,
 909, 0.311890, 0.006174,
 910, 0.311680, 0.006412,
 911, 0.311870, 0.005988,
 912, 0.311890, 0.006381,
 913, 0.311610, 0.005669,
 914, 0.311930, 0.005974,
 915, 0.311990, 0.006283,
 916, 0.311760, 0.005652,
 917, 0.311810, 0.006253,
 918, 0.311650, 0.005743,
 919, 0.311860, 0.006266,
 920, 0.312060, 0.006342,
 921, 0.311640, 0.005842,
 922, 0.311790, 0.006192,
 923, 0.311310, 0.005868,
 924, 0.311890, 0.006237,
 925, 0.311790, 0.006350,
 926, 0.311610, 0.005582,
 927, 0.311770, 0.005941,
 928, 0.311720, 0.005570,
 929, 0.312070, 0.006197,
 930, 0.312110, 0.006232,
 931, 0.311430, 0.005597,
 932, 0.312060, 0.006214,
 933, 0.311990, 0.006270,
 934, 0.312070, 0.005933,
 935, 0.311930, 0.006352,
 936, 0.311540, 0.005410,
 937, 0.312300, 0.006212,
 938, 0.311660, 0.006181,
 939, 0.311660, 0.005874,
 940, 0.312020, 0.006005,
 941, 0.311590, 0.005659,
 942, 0.312140, 0.006283,
 943, 0.311870, 0.006130,
 944, 0.311770, 0.005585,
 945, 0.311620, 0.006190,
 946, 0.311840, 0.005768,
 947, 0.311900, 0.006061,
 948, 0.311680, 0.006038,
 949, 0.311930, 0.005752,
 950, 0.312070, 0.005925,
 951, 0.311770, 0.005353,
 952, 0.312140, 0.006269,
 953, 0.311650, 0.006132,
 954, 0.311920, 0.005583,
 955, 0.311850, 0.006163,
 956, 0.311540, 0.005874,
 957, 0.312140, 0.006459,
 958, 0.311590, 0.006018,
 959, 0.311970, 0.005724,
 960, 0.311940, 0.006141,
 961, 0.311580, 0.005712,
 962, 0.311940, 0.006225,
 963, 0.311740, 0.006289,
 964, 0.311640, 0.005661,
 965, 0.311860, 0.006194,
 966, 0.311630, 0.006023,
 967, 0.312090, 0.005955,
 968, 0.311900, 0.006305,
 969, 0.311440, 0.005701,
 970, 0.311800, 0.006184,
 971, 0.311460, 0.005738,
 972, 0.312110, 0.006488,
 973, 0.311620, 0.006177,
 974, 0.311810, 0.005632,
 975, 0.312030, 0.006388,
 976, 0.311620, 0.005697,
 977, 0.312280, 0.006350,
 978, 0.311890, 0.005958,
 979, 0.311810, 0.005846,
 980, 0.312090, 0.006394,
 981, 0.311540, 0.005652,
 982, 0.311810, 0.006403,
 983, 0.311760, 0.006103,
 984, 0.311740, 0.005822,
 985, 0.311890, 0.006221,
 986, 0.311750, 0.005907,
 987, 0.311880, 0.006054,
 988, 0.311870, 0.006021,
 989, 0.311690, 0.005649,
 990, 0.311880, 0.006154,
 991, 0.311640, 0.005881,
 992, 0.311810, 0.006135,
 993, 0.312050, 0.006421,
 994, 0.311550, 0.005622,
 995, 0.311780, 0.006182,
 996, 0.311810, 0.005639,
 997, 0.311950, 0.006396,
 998, 0.311750, 0.006344,
 999, 0.311710, 0.005776,
 1000, 0.311980, 0.006350,
 1001, 0.311620, 0.005676,
 1002, 0.311690, 0.006288,
 1003, 0.312020, 0.006476,
 1004, 0.311390, 0.005632,
 1005, 0.312140, 0.006211,
 1006, 0.311780, 0.005898,
 1007, 0.311630, 0.006185,
 1008, 0.312000, 0.006169,
 1009, 0.311570, 0.005797,
 1010, 0.312040, 0.006498,
 1011, 0.311660, 0.005797,
 1012, 0.311870, 0.006407,
 1013, 0.311820, 0.006274,
 1014, 0.311740, 0.005808,
 1015, 0.311770, 0.006193,
 1016, 0.311660, 0.005606,
 1017, 0.311910, 0.006158,
 1018, 0.311880, 0.006237,
 1019, 0.311710, 0.005663,
 1020, 0.311870, 0.006256,
 1021, 0.311900, 0.005771,
 1022, 0.311970, 0.006108,
 1023, 0.311990, 0.006303,
 1024, 0.311650, 0.005979,
 1025, 0.313070, 0.006410,
 1026, 0.312270, 0.005779,
 1027, 0.311920, 0.006275,
 1028, 0.312250, 0.006129,
 1029, 0.311700, 0.005952,
 1030, 0.312100, 0.006159,
 1031, 0.312020, 0.005741,
 1032, 0.311820, 0.006021,
 1033, 0.311800, 0.006007,
 1034, 0.311620, 0.005791,
 1035, 0.311830, 0.006391,
 1036, 0.311570, 0.005714,
 1037, 0.311960, 0.006109,
 1038, 0.311840, 0.006305,
 1039, 0.311940, 0.005694,
 1040, 0.311800, 0.006022,
 1041, 0.312080, 0.005368,
 1042, 0.311830, 0.006205,
 1043, 0.311950, 0.006189,
 1044, 0.311900, 0.005977,
 1045, 0.312010, 0.006333,
 1046, 0.311800, 0.005422,
 1047, 0.311800, 0.006423,
 1048, 0.311790, 0.006192,
 1049, 0.312100, 0.005815,
 1050, 0.311570, 0.006163,
 1051, 0.311650, 0.005349,
 1052, 0.312110, 0.006176,
 1053, 0.311580, 0.006173,
 1054, 0.312090, 0.005564,
 1055, 0.311420, 0.006144,
 1056, 0.311690, 0.005571,
 1057, 0.311790, 0.005816,
 1058, 0.312140, 0.006275,
 1059, 0.311760, 0.005589,
 1060, 0.311770, 0.006431,
 1061, 0.311730, 0.005566,
 1062, 0.311880, 0.006368,
 1063, 0.311220, 0.005883,
 1064, 0.311940, 0.005530,
 1065, 0.311670, 0.006078,
 1066, 0.312020, 0.005696,
 1067, 0.311910, 0.006392,
 1068, 0.311750, 0.006095,
 1069, 0.311810, 0.005578,
 1070, 0.311870, 0.006048,
 1071, 0.311940, 0.005398,
 1072, 0.311520, 0.006543,
 1073, 0.311930, 0.006319,
 1074, 0.311800, 0.005821,
 1075, 0.311530, 0.005932,
 1076, 0.311630, 0.005626,
 1077, 0.311690, 0.006051,
 1078, 0.311800, 0.006028,
 1079, 0.311710, 0.005656,
 1080, 0.311780, 0.006207,
 1081, 0.311720, 0.005746,
 1082, 0.312040, 0.006288,
 1083, 0.311680, 0.006180,
 1084, 0.311790, 0.005979,
 1085, 0.311870, 0.006131,
 1086, 0.311330, 0.005645,
 1087, 0.312140, 0.006285,
 1088, 0.311820, 0.006024,
 1089, 0.311610, 0.005718,
 1090, 0.311950, 0.006225,
 1091, 0.311560, 0.005670,
 1092, 0.312000, 0.006301,
 1093, 0.311610, 0.006221,
 1094, 0.311850, 0.005608,
 1095, 0.312190, 0.006206,
 1096, 0.311540, 0.005700,
 1097, 0.311830, 0.006182,
 1098, 0.311640, 0.006110,
 1099, 0.311850, 0.005349,
 1100, 0.311970, 0.006151,
 1101, 0.311920, 0.005779,
 1102, 0.311740, 0.006062,
 1103, 0.311930, 0.005884,
 1104, 0.311740, 0.005936,
 1105, 0.311800, 0.006140,
 1106, 0.311680, 0.005755,
 1107, 0.311870, 0.006338,
 1108, 0.312040, 0.006197,
 1109, 0.311770, 0.005751,
 1110, 0.311970, 0.006059,
 1111, 0.311540, 0.005452,
 1112, 0.312180, 0.006537,
 1113, 0.311910, 0.005983,
 1114, 0.311780, 0.005533,
 1115, 0.312040, 0.006151,
 1116, 0.311680, 0.005519,
 1117, 0.312140, 0.006280,
 1118, 0.312180, 0.006484,
 1119, 0.311590, 0.005785,
 1120, 0.312140, 0.006018,
 1121, 0.311740, 0.005464,
 1122, 0.312230, 0.006468,
 1123, 0.311900, 0.005787,
 1124, 0.311570, 0.005613,
 1125, 0.311900, 0.006019,
 1126, 0.311930, 0.005821,
 1127, 0.311920, 0.006449,
 1128, 0.311900, 0.006238,
 1129, 0.312180, 0.005806,
 1130, 0.311910, 0.006098,
 1131, 0.311710, 0.005618,
 1132, 0.311730, 0.006253,
 1133, 0.311850, 0.006152,
 1134, 0.311810, 0.005758,
 1135, 0.312140, 0.006227,
 1136, 0.311530, 0.005460,
 1137, 0.311900, 0.006311,
 1138, 0.312440, 0.006369,
 1139, 0.311580, 0.005896,
 1140, 0.312000, 0.006194,
 1141, 0.311700, 0.006362,
 1142, 0.311800, 0.005682,
 1143, 0.312120, 0.006207,
 1144, 0.311730, 0.005795,
 1145, 0.311840, 0.005959,
 1146, 0.311680, 0.006041,
 1147, 0.312010, 0.005816,
 1148, 0.312340, 0.006122,
 1149, 0.311560, 0.005757,
 1150, 0.312420, 0.006322,
 1151, 0.312130, 0.006300,
 1152, 0.311880, 0.005627,
 1153, 0.311990, 0.006267,
 1154, 0.311770, 0.005690,
 1155, 0.311690, 0.006442,
 1156, 0.312070, 0.005987,
 1157, 0.311560, 0.005823,
 1158, 0.311830, 0.006318,
 1159, 0.312070, 0.005726,
 1160, 0.311760, 0.006314,
 1161, 0.311710, 0.006306,
 1162, 0.311580, 0.005713,
 1163, 0.311870, 0.006318,
 1164, 0.311790, 0.005937,
 1165, 0.311800, 0.006400,
 1166, 0.311950, 0.006495,
 1167, 0.311750, 0.005599,
 1168, 0.311890, 0.006031,
 1169, 0.311850, 0.005686,
 1170, 0.312150, 0.006060,
 1171, 0.312120, 0.006202,
 1172, 0.311790, 0.005448,
 1173, 0.312120, 0.006266,
 1174, 0.311660, 0.005807,
 1175, 0.312110, 0.006297,
 1176, 0.312170, 0.006073,
 1177, 0.311740, 0.005551,
 1178, 0.311960, 0.006335,
 1179, 0.311670, 0.005774,
 1180, 0.311940, 0.006031,
 1181, 0.311670, 0.005928,
 1182, 0.311950, 0.005714,
 1183, 0.311960, 0.006429,
 1184, 0.311600, 0.005753,
 1185, 0.312010, 0.006092,
 1186, 0.311790, 0.006149,
 1187, 0.311580, 0.005842,
 1188, 0.311820, 0.006026,
 1189, 0.311690, 0.005912,
 1190, 0.311560, 0.006316,
 1191, 0.311920, 0.006209,
 1192, 0.311950, 0.005599,
 1193, 0.311980, 0.006184,
 1194, 0.311850, 0.005581,
 1195, 0.311890, 0.006092,
 1196, 0.311930, 0.006144,
 1197, 0.311780, 0.005676,
 1198, 0.312120, 0.006385,
 1199, 0.311990, 0.005806,
 1200, 0.311820, 0.006341,
 1201, 0.311850, 0.006108,
 1202, 0.311810, 0.005905,
 1203, 0.311820, 0.006162,
 1204, 0.311670, 0.005694,
 1205, 0.311720, 0.006303,
 1206, 0.312050, 0.006305,
 1207, 0.311710, 0.005721,
 1208, 0.311890, 0.006251,
 1209, 0.311730, 0.005338,
 1210, 0.311980, 0.006458,
 1211, 0.312040, 0.005899,
 1212, 0.311760, 0.005581,
 1213, 0.311910, 0.006156,
 1214, 0.311930, 0.005686,
 1215, 0.311750, 0.006012,
 1216, 0.311970, 0.006129,
 1217, 0.311630, 0.005549,
 1218, 0.311840, 0.006327,
 1219, 0.311620, 0.005431,
 1220, 0.311800, 0.006320,
 1221, 0.311850, 0.006347,
 1222, 0.311700, 0.005976,
 1223, 0.311830, 0.006342,
 1224, 0.311930, 0.005819,
 1225, 0.311760, 0.006266,
 1226, 0.311710, 0.006207,
 1227, 0.311890, 0.005802,
 1228, 0.311760, 0.006002,
 1229, 0.311640, 0.005652,
 1230, 0.311650, 0.006101,
 1231, 0.311580, 0.006055,
 1232, 0.312060, 0.005651,
 1233, 0.311860, 0.006218,
 1234, 0.312020, 0.005634,
 1235, 0.312080, 0.006087,
 1236, 0.312390, 0.006109,
 1237, 0.311990, 0.005957,
 1238, 0.311970, 0.006271,
 1239, 0.311850, 0.005592,
 1240, 0.311950, 0.005997,
 1241, 0.312340, 0.006136,
 1242, 0.311890, 0.005519,
 1243, 0.311800, 0.006347,
 1244, 0.311950, 0.005944,
 1245, 0.311990, 0.006338,
 1246, 0.311650, 0.006244,
 1247, 0.311830, 0.005708,
 1248, 0.311960, 0.006213,
 1249, 0.312000, 0.005831,
 1250, 0.311660, 0.006234,
 1251, 0.312050, 0.006139,
 1252, 0.311810, 0.006090,
 1253, 0.311900, 0.006052,
 1254, 0.311610, 0.005720,
 1255, 0.311740, 0.006235,
 1256, 0.311820, 0.006270,
 1257, 0.312020, 0.005765,
 1258, 0.311630, 0.006136,
 1259, 0.311550, 0.005638,
 1260, 0.311790, 0.006030,
 1261, 0.311990, 0.006310,
 1262, 0.312230, 0.005748,
 1263, 0.311680, 0.006130,
 1264, 0.311690, 0.005555,
 1265, 0.311950, 0.006402,
 1266, 0.311830, 0.006198,
 1267, 0.311780, 0.005665,
 1268, 0.311430, 0.005997,
 1269, 0.311780, 0.005649,
 1270, 0.311970, 0.006295,
 1271, 0.311770, 0.006418,
 1272, 0.312150, 0.005728,
 1273, 0.312000, 0.006253,
 1274, 0.312020, 0.005815,
 1275, 0.311910, 0.006282,
 1276, 0.311800, 0.005965,
 1277, 0.311620, 0.005963,
 1278, 0.311740, 0.006228,
 1279, 0.312000, 0.005706,
 1280, 0.311900, 0.006146,
 1281, 0.311810, 0.006126,
 1282, 0.311910, 0.005682,
 1283, 0.311780, 0.006042,
 1284, 0.311850, 0.005717,
 1285, 0.312020, 0.006290,
 1286, 0.311740, 0.006297,
 1287, 0.311990, 0.005856,
 1288, 0.311700, 0.006059,
 1289, 0.311660, 0.005557,
 1290, 0.312140, 0.006414,
 1291, 0.311690, 0.006046,
 1292, 0.311990, 0.005815,
 1293, 0.312110, 0.006036,
 1294, 0.311440, 0.005476,
 1295, 0.312000, 0.006179,
 1296, 0.311790, 0.006042,
 1297, 0.311900, 0.005929,
 1298, 0.311680, 0.006312,
 1299, 0.311590, 0.005689,
 1300, 0.312230, 0.006048,
 1301, 0.311610, 0.005963,
 1302, 0.311950, 0.006067,
 1303, 0.311930, 0.006220,
 1304, 0.311720, 0.005772,
 1305, 0.312060, 0.006209,
 1306, 0.311710, 0.005850,
 1307, 0.311720, 0.005930,
 1308, 0.311780, 0.006169,
 1309, 0.311900, 0.005794,
 1310, 0.311810, 0.006130,
 1311, 0.311860, 0.006143,
 1312, 0.311770, 0.005896,
 1313, 0.312210, 0.006578,
 1314, 0.311610, 0.005741,
 1315, 0.312000, 0.006377,
 1316, 0.311940, 0.006091,
 1317, 0.311980, 0.005671,
 1318, 0.312060, 0.006104,
 1319, 0.311590, 0.005555,
 1320, 0.312080, 0.006208,
 1321, 0.312020, 0.006375,
 1322, 0.311540, 0.005583,
 1323, 0.312070, 0.006019,
 1324, 0.311670, 0.005731,
 1325, 0.312150, 0.006523,
 1326, 0.311970, 0.006360,
 1327, 0.311480, 0.005723,
 1328, 0.311900, 0.006220,
 1329, 0.311470, 0.005576,
 1330, 0.311770, 0.006232,
 1331, 0.311870, 0.006165,
 1332, 0.311650, 0.005811,
 1333, 0.311820, 0.006059,
 1334, 0.311920, 0.005822,
 1335, 0.311920, 0.006442,
 1336, 0.311960, 0.006414,
 1337, 0.311570, 0.005787,
 1338, 0.311800, 0.006216,
 1339, 0.311540, 0.005576,
 1340, 0.311970, 0.006123,
 1341, 0.312000, 0.006120,
 1342, 0.311630, 0.005690,
 1343, 0.311900, 0.005920,
 1344, 0.311850, 0.005645,
 1345, 0.311960, 0.006115,
 1346, 0.311760, 0.006381,
 1347, 0.311650, 0.005944,
 1348, 0.311900, 0.006270,
 1349, 0.311610, 0.006069,
 1350, 0.312090, 0.005828,
 1351, 0.312150, 0.006477,
 1352, 0.311520, 0.005684,
 1353, 0.311840, 0.006500,
 1354, 0.311500, 0.005996,
 1355, 0.311680, 0.005660,
 1356, 0.311980, 0.006010,
 1357, 0.311720, 0.005566,
 1358, 0.312000, 0.006533,
 1359, 0.311940, 0.006628,
 1360, 0.311820, 0.005895,
 1361, 0.312040, 0.006051,
 1362, 0.311710, 0.005701,
 1363, 0.311610, 0.006102,
 1364, 0.311950, 0.006069,
 1365, 0.311840, 0.006005,
 1366, 0.312040, 0.006151,
 1367, 0.311530, 0.005773,
 1368, 0.312060, 0.006200,
 1369, 0.311750, 0.006234,
 1370, 0.311760, 0.006288,
 1371, 0.311820, 0.006278,
 1372, 0.311570, 0.005647,
 1373, 0.311740, 0.006113,
 1374, 0.311910, 0.006287,
 1375, 0.311650, 0.005714,
 1376, 0.311970, 0.006354,
 1377, 0.311640, 0.005718,
 1378, 0.311780, 0.006144,
 1379, 0.311790, 0.006306,
 1380, 0.311560, 0.005726,
 1381, 0.311800, 0.005880,
 1382, 0.311620, 0.005815,
 1383, 0.311750, 0.006202,
 1384, 0.312030, 0.006113,
 1385, 0.311450, 0.005737,
 1386, 0.312080, 0.006164,
 1387, 0.311670, 0.005824,
 1388, 0.312110, 0.006316,
 1389, 0.311890, 0.006269,
 1390, 0.312120, 0.005917,
 1391, 0.311800, 0.006200,
 1392, 0.311900, 0.005698,
 1393, 0.312000, 0.006776,
 1394, 0.312020, 0.006375,
 1395, 0.311700, 0.005775,
 1396, 0.312000, 0.006135,
 1397, 0.311840, 0.005753,
 1398, 0.311750, 0.006236,
 1399, 0.311920, 0.006110,
 1400, 0.311850, 0.005721,
 1401, 0.312050, 0.006095,
 1402, 0.311780, 0.005765,
 1403, 0.311990, 0.006461,
 1404, 0.312030, 0.006185,
 1405, 0.311580, 0.005948,
 1406, 0.311910, 0.006179,
 1407, 0.311710, 0.005825,
 1408, 0.311850, 0.006266,
 1409, 0.312080, 0.006225,
 1410, 0.311740, 0.005787,
 1411, 0.312080, 0.006254,
 1412, 0.311950, 0.005570,
 1413, 0.311720, 0.006266,
 1414, 0.312020, 0.005968,
 1415, 0.311780, 0.005626,
 1416, 0.311940, 0.006288,
 1417, 0.311660, 0.005788,
 1418, 0.311880, 0.006087,
 1419, 0.311640, 0.006056,
 1420, 0.311380, 0.005708,
 1421, 0.312020, 0.006288,
 1422, 0.311780, 0.005451,
 1423, 0.311520, 0.006228,
 1424, 0.312090, 0.006050,
 1425, 0.311860, 0.005611,
 1426, 0.311900, 0.006147,
 1427, 0.311960, 0.005753,
 1428, 0.312100, 0.006368,
 1429, 0.311990, 0.006162,
 1430, 0.311740, 0.005560,
 1431, 0.311930, 0.006320,
 1432, 0.311790, 0.005629,
 1433, 0.311730, 0.006167,
 1434, 0.311930, 0.006010,
 1435, 0.311740, 0.005746,
 1436, 0.312000, 0.006066,
 1437, 0.311970, 0.005540,
 1438, 0.311610, 0.006140,
 1439, 0.312170, 0.006433,
 1440, 0.311740, 0.005608,
 1441, 0.311810, 0.006288,
 1442, 0.311900, 0.005660,
 1443, 0.311620, 0.006188,
 1444, 0.312000, 0.006202,
 1445, 0.311720, 0.005804,
 1446, 0.311880, 0.006032,
 1447, 0.311740, 0.005739,
 1448, 0.311600, 0.006231,
 1449, 0.311800, 0.005977,
 1450, 0.312230, 0.006028,
 1451, 0.311810, 0.006456,
 1452, 0.311920, 0.005522,
 1453, 0.312090, 0.006163,
 1454, 0.311980, 0.006253,
 1455, 0.311540, 0.005886,
 1456, 0.311520, 0.006188,
 1457, 0.311800, 0.005602,
 1458, 0.311570, 0.006257,
 1459, 0.311710, 0.006282,
 1460, 0.311570, 0.005686,
 1461, 0.311530, 0.006092,
 1462, 0.311780, 0.005654,
 1463, 0.311950, 0.006301,
 1464, 0.312100, 0.006110,
 1465, 0.311880, 0.005830,
 1466, 0.311790, 0.006244,
 1467, 0.311540, 0.005645,
 1468, 0.311640, 0.006021,
 1469, 0.311850, 0.006180,
 1470, 0.311870, 0.005739,
 1471, 0.311920, 0.006341,
 1472, 0.311860, 0.005494,
 1473, 0.311980, 0.006076,
 1474, 0.312030, 0.006303,
 1475, 0.311890, 0.005614,
 1476, 0.311830, 0.006329,
 1477, 0.311970, 0.005620,
 1478, 0.312040, 0.006166,
 1479, 0.311630, 0.006157,
 1480, 0.311860, 0.005541,
 1481, 0.311840, 0.006049,
 1482, 0.312020, 0.005501,
 1483, 0.312110, 0.006301,
 1484, 0.311700, 0.006097,
 1485, 0.311790, 0.005843,
 1486, 0.312020, 0.006331,
 1487, 0.311790, 0.005828,
 1488, 0.311780, 0.006191,
 1489, 0.311930, 0.005845,
 1490, 0.311860, 0.005532,
 1491, 0.311850, 0.006222,
 1492, 0.311510, 0.005868,
 1493, 0.311780, 0.006134,
 1494, 0.311550, 0.006246,
 1495, 0.311620, 0.005502,
 1496, 0.311740, 0.006206,
 1497, 0.311840, 0.005820,
 1498, 0.311980, 0.006258,
 1499, 0.311450, 0.006407,
 1500, 0.311960, 0.005807,
 1501, 0.312140, 0.006223,
 1502, 0.311570, 0.005670,
 1503, 0.312030, 0.006322,
 1504, 0.311780, 0.006173,
 1505, 0.312080, 0.006008,
 1506, 0.312150, 0.006349,
 1507, 0.311430, 0.005583,
 1508, 0.312050, 0.006569,
 1509, 0.311540, 0.006279,
 1510, 0.311980, 0.005575,
 1511, 0.312030, 0.006343,
 1512, 0.311900, 0.005740,
 1513, 0.311910, 0.006363,
 1514, 0.311910, 0.006272,
 1515, 0.311820, 0.005874,
 1516, 0.311810, 0.006233,
 1517, 0.311780, 0.005721,
 1518, 0.311960, 0.006187,
 1519, 0.311860, 0.005896,
 1520, 0.311700, 0.005929,
 1521, 0.312070, 0.006205,
 1522, 0.311570, 0.005650,
 1523, 0.311880, 0.006083,
 1524, 0.311910, 0.006234,
 1525, 0.311620, 0.005651,
 1526, 0.312160, 0.006023,
 1527, 0.311530, 0.005432,
 1528, 0.312130, 0.006378,
 1529, 0.311900, 0.006332,
 1530, 0.311630, 0.006029,
 1531, 0.312010, 0.006528,
 1532, 0.311500, 0.005822,
 1533, 0.312130, 0.006426,
 1534, 0.311900, 0.006365,
 1535, 0.311660, 0.005478,
 1536, 0.312070, 0.006345,
 1537, 0.311170, 0.005713,
 1538, 0.311830, 0.006207,
 1539, 0.311520, 0.006097,
 1540, 0.311590, 0.005708,
 1541, 0.312060, 0.006013,
 1542, 0.311780, 0.005758,
 1543, 0.311840, 0.006330,
 1544, 0.312080, 0.006256,
 1545, 0.311380, 0.005735,
 1546, 0.312060, 0.006448,
 1547, 0.311990, 0.005816,
 1548, 0.311930, 0.006382,
 1549, 0.311800, 0.006075,
 1550, 0.311820, 0.005556,
 1551, 0.311850, 0.006231,
 1552, 0.311830, 0.005741,
 1553, 0.311850, 0.006244,
 1554, 0.312220, 0.006469,
 1555, 0.311860, 0.005568,
 1556, 0.311870, 0.006278,
 1557, 0.311680, 0.006138,
 1558, 0.311910, 0.005606,
 1559, 0.312090, 0.006280,
 1560, 0.311510, 0.005679,
 1561, 0.311970, 0.006009,
 1562, 0.311610, 0.005955,
 1563, 0.312060, 0.005660,
 1564, 0.312050, 0.005929,
 1565, 0.311790, 0.005677,
 1566, 0.311740, 0.006500,
 1567, 0.311900, 0.006273,
 1568, 0.311960, 0.005671,
 1569, 0.311690, 0.006196,
 1570, 0.311690, 0.005607,
 1571, 0.311810, 0.006046,
 1572, 0.311890, 0.006299,
 1573, 0.311750, 0.005574,
 1574, 0.311850, 0.006298,
 1575, 0.311680, 0.005678,
 1576, 0.311590, 0.006186,
 1577, 0.312000, 0.006283,
 1578, 0.311680, 0.005793,
 1579, 0.312030, 0.006319,
 1580, 0.311730, 0.005718,
 1581, 0.311920, 0.006136,
 1582, 0.311980, 0.006240,
 1583, 0.311720, 0.005748,
 1584, 0.311830, 0.006153,
 1585, 0.311580, 0.005761,
 1586, 0.311850, 0.006134,
 1587, 0.311930, 0.006118,
 1588, 0.311840, 0.005648,
 1589, 0.311930, 0.006306,
 1590, 0.311570, 0.005645,
 1591, 0.311900, 0.006168,
 1592, 0.311920, 0.006140,
 1593, 0.312060, 0.005681,
 1594, 0.311990, 0.006210,
 1595, 0.311720, 0.005708,
 1596, 0.311920, 0.005953,
 1597, 0.311860, 0.006267,
 1598, 0.312200, 0.005701,
 1599, 0.311840, 0.005974,
 1600, 0.311630, 0.005683,
 1601, 0.311930, 0.006536,
 1602, 0.311890, 0.006094,
 1603, 0.311760, 0.005798,
 1604, 0.312080, 0.006390,
 1605, 0.311920, 0.005739,
 1606, 0.312070, 0.006369,
 1607, 0.312030, 0.006131,
 1608, 0.311810, 0.005711,
 1609, 0.311890, 0.006245,
 1610, 0.311670, 0.005739,
 1611, 0.311800, 0.006111,
 1612, 0.311860, 0.006151,
 1613, 0.311470, 0.005401,
 1614, 0.312060, 0.006038,
 1615, 0.311800, 0.005667,
 1616, 0.311970, 0.006492,
 1617, 0.311900, 0.006138,
 1618, 0.311650, 0.005731,
 1619, 0.312200, 0.006406,
 1620, 0.311810, 0.005438,
 1621, 0.312030, 0.006419,
 1622, 0.311810, 0.006259,
 1623, 0.311380, 0.005996,
 1624, 0.312190, 0.006133,
 1625, 0.311600, 0.005734,
 1626, 0.311720, 0.006156,
 1627, 0.312190, 0.006140,
 1628, 0.311590, 0.005639,
 1629, 0.311980, 0.006174,
 1630, 0.311980, 0.005690,
 1631, 0.311740, 0.006299,
 1632, 0.311800, 0.006210,
 1633, 0.311530, 0.005642,
 1634, 0.311840, 0.006203,
 1635, 0.311910, 0.005887,
 1636, 0.311890, 0.006176,
 1637, 0.311870, 0.006097,
 1638, 0.311800, 0.005652,
 1639, 0.311840, 0.006353,
 1640, 0.311940, 0.005522,
 1641, 0.311760, 0.006545,
 1642, 0.311890, 0.006094,
 1643, 0.311810, 0.005633,
 1644, 0.312080, 0.006066,
 1645, 0.311810, 0.005599,
 1646, 0.311660, 0.006484,
 1647, 0.311810, 0.006272,
 1648, 0.311970, 0.005857,
 1649, 0.311800, 0.006243,
 1650, 0.311580, 0.005622,
 1651, 0.311710, 0.006375,
 1652, 0.312000, 0.006237,
 1653, 0.311540, 0.005907,
 1654, 0.311950, 0.006105,
 1655, 0.311740, 0.005397,
 1656, 0.311620, 0.006230,
 1657, 0.312300, 0.006396,
 1658, 0.312150, 0.005849,
 1659, 0.311760, 0.006216,
 1660, 0.311570, 0.005584,
 1661, 0.311860, 0.006125,
 1662, 0.311700, 0.006152,
 1663, 0.311780, 0.005531,
 1664, 0.311850, 0.006246,
 1665, 0.311980, 0.005517,
 1666, 0.311820, 0.006060,
 1667, 0.311720, 0.006135,
 1668, 0.311950, 0.005672,
 1669, 0.311890, 0.006159,
 1670, 0.311990, 0.005785,
 1671, 0.311600, 0.006119,
 1672, 0.312060, 0.006122,
 1673, 0.311960, 0.005757,
 1674, 0.311730, 0.006488,
 1675, 0.311930, 0.005819,
 1676, 0.311840, 0.006196,
 1677, 0.311950, 0.006075,
 1678, 0.311620, 0.005755,
 1679, 0.311750, 0.005830,
 1680, 0.311760, 0.005848,
 1681, 0.311970, 0.006319,
 1682, 0.312120, 0.006027,
 1683, 0.311820, 0.005670,
 1684, 0.311690, 0.006174,
 1685, 0.311890, 0.005519,
 1686, 0.312050, 0.006217,
 1687, 0.311380, 0.005834,
 1688, 0.312220, 0.005445,
 1689, 0.311680, 0.005846,
 1690, 0.311940, 0.005634,
 1691, 0.311780, 0.006262,
 1692, 0.311800, 0.006264,
 1693, 0.311850, 0.005890,
 1694, 0.311810, 0.006502,
 1695, 0.311810, 0.005842,
 1696, 0.311890, 0.006197,
 1697, 0.311660, 0.006000,
 1698, 0.311840, 0.005805,
 1699, 0.311940, 0.006099,
 1700, 0.311430, 0.005684,
 1701, 0.312040, 0.006462,
 1702, 0.311480, 0.006243,
 1703, 0.311800, 0.006053,
 1704, 0.311830, 0.005805,
 1705, 0.311990, 0.005922,
 1706, 0.311710, 0.006284,
 1707, 0.311510, 0.006388,
 1708, 0.311760, 0.005767,
 1709, 0.311820, 0.006075,
 1710, 0.311410, 0.005588,
 1711, 0.312120, 0.006276,
 1712, 0.311780, 0.005858,
 1713, 0.311890, 0.005580,
 1714, 0.311930, 0.006322,
 1715, 0.311640, 0.005759,
 1716, 0.311910, 0.006047,
 1717, 0.311510, 0.006067,
 1718, 0.311860, 0.005807,
 1719, 0.311950, 0.006180,
 1720, 0.311740, 0.005507,
 1721, 0.311810, 0.006345,
 1722, 0.311960, 0.006415,
 1723, 0.311810, 0.005603,
 1724, 0.311670, 0.006208,
 1725, 0.311630, 0.005765,
 1726, 0.311990, 0.006468,
 1727, 0.311580, 0.006192,
 1728, 0.311970, 0.005777,
 1729, 0.311760, 0.006271,
 1730, 0.311480, 0.005799,
 1731, 0.311920, 0.006378,
 1732, 0.311740, 0.005993,
 1733, 0.311730, 0.005860,
 1734, 0.312160, 0.005897,
 1735, 0.311750, 0.005695,
 1736, 0.311880, 0.006273,
 1737, 0.311890, 0.006187,
 1738, 0.311620, 0.005991,
 1739, 0.312070, 0.006265,
 1740, 0.311680, 0.005353,
 1741, 0.312170, 0.006353,
 1742, 0.311830, 0.006203,
 1743, 0.311420, 0.005652,
 1744, 0.311760, 0.006223,
 1745, 0.311700, 0.005861,
 1746, 0.311760, 0.006405,
 1747, 0.312140, 0.006109,
 1748, 0.311660, 0.005722,
 1749, 0.312080, 0.006505,
 1750, 0.311830, 0.005682,
 1751, 0.312040, 0.006197,
 1752, 0.311940, 0.006238,
 1753, 0.311560, 0.005680,
 1754, 0.311990, 0.006412,
 1755, 0.311630, 0.005480,
 1756, 0.311890, 0.006243,
 1757, 0.311710, 0.006215,
 1758, 0.311420, 0.005579,
 1759, 0.311970, 0.006380,
 1760, 0.311760, 0.005638,
 1761, 0.311970, 0.006303,
 1762, 0.311870, 0.006224,
 1763, 0.311460, 0.005645,
 1764, 0.312180, 0.006019,
 1765, 0.311540, 0.006239,
 1766, 0.311700, 0.005642,
 1767, 0.312050, 0.006031,
 1768, 0.311750, 0.005847,
 1769, 0.312100, 0.006308,
 1770, 0.311560, 0.006181,
 1771, 0.312050, 0.005439,
 1772, 0.311860, 0.006320,
 1773, 0.311940, 0.005653,
 1774, 0.311900, 0.006054,
 1775, 0.311890, 0.006031,
 1776, 0.311940, 0.005632,
 1777, 0.312030, 0.006346,
 1778, 0.311820, 0.005403,
 1779, 0.311880, 0.006210,
 1780, 0.311810, 0.006424,
 1781, 0.311650, 0.005842,
 1782, 0.312170, 0.006145,
 1783, 0.311650, 0.005945,
 1784, 0.312050, 0.006563,
 1785, 0.311870, 0.006466,
 1786, 0.312010, 0.005803,
 1787, 0.311970, 0.006022,
 1788, 0.311630, 0.005693,
 1789, 0.311880, 0.005995,
 1790, 0.312020, 0.006439,
 1791, 0.311560, 0.005523,
 1792, 0.311950, 0.006341,
 1793, 0.311750, 0.005634,
 1794, 0.311720, 0.006127,
 1795, 0.311940, 0.006398,
 1796, 0.311940, 0.005546,
 1797, 0.312140, 0.006263,
 1798, 0.311850, 0.005826,
 1799, 0.312100, 0.006009,
 1800, 0.312190, 0.006066,
 1801, 0.311810, 0.005735,
 1802, 0.312070, 0.005888,
 1803, 0.311570, 0.005747,
 1804, 0.312170, 0.006107,
 1805, 0.312020, 0.006451,
 1806, 0.311860, 0.005655,
 1807, 0.311780, 0.006427,
 1808, 0.311990, 0.005971,
 1809, 0.311760, 0.006145,
 1810, 0.312000, 0.006195,
 1811, 0.311680, 0.005713,
 1812, 0.311970, 0.006247,
 1813, 0.311880, 0.005527,
 1814, 0.311820, 0.006209,
 1815, 0.312000, 0.006190,
 1816, 0.311560, 0.005747,
 1817, 0.311560, 0.005979,
 1818, 0.311510, 0.005670,
 1819, 0.311710, 0.006196,
 1820, 0.311940, 0.006153,
 1821, 0.311750, 0.005797,
 1822, 0.311800, 0.006288,
 1823, 0.311560, 0.005700,
 1824, 0.311930, 0.006199,
 1825, 0.311930, 0.006168,
 1826, 0.311640, 0.005737,
 1827, 0.311750, 0.006183,
 1828, 0.311730, 0.005667,
 1829, 0.311860, 0.006345,
 1830, 0.312000, 0.006307,
 1831, 0.311680, 0.005674,
 1832, 0.311890, 0.006184,
 1833, 0.311890, 0.005868,
 1834, 0.311640, 0.006379,
 1835, 0.312120, 0.006106,
 1836, 0.311660, 0.005733,
 1837, 0.312070, 0.006530,
 1838, 0.311780, 0.005719,
 1839, 0.312010, 0.006172,
 1840, 0.311800, 0.005970,
 1841, 0.311520, 0.005956,
 1842, 0.311790, 0.006217,
 1843, 0.311730, 0.005564,
 1844, 0.311830, 0.006298,
 1845, 0.311760, 0.006211,
 1846, 0.311690, 0.005866,
 1847, 0.312180, 0.006287,
 1848, 0.311970, 0.005744,
 1849, 0.311600, 0.006134,
 1850, 0.311780, 0.006094,
 1851, 0.311860, 0.005908,
 1852, 0.311850, 0.006152,
 1853, 0.311930, 0.005831,
 1854, 0.311720, 0.006261,
 1855, 0.311780, 0.006248,
 1856, 0.311630, 0.005868,
 1857, 0.311960, 0.006227,
 1858, 0.311830, 0.005699,
 1859, 0.311930, 0.006233,
 1860, 0.311810, 0.006198,
 1861, 0.311750, 0.005568,
 1862, 0.311850, 0.005977,
 1863, 0.311770, 0.005713,
 1864, 0.311690, 0.006459,
 1865, 0.311840, 0.006077,
 1866, 0.311820, 0.005799,
 1867, 0.311710, 0.006114,
 1868, 0.312010, 0.005538,
 1869, 0.311770, 0.006376,
 1870, 0.311760, 0.006237,
 1871, 0.311900, 0.005885,
 1872, 0.312090, 0.006112,
 1873, 0.311760, 0.005623,
 1874, 0.311910, 0.006275,
 1875, 0.312010, 0.006451,
 1876, 0.312060, 0.005736,
 1877, 0.311810, 0.006307,
 1878, 0.311810, 0.005637,
 1879, 0.311850, 0.006116,
 1880, 0.311990, 0.006247,
 1881, 0.311880, 0.005869,
 1882, 0.311530, 0.006282,
 1883, 0.311730, 0.005674,
 1884, 0.311750, 0.006147,
 1885, 0.311960, 0.006148,
 1886, 0.311780, 0.005637,
 1887, 0.311910, 0.006336,
 1888, 0.311860, 0.005877,
 1889, 0.311710, 0.006121,
 1890, 0.311870, 0.006074,
 1891, 0.311830, 0.005481,
 1892, 0.311850, 0.005955,
 1893, 0.311970, 0.005631,
 1894, 0.311910, 0.006413,
 1895, 0.311550, 0.006196,
 1896, 0.311940, 0.005856,
 1897, 0.311630, 0.006162,
 1898, 0.311780, 0.005695,
 1899, 0.312040, 0.006275,
 1900, 0.311820, 0.006218,
 1901, 0.311940, 0.005678,
 1902, 0.311860, 0.006248,
 1903, 0.311890, 0.005692,
 1904, 0.311630, 0.006333,
 1905, 0.311860, 0.006231,
 1906, 0.311840, 0.005704,
 1907, 0.311840, 0.006066,
 1908, 0.311560, 0.005609,
 1909, 0.311890, 0.006362,
 1910, 0.311800, 0.006166,
 1911, 0.311570, 0.005550,
 1912, 0.311760, 0.006268,
 1913, 0.311800, 0.005609,
 1914, 0.312210, 0.006213,
 1915, 0.311850, 0.006108,
 1916, 0.311930, 0.005762,
 1917, 0.311920, 0.006288,
 1918, 0.311550, 0.005893,
 1919, 0.312110, 0.006091,
 1920, 0.311630, 0.006262,
 1921, 0.311830, 0.005857,
 1922, 0.311860, 0.006294,
 1923, 0.311610, 0.005722,
 1924, 0.311880, 0.006157,
 1925, 0.311750, 0.006268,
 1926, 0.311820, 0.005874,
 1927, 0.311990, 0.006217,
 1928, 0.311390, 0.005605,
 1929, 0.312180, 0.006514,
 1930, 0.311560, 0.006168,
 1931, 0.311660, 0.005752,
 1932, 0.312010, 0.006233,
 1933, 0.311480, 0.005842,
 1934, 0.311930, 0.006438,
 1935, 0.311810, 0.006214,
 1936, 0.311760, 0.005710,
 1937, 0.311730, 0.006174,
 1938, 0.311900, 0.005619,
 1939, 0.312040, 0.006272,
 1940, 0.311910, 0.006028,
 1941, 0.311610, 0.005678,
 1942, 0.311860, 0.006329,
 1943, 0.311790, 0.005775,
 1944, 0.311860, 0.006562,
 1945, 0.311980, 0.006343,
 1946, 0.311580, 0.005525,
 1947, 0.311690, 0.006324,
 1948, 0.311500, 0.005430,
 1949, 0.311910, 0.006015,
 1950, 0.311850, 0.006205,
 1951, 0.311560, 0.005568,
 1952, 0.311830, 0.005921,
 1953, 0.311660, 0.005606,
 1954, 0.311790, 0.006371,
 1955, 0.311970, 0.006044,
 1956, 0.311510, 0.005857,
 1957, 0.311870, 0.006085,
 1958, 0.311660, 0.005859,
 1959, 0.311900, 0.006027,
 1960, 0.311730, 0.006132,
 1961, 0.311850, 0.005991,
 1962, 0.311820, 0.005922,
 1963, 0.311790, 0.005654,
 1964, 0.311700, 0.005878,
 1965, 0.312130, 0.006308,
 1966, 0.311710, 0.005942,
 1967, 0.312100, 0.006357,
 1968, 0.311650, 0.005494,
 1969, 0.312050, 0.006336,
 1970, 0.311920, 0.006143,
 1971, 0.311540, 0.005608,
 1972, 0.311840, 0.006238,
 1973, 0.311730, 0.006107,
 1974, 0.312150, 0.005930,
 1975, 0.311710, 0.006000,
 1976, 0.311550, 0.005738,
 1977, 0.311930, 0.006157,
 1978, 0.311600, 0.006345,
 1979, 0.312110, 0.005715,
 1980, 0.311900, 0.006260,
 1981, 0.311820, 0.005668,
 1982, 0.311950, 0.005883,
 1983, 0.311770, 0.006153,
 1984, 0.311610, 0.005769,
 1985, 0.311870, 0.006259,
 1986, 0.311800, 0.005532,
 1987, 0.311790, 0.006017,
 1988, 0.311850, 0.006295,
 1989, 0.311790, 0.005604,
 1990, 0.311760, 0.006434,
 1991, 0.311760, 0.005776,
 1992, 0.311880, 0.006258,
 1993, 0.311780, 0.006084,
 1994, 0.311660, 0.005701,
 1995, 0.312170, 0.006323,
 1996, 0.311440, 0.005670,
 1997, 0.311670, 0.006203,
 1998, 0.311770, 0.005899,
 1999, 0.311940, 0.005934,
 2000, 0.312010, 0.005930,
 2001, 0.311690, 0.005873,
