Container_size, 67108864,key_space, 296068request bin, mean_latency,sd,
 0, 0.391090, 0.014542,
 1, 0.391600, 0.015299,
 2, 0.391980, 0.014181,
 3, 0.392140, 0.014520,
 4, 0.391530, 0.013970,
 5, 0.392500, 0.014505,
 6, 0.391620, 0.014646,
 7, 0.391050, 0.013749,
 8, 0.391560, 0.014660,
 9, 0.392160, 0.014216,
 10, 0.391610, 0.014511,
 11, 0.392180, 0.015213,
 12, 0.391900, 0.014203,
 13, 0.391860, 0.015157,
 14, 0.392080, 0.015618,
 15, 0.391840, 0.016378,
 16, 0.392530, 0.018005,
 17, 0.392740, 0.017417,
 18, 0.392340, 0.019715,
 19, 0.392470, 0.020035,
 20, 0.392830, 0.018620,
 21, 0.392300, 0.020455,
 22, 0.392570, 0.017689,
 23, 0.392750, 0.017710,
 24, 0.392130, 0.017430,
 25, 0.392240, 0.017015,
 26, 0.392150, 0.017510,
 27, 0.392390, 0.017089,
 28, 0.392220, 0.017048,
 29, 0.391950, 0.016757,
 30, 0.392510, 0.016256,
 31, 0.391710, 0.017106,
 32, 0.391750, 0.016173,
 33, 0.392820, 0.017194,
 34, 0.391500, 0.015999,
 35, 0.391640, 0.016132,
 36, 0.392880, 0.016938,
 37, 0.391590, 0.015511,
 38, 0.391920, 0.016044,
 39, 0.392170, 0.016108,
 40, 0.392640, 0.015827,
 41, 0.392270, 0.016733,
 42, 0.392410, 0.015388,
 43, 0.391460, 0.015755,
 44, 0.392540, 0.015725,
 45, 0.391530, 0.015118,
 46, 0.391830, 0.016105,
 47, 0.391950, 0.015869,
 48, 0.391090, 0.015844,
 49, 0.391980, 0.015394,
 50, 0.391780, 0.015373,
 51, 0.391730, 0.015938,
 52, 0.392260, 0.015109,
 53, 0.391940, 0.015239,
 54, 0.391970, 0.015803,
 55, 0.391360, 0.013989,
 56, 0.391520, 0.016147,
 57, 0.391540, 0.014802,
 58, 0.391970, 0.015288,
 59, 0.392050, 0.015564,
 60, 0.391010, 0.014789,
 61, 0.391360, 0.015252,
 62, 0.391520, 0.014988,
 63, 0.392290, 0.014802,
 64, 0.391520, 0.015218,
 65, 0.392850, 0.014043,
 66, 0.391350, 0.015373,
 67, 0.391270, 0.014546,
 68, 0.391160, 0.015237,
 69, 0.391020, 0.015490,
 70, 0.392020, 0.014489,
 71, 0.391380, 0.015559,
 72, 0.391330, 0.014545,
 73, 0.391580, 0.014722,
 74, 0.391580, 0.015039,
 75, 0.391680, 0.013878,
 76, 0.391310, 0.015259,
 77, 0.391590, 0.014365,
 78, 0.391240, 0.015074,
 79, 0.391570, 0.015398,
 80, 0.391560, 0.013724,
 81, 0.391060, 0.015272,
 82, 0.391810, 0.014262,
 83, 0.391310, 0.014607,
 84, 0.391190, 0.015031,
 85, 0.391180, 0.014118,
 86, 0.391440, 0.014931,
 87, 0.391380, 0.013847,
 88, 0.391350, 0.015113,
 89, 0.391710, 0.015334,
 90, 0.391860, 0.013966,
 91, 0.391530, 0.014962,
 92, 0.391470, 0.014246,
 93, 0.391420, 0.015070,
 94, 0.391920, 0.014856,
 95, 0.391260, 0.014171,
 96, 0.391360, 0.015033,
 97, 0.391530, 0.014945,
 98, 0.391020, 0.014584,
 99, 0.391730, 0.014996,
 100, 0.391180, 0.013948,
 101, 0.391450, 0.015306,
 102, 0.391580, 0.015690,
 103, 0.391840, 0.014693,
 104, 0.391440, 0.014956,
 105, 0.391570, 0.013599,
 106, 0.391420, 0.014961,
 107, 0.391480, 0.014370,
 108, 0.391430, 0.014939,
 109, 0.391720, 0.015092,
 110, 0.391390, 0.014236,
 111, 0.391550, 0.014319,
 112, 0.391740, 0.014224,
 113, 0.391020, 0.014285,
 114, 0.391330, 0.014904,
 115, 0.392110, 0.013809,
 116, 0.391170, 0.015277,
 117, 0.391080, 0.013935,
 118, 0.391460, 0.014301,
 119, 0.391110, 0.014798,
 120, 0.391180, 0.014286,
 121, 0.391650, 0.014584,
 122, 0.391280, 0.013956,
 123, 0.391340, 0.014395,
 124, 0.391260, 0.015153,
 125, 0.391420, 0.014115,
 126, 0.390920, 0.014600,
 127, 0.391330, 0.014158,
 128, 0.390830, 0.014473,
 129, 0.392190, 0.014809,
 130, 0.391290, 0.013936,
 131, 0.391620, 0.014152,
 132, 0.391430, 0.014560,
 133, 0.391660, 0.014753,
 134, 0.390900, 0.015779,
 135, 0.391800, 0.014470,
 136, 0.391540, 0.014561,
 137, 0.391530, 0.014197,
 138, 0.391650, 0.014528,
 139, 0.390760, 0.015283,
 140, 0.391640, 0.013868,
 141, 0.391760, 0.014979,
 142, 0.391120, 0.013900,
 143, 0.391480, 0.014701,
 144, 0.391260, 0.014710,
 145, 0.391770, 0.013623,
 146, 0.391410, 0.014810,
 147, 0.391210, 0.015254,
 148, 0.391360, 0.014578,
 149, 0.391430, 0.014439,
 150, 0.391390, 0.014011,
 151, 0.391160, 0.014894,
 152, 0.390560, 0.014012,
 153, 0.390950, 0.014815,
 154, 0.391230, 0.014923,
 155, 0.391270, 0.013734,
 156, 0.391430, 0.014738,
 157, 0.391520, 0.013901,
 158, 0.391480, 0.014722,
 159, 0.391080, 0.015119,
 160, 0.392120, 0.013434,
 161, 0.391050, 0.014843,
 162, 0.390910, 0.015548,
 163, 0.391360, 0.015026,
 164, 0.391500, 0.014716,
 165, 0.391290, 0.013461,
 166, 0.391550, 0.014771,
 167, 0.391200, 0.014092,
 168, 0.392030, 0.014457,
 169, 0.391020, 0.014084,
 170, 0.390840, 0.014311,
 171, 0.390920, 0.015152,
 172, 0.391230, 0.013949,
 173, 0.391530, 0.014899,
 174, 0.392080, 0.014956,
 175, 0.391040, 0.013969,
 176, 0.391720, 0.015065,
 177, 0.391190, 0.014078,
 178, 0.391270, 0.015178,
 179, 0.391800, 0.014836,
 180, 0.390820, 0.014142,
 181, 0.391050, 0.015403,
 182, 0.391270, 0.014112,
 183, 0.391110, 0.014405,
 184, 0.391240, 0.014715,
 185, 0.391550, 0.014206,
 186, 0.391310, 0.014485,
 187, 0.391070, 0.014046,
 188, 0.391140, 0.014807,
 189, 0.391180, 0.014861,
 190, 0.391520, 0.014336,
 191, 0.391020, 0.014675,
 192, 0.391480, 0.013794,
 193, 0.391860, 0.014608,
 194, 0.391110, 0.015477,
 195, 0.390970, 0.013903,
 196, 0.391070, 0.014345,
 197, 0.391250, 0.014479,
 198, 0.391460, 0.014067,
 199, 0.391010, 0.014545,
 200, 0.390840, 0.013657,
 201, 0.391060, 0.015146,
 202, 0.391190, 0.014205,
 203, 0.391370, 0.014618,
 204, 0.391330, 0.015353,
 205, 0.391180, 0.013388,
 206, 0.391160, 0.014711,
 207, 0.390870, 0.014084,
 208, 0.390700, 0.014215,
 209, 0.391030, 0.015248,
 210, 0.391140, 0.013599,
 211, 0.391170, 0.014715,
 212, 0.391280, 0.014196,
 213, 0.391760, 0.013921,
 214, 0.391050, 0.014653,
 215, 0.391410, 0.014212,
 216, 0.391810, 0.015135,
 217, 0.390980, 0.013483,
 218, 0.391700, 0.014613,
 219, 0.390990, 0.015464,
 220, 0.391370, 0.013928,
 221, 0.391200, 0.014852,
 222, 0.390790, 0.014094,
 223, 0.391660, 0.013861,
 224, 0.391220, 0.015517,
 225, 0.390970, 0.013874,
 226, 0.391300, 0.014868,
 227, 0.391400, 0.014326,
 228, 0.391400, 0.014185,
 229, 0.390820, 0.014453,
 230, 0.390950, 0.013594,
 231, 0.391630, 0.014666,
 232, 0.390910, 0.014555,
 233, 0.391290, 0.014180,
 234, 0.391170, 0.015242,
 235, 0.391580, 0.013728,
 236, 0.390750, 0.014597,
 237, 0.391170, 0.013620,
 238, 0.391440, 0.014808,
 239, 0.390710, 0.015507,
 240, 0.391240, 0.013638,
 241, 0.391260, 0.015318,
 242, 0.391170, 0.013876,
 243, 0.390950, 0.014664,
 244, 0.390850, 0.014422,
 245, 0.391530, 0.013976,
 246, 0.391630, 0.015091,
 247, 0.391720, 0.015163,
 248, 0.391170, 0.013972,
 249, 0.390590, 0.015063,
 250, 0.391740, 0.013661,
 251, 0.391050, 0.014974,
 252, 0.390980, 0.014725,
 253, 0.390650, 0.013462,
 254, 0.390720, 0.014843,
 255, 0.391400, 0.013769,
 256, 0.390550, 0.014923,
 257, 0.392830, 0.014764,
 258, 0.391200, 0.013607,
 259, 0.390970, 0.014938,
 260, 0.391940, 0.013941,
 261, 0.391470, 0.015105,
 262, 0.390770, 0.015154,
 263, 0.390900, 0.013990,
 264, 0.391220, 0.014580,
 265, 0.391280, 0.013513,
 266, 0.391650, 0.014831,
 267, 0.391510, 0.014956,
 268, 0.391350, 0.013977,
 269, 0.391670, 0.014859,
 270, 0.390410, 0.013973,
 271, 0.391700, 0.014459,
 272, 0.391280, 0.015074,
 273, 0.391180, 0.013636,
 274, 0.391110, 0.015439,
 275, 0.391530, 0.014017,
 276, 0.390940, 0.014572,
 277, 0.391350, 0.014904,
 278, 0.391440, 0.014104,
 279, 0.391050, 0.015436,
 280, 0.391310, 0.014150,
 281, 0.390660, 0.014709,
 282, 0.391620, 0.015025,
 283, 0.390850, 0.014235,
 284, 0.391180, 0.014260,
 285, 0.391400, 0.013945,
 286, 0.391140, 0.014928,
 287, 0.390760, 0.015176,
 288, 0.390820, 0.013370,
 289, 0.391030, 0.015002,
 290, 0.391160, 0.013938,
 291, 0.390690, 0.014901,
 292, 0.391490, 0.015040,
 293, 0.390760, 0.013749,
 294, 0.391090, 0.015217,
 295, 0.391370, 0.013513,
 296, 0.390960, 0.014218,
 297, 0.391320, 0.015119,
 298, 0.390550, 0.013515,
 299, 0.390300, 0.014566,
 300, 0.391060, 0.013794,
 301, 0.391100, 0.014917,
 302, 0.390900, 0.014800,
 303, 0.390800, 0.014259,
 304, 0.390700, 0.014577,
 305, 0.391000, 0.013612,
 306, 0.390990, 0.014574,
 307, 0.390530, 0.014965,
 308, 0.390890, 0.013354,
 309, 0.390950, 0.015004,
 310, 0.391290, 0.014282,
 311, 0.390620, 0.014426,
 312, 0.391430, 0.015176,
 313, 0.391260, 0.013420,
 314, 0.391000, 0.014736,
 315, 0.391050, 0.013880,
 316, 0.390850, 0.015134,
 317, 0.391350, 0.015270,
 318, 0.391390, 0.013978,
 319, 0.391880, 0.014736,
 320, 0.391190, 0.013682,
 321, 0.390800, 0.014237,
 322, 0.391080, 0.014716,
 323, 0.390940, 0.013641,
 324, 0.390930, 0.015108,
 325, 0.390940, 0.013945,
 326, 0.391030, 0.014272,
 327, 0.391240, 0.014405,
 328, 0.390810, 0.013970,
 329, 0.391920, 0.014513,
 330, 0.390810, 0.014040,
 331, 0.391260, 0.015054,
 332, 0.391510, 0.014832,
 333, 0.391430, 0.014235,
 334, 0.390650, 0.014449,
 335, 0.391010, 0.014077,
 336, 0.390960, 0.014823,
 337, 0.390740, 0.014875,
 338, 0.391050, 0.014010,
 339, 0.391010, 0.014938,
 340, 0.390560, 0.014090,
 341, 0.391470, 0.014530,
 342, 0.391430, 0.014591,
 343, 0.391320, 0.013212,
 344, 0.391080, 0.014287,
 345, 0.390980, 0.013610,
 346, 0.390900, 0.014765,
 347, 0.391020, 0.015137,
 348, 0.391000, 0.014228,
 349, 0.391450, 0.014731,
 350, 0.390670, 0.013711,
 351, 0.391490, 0.014793,
 352, 0.390880, 0.014812,
 353, 0.390990, 0.014336,
 354, 0.390850, 0.014496,
 355, 0.390900, 0.014576,
 356, 0.391590, 0.014363,
 357, 0.390750, 0.015213,
 358, 0.391580, 0.013695,
 359, 0.391220, 0.015035,
 360, 0.390980, 0.013843,
 361, 0.390800, 0.014779,
 362, 0.391000, 0.014752,
 363, 0.391240, 0.014835,
 364, 0.391270, 0.014603,
 365, 0.390370, 0.013580,
 366, 0.391240, 0.014509,
 367, 0.390540, 0.014814,
 368, 0.391110, 0.013887,
 369, 0.390940, 0.014462,
 370, 0.390770, 0.014163,
 371, 0.390980, 0.014843,
 372, 0.391350, 0.015015,
 373, 0.390960, 0.013502,
 374, 0.391270, 0.014761,
 375, 0.390950, 0.014171,
 376, 0.390800, 0.013996,
 377, 0.391120, 0.015125,
 378, 0.391240, 0.014161,
 379, 0.391010, 0.014829,
 380, 0.391450, 0.014335,
 381, 0.391420, 0.014550,
 382, 0.391230, 0.015205,
 383, 0.390880, 0.014107,
 384, 0.391220, 0.014700,
 385, 0.391160, 0.013550,
 386, 0.390800, 0.014736,
 387, 0.390590, 0.015033,
 388, 0.390730, 0.013937,
 389, 0.391220, 0.014459,
 390, 0.391020, 0.013937,
 391, 0.391120, 0.014469,
 392, 0.390900, 0.014645,
 393, 0.390890, 0.013879,
 394, 0.391100, 0.015068,
 395, 0.390950, 0.014166,
 396, 0.391290, 0.014628,
 397, 0.390980, 0.014749,
 398, 0.390740, 0.013349,
 399, 0.391050, 0.014628,
 400, 0.390910, 0.013694,
 401, 0.391810, 0.014385,
 402, 0.391120, 0.015134,
 403, 0.391070, 0.013286,
 404, 0.391280, 0.014513,
 405, 0.391440, 0.013962,
 406, 0.390920, 0.014725,
 407, 0.391290, 0.014420,
 408, 0.391120, 0.014167,
 409, 0.391130, 0.014986,
 410, 0.391060, 0.014036,
 411, 0.391430, 0.014249,
 412, 0.390830, 0.014823,
 413, 0.390570, 0.013839,
 414, 0.391210, 0.014861,
 415, 0.391290, 0.014400,
 416, 0.391680, 0.014189,
 417, 0.390550, 0.015079,
 418, 0.390550, 0.014009,
 419, 0.391140, 0.014261,
 420, 0.390810, 0.014177,
 421, 0.390970, 0.014667,
 422, 0.391620, 0.014800,
 423, 0.391480, 0.013846,
 424, 0.391860, 0.014207,
 425, 0.390960, 0.013995,
 426, 0.391220, 0.014699,
 427, 0.391260, 0.015126,
 428, 0.391150, 0.013789,
 429, 0.391670, 0.014914,
 430, 0.391500, 0.014012,
 431, 0.391390, 0.014335,
 432, 0.391000, 0.014860,
 433, 0.391140, 0.013783,
 434, 0.390790, 0.014606,
 435, 0.391020, 0.013801,
 436, 0.390680, 0.014635,
 437, 0.391090, 0.015136,
 438, 0.438550, 0.478322,
 439, 0.391250, 0.015325,
 440, 0.391520, 0.014960,
 441, 0.391220, 0.014781,
 442, 0.390940, 0.014950,
 443, 0.391440, 0.014047,
 444, 0.391730, 0.014898,
 445, 0.392010, 0.014611,
 446, 0.391150, 0.014769,
 447, 0.390970, 0.014887,
 448, 0.391380, 0.014144,
 449, 0.391200, 0.015009,
 450, 0.390910, 0.014234,
 451, 0.391440, 0.014878,
 452, 0.391070, 0.015013,
 453, 0.391920, 0.013713,
 454, 0.391750, 0.014998,
 455, 0.390900, 0.014939,
 456, 0.391430, 0.013968,
 457, 0.390740, 0.015154,
 458, 0.391180, 0.014145,
 459, 0.391450, 0.015117,
 460, 0.391590, 0.015148,
 461, 0.390920, 0.013858,
 462, 0.391560, 0.015011,
 463, 0.390900, 0.014237,
 464, 0.391410, 0.015155,
 465, 0.391060, 0.014652,
 466, 0.390930, 0.013557,
 467, 0.390980, 0.015084,
 468, 0.390930, 0.013538,
 469, 0.390940, 0.015228,
 470, 0.390870, 0.014409,
 471, 0.391360, 0.014321,
 472, 0.391250, 0.014631,
 473, 0.391110, 0.013971,
 474, 0.391110, 0.014521,
 475, 0.391080, 0.014389,
 476, 0.391290, 0.013987,
 477, 0.390240, 0.014778,
 478, 0.390990, 0.013438,
 479, 0.390770, 0.014991,
 480, 0.390700, 0.014955,
 481, 0.391010, 0.014310,
 482, 0.391080, 0.014865,
 483, 0.391260, 0.013114,
 484, 0.390950, 0.014274,
 485, 0.391010, 0.014897,
 486, 0.390550, 0.014142,
 487, 0.390770, 0.014991,
 488, 0.390840, 0.013420,
 489, 0.390590, 0.014706,
 490, 0.390470, 0.014575,
 491, 0.390940, 0.013665,
 492, 0.390690, 0.014763,
 493, 0.391000, 0.013665,
 494, 0.391080, 0.014446,
 495, 0.391190, 0.014853,
 496, 0.390980, 0.014240,
 497, 0.390770, 0.014920,
 498, 0.390900, 0.014024,
 499, 0.391070, 0.014654,
 500, 0.390790, 0.014802,
 501, 0.390750, 0.013942,
 502, 0.391000, 0.014813,
 503, 0.390970, 0.013563,
 504, 0.390880, 0.013841,
 505, 0.390830, 0.014943,
 506, 0.390630, 0.013564,
 507, 0.390780, 0.014136,
 508, 0.391220, 0.014127,
 509, 0.390720, 0.014518,
 510, 0.391080, 0.015083,
 511, 0.390540, 0.013918,
 512, 0.391070, 0.014433,
 513, 0.391660, 0.013755,
 514, 0.391090, 0.014440,
 515, 0.390970, 0.014327,
 516, 0.390690, 0.013233,
 517, 0.391290, 0.014498,
 518, 0.391330, 0.013862,
 519, 0.390700, 0.014712,
 520, 0.390810, 0.014579,
 521, 0.391510, 0.013476,
 522, 0.391000, 0.014683,
 523, 0.391150, 0.013570,
 524, 0.390760, 0.014236,
 525, 0.391010, 0.014624,
 526, 0.391300, 0.013864,
 527, 0.390480, 0.014626,
 528, 0.391490, 0.013558,
 529, 0.391750, 0.014007,
 530, 0.391320, 0.014930,
 531, 0.391040, 0.013645,
 532, 0.391100, 0.014479,
 533, 0.391110, 0.013824,
 534, 0.391360, 0.014132,
 535, 0.390920, 0.014367,
 536, 0.390790, 0.013598,
 537, 0.390830, 0.014026,
 538, 0.391090, 0.013843,
 539, 0.391310, 0.014421,
 540, 0.390820, 0.014983,
 541, 0.390960, 0.013952,
 542, 0.390970, 0.014635,
 543, 0.391190, 0.013307,
 544, 0.390630, 0.014300,
 545, 0.391080, 0.014055,
 546, 0.390760, 0.013557,
 547, 0.390380, 0.014292,
 548, 0.390480, 0.013717,
 549, 0.390980, 0.014603,
 550, 0.391260, 0.014372,
 551, 0.390720, 0.013444,
 552, 0.390630, 0.014650,
 553, 0.390430, 0.013734,
 554, 0.391230, 0.014163,
 555, 0.390530, 0.014344,
 556, 0.391030, 0.013493,
 557, 0.391170, 0.014298,
 558, 0.390550, 0.013738,
 559, 0.391490, 0.014609,
 560, 0.390420, 0.014519,
 561, 0.390940, 0.013487,
 562, 0.390640, 0.014665,
 563, 0.390520, 0.013987,
 564, 0.390940, 0.014804,
 565, 0.391070, 0.014616,
 566, 0.390260, 0.013595,
 567, 0.391300, 0.014746,
 568, 0.390150, 0.013355,
 569, 0.391340, 0.014896,
 570, 0.391090, 0.014397,
 571, 0.390810, 0.013579,
 572, 0.390660, 0.014786,
 573, 0.390720, 0.013977,
 574, 0.391330, 0.014491,
 575, 0.390980, 0.014394,
 576, 0.390730, 0.014138,
 577, 0.391360, 0.014785,
 578, 0.390820, 0.014076,
 579, 0.391150, 0.014680,
 580, 0.390710, 0.015010,
 581, 0.391250, 0.013734,
 582, 0.390890, 0.014581,
 583, 0.390850, 0.013752,
 584, 0.391400, 0.014273,
 585, 0.390890, 0.014102,
 586, 0.390440, 0.013300,
 587, 0.391560, 0.014849,
 588, 0.390920, 0.013320,
 589, 0.390770, 0.014359,
 590, 0.391080, 0.014743,
 591, 0.390770, 0.013430,
 592, 0.390660, 0.014577,
 593, 0.390710, 0.013906,
 594, 0.390990, 0.014556,
 595, 0.390950, 0.014554,
 596, 0.391010, 0.013510,
 597, 0.390810, 0.014600,
 598, 0.390530, 0.013104,
 599, 0.391350, 0.014385,
 600, 0.390940, 0.014910,
 601, 0.390550, 0.013720,
 602, 0.391000, 0.014501,
 603, 0.390140, 0.013901,
 604, 0.390920, 0.014503,
 605, 0.390550, 0.014481,
 606, 0.390720, 0.013065,
 607, 0.390770, 0.014899,
 608, 0.390670, 0.013719,
 609, 0.390910, 0.014433,
 610, 0.390470, 0.015354,
 611, 0.390480, 0.013548,
 612, 0.390960, 0.014970,
 613, 0.391180, 0.013583,
 614, 0.390920, 0.014336,
 615, 0.390980, 0.014421,
 616, 0.390690, 0.013674,
 617, 0.390580, 0.014731,
 618, 0.390870, 0.014299,
 619, 0.390890, 0.014372,
 620, 0.390570, 0.014649,
 621, 0.390950, 0.013546,
 622, 0.391060, 0.014843,
 623, 0.390960, 0.013575,
 624, 0.390610, 0.014311,
 625, 0.390710, 0.014209,
 626, 0.390990, 0.013616,
 627, 0.391130, 0.015210,
 628, 0.391650, 0.013816,
 629, 0.390940, 0.014480,
 630, 0.391010, 0.014258,
 631, 0.391230, 0.013733,
 632, 0.390440, 0.014677,
 633, 0.391050, 0.013671,
 634, 0.390470, 0.015033,
 635, 0.390620, 0.014340,
 636, 0.390580, 0.013396,
 637, 0.390460, 0.014287,
 638, 0.391260, 0.013671,
 639, 0.391380, 0.014826,
 640, 0.390810, 0.014403,
 641, 0.391030, 0.014007,
 642, 0.390280, 0.014172,
 643, 0.390480, 0.013837,
 644, 0.390640, 0.014437,
 645, 0.391110, 0.014569,
 646, 0.391150, 0.013495,
 647, 0.390920, 0.014352,
 648, 0.390420, 0.015151,
 649, 0.390740, 0.013991,
 650, 0.390650, 0.014722,
 651, 0.391300, 0.014083,
 652, 0.390210, 0.014523,
 653, 0.390880, 0.014578,
 654, 0.390560, 0.013440,
 655, 0.390620, 0.015054,
 656, 0.391140, 0.013757,
 657, 0.390560, 0.015128,
 658, 0.390920, 0.014389,
 659, 0.391010, 0.013400,
 660, 0.390500, 0.014635,
 661, 0.390720, 0.013706,
 662, 0.390620, 0.014232,
 663, 0.390480, 0.014737,
 664, 0.391170, 0.014329,
 665, 0.390600, 0.014305,
 666, 0.390950, 0.013809,
 667, 0.390760, 0.014471,
 668, 0.391050, 0.014315,
 669, 0.390540, 0.013834,
 670, 0.390510, 0.014523,
 671, 0.391070, 0.013970,
 672, 0.390640, 0.015061,
 673, 0.390630, 0.014819,
 674, 0.390760, 0.013817,
 675, 0.390810, 0.014338,
 676, 0.391090, 0.013952,
 677, 0.390470, 0.014800,
 678, 0.391220, 0.014733,
 679, 0.390660, 0.013578,
 680, 0.390550, 0.014986,
 681, 0.390940, 0.014147,
 682, 0.391040, 0.014868,
 683, 0.390730, 0.014807,
 684, 0.390810, 0.013722,
 685, 0.391420, 0.014793,
 686, 0.390880, 0.014343,
 687, 0.391050, 0.014509,
 688, 0.391070, 0.015251,
 689, 0.390870, 0.013228,
 690, 0.390980, 0.014335,
 691, 0.391240, 0.014347,
 692, 0.391320, 0.014571,
 693, 0.390630, 0.014596,
 694, 0.390500, 0.013934,
 695, 0.391090, 0.014895,
 696, 0.391000, 0.013649,
 697, 0.390630, 0.014350,
 698, 0.390260, 0.014866,
 699, 0.390550, 0.012932,
 700, 0.391110, 0.014573,
 701, 0.391070, 0.014187,
 702, 0.390890, 0.014244,
 703, 0.390780, 0.015177,
 704, 0.390600, 0.013662,
 705, 0.391160, 0.014269,
 706, 0.390980, 0.013706,
 707, 0.391070, 0.014218,
 708, 0.390970, 0.014599,
 709, 0.390950, 0.013559,
 710, 0.391510, 0.014531,
 711, 0.390980, 0.014533,
 712, 0.391190, 0.014754,
 713, 0.390910, 0.014508,
 714, 0.390370, 0.013742,
 715, 0.391140, 0.014049,
 716, 0.391100, 0.014373,
 717, 0.391350, 0.014183,
 718, 0.390890, 0.014618,
 719, 0.390950, 0.014037,
 720, 0.390440, 0.014733,
 721, 0.391300, 0.013547,
 722, 0.390660, 0.014704,
 723, 0.391040, 0.014346,
 724, 0.390350, 0.013831,
 725, 0.391440, 0.014444,
 726, 0.390520, 0.014382,
 727, 0.390980, 0.014542,
 728, 0.390900, 0.014865,
 729, 0.390980, 0.013035,
 730, 0.390860, 0.014220,
 731, 0.391080, 0.014053,
 732, 0.391250, 0.014317,
 733, 0.390840, 0.014541,
 734, 0.390120, 0.014222,
 735, 0.390680, 0.015203,
 736, 0.390810, 0.014194,
 737, 0.391140, 0.014038,
 738, 0.391090, 0.015071,
 739, 0.390460, 0.013589,
 740, 0.391110, 0.014526,
 741, 0.390690, 0.014174,
 742, 0.390830, 0.015226,
 743, 0.391290, 0.014320,
 744, 0.391520, 0.013194,
 745, 0.390590, 0.014656,
 746, 0.391130, 0.013701,
 747, 0.390570, 0.014397,
 748, 0.390990, 0.014630,
 749, 0.390860, 0.013941,
 750, 0.391130, 0.015279,
 751, 0.390980, 0.014167,
 752, 0.391350, 0.014147,
 753, 0.390550, 0.014671,
 754, 0.391550, 0.013593,
 755, 0.390980, 0.014838,
 756, 0.391210, 0.013862,
 757, 0.391410, 0.015084,
 758, 0.391030, 0.015144,
 759, 0.390550, 0.013998,
 760, 0.391050, 0.014802,
 761, 0.390400, 0.013875,
 762, 0.391310, 0.014754,
 763, 0.390960, 0.014095,
 764, 0.391230, 0.013419,
 765, 0.390960, 0.014654,
 766, 0.390920, 0.013821,
 767, 0.390890, 0.014723,
 768, 0.390890, 0.014496,
 769, 0.390860, 0.013461,
 770, 0.390380, 0.014606,
 771, 0.391170, 0.013614,
 772, 0.391180, 0.014382,
 773, 0.391200, 0.015302,
 774, 0.390750, 0.013525,
 775, 0.390750, 0.014523,
 776, 0.391100, 0.013516,
 777, 0.390780, 0.014219,
 778, 0.390740, 0.014611,
 779, 0.390720, 0.013597,
 780, 0.390940, 0.015090,
 781, 0.390990, 0.013512,
 782, 0.391250, 0.014409,
 783, 0.390820, 0.014778,
 784, 0.390680, 0.013709,
 785, 0.391050, 0.014732,
 786, 0.391020, 0.013655,
 787, 0.390460, 0.014368,
 788, 0.390580, 0.015043,
 789, 0.390690, 0.013217,
 790, 0.390770, 0.013975,
 791, 0.390940, 0.013688,
 792, 0.390890, 0.014435,
 793, 0.390600, 0.014141,
 794, 0.390820, 0.013578,
 795, 0.391350, 0.014491,
 796, 0.390420, 0.013528,
 797, 0.391220, 0.014030,
 798, 0.391330, 0.014572,
 799, 0.390760, 0.013543,
 800, 0.390850, 0.014235,
 801, 0.390790, 0.013911,
 802, 0.390980, 0.014309,
 803, 0.391320, 0.014635,
 804, 0.391350, 0.013783,
 805, 0.391130, 0.014610,
 806, 0.390310, 0.013162,
 807, 0.390990, 0.014581,
 808, 0.390570, 0.014353,
 809, 0.390750, 0.013591,
 810, 0.390910, 0.015064,
 811, 0.390730, 0.014253,
 812, 0.391090, 0.014316,
 813, 0.391040, 0.014164,
 814, 0.391300, 0.013524,
 815, 0.390630, 0.014529,
 816, 0.391300, 0.013683,
 817, 0.390430, 0.014178,
 818, 0.391640, 0.014290,
 819, 0.391300, 0.014086,
 820, 0.390390, 0.014600,
 821, 0.390980, 0.014108,
 822, 0.391050, 0.014488,
 823, 0.390410, 0.014841,
 824, 0.391250, 0.013602,
 825, 0.390440, 0.016147,
 826, 0.391300, 0.014112,
 827, 0.390120, 0.015016,
 828, 0.390670, 0.014413,
 829, 0.390830, 0.013578,
 830, 0.390800, 0.014630,
 831, 0.391060, 0.013788,
 832, 0.391220, 0.014133,
 833, 0.389820, 0.014400,
 834, 0.390650, 0.013914,
 835, 0.391090, 0.014713,
 836, 0.390570, 0.014219,
 837, 0.390820, 0.014232,
 838, 0.390520, 0.013859,
 839, 0.391020, 0.013373,
 840, 0.390630, 0.014389,
 841, 0.391320, 0.013806,
 842, 0.391420, 0.014921,
 843, 0.390570, 0.014656,
 844, 0.390730, 0.013794,
 845, 0.391200, 0.014999,
 846, 0.391000, 0.013324,
 847, 0.390560, 0.014592,
 848, 0.390860, 0.014905,
 849, 0.391330, 0.013991,
 850, 0.391200, 0.014864,
 851, 0.391350, 0.014733,
 852, 0.391090, 0.013533,
 853, 0.391040, 0.014378,
 854, 0.391030, 0.013702,
 855, 0.391020, 0.014073,
 856, 0.390970, 0.014530,
 857, 0.390600, 0.014376,
 858, 0.390310, 0.014483,
 859, 0.390740, 0.013635,
 860, 0.391130, 0.014838,
 861, 0.391260, 0.014133,
 862, 0.390820, 0.013252,
 863, 0.390690, 0.014003,
 864, 0.390810, 0.013606,
 865, 0.390950, 0.016340,
 866, 0.390970, 0.014720,
 867, 0.390360, 0.013762,
 868, 0.390580, 0.014487,
 869, 0.391390, 0.013791,
 870, 0.390350, 0.014613,
 871, 0.391070, 0.014309,
 872, 0.391080, 0.013730,
 873, 0.390560, 0.014884,
 874, 0.390610, 0.013295,
 875, 0.390970, 0.014616,
 876, 0.391440, 0.014069,
 877, 0.391230, 0.013481,
 878, 0.390670, 0.014032,
 879, 0.391400, 0.013562,
 880, 0.390790, 0.014823,
 881, 0.390470, 0.015274,
 882, 0.391310, 0.013598,
 883, 0.391200, 0.014118,
 884, 0.390680, 0.013838,
 885, 0.391130, 0.014401,
 886, 0.391510, 0.014887,
 887, 0.390780, 0.013583,
 888, 0.391100, 0.014771,
 889, 0.391160, 0.013855,
 890, 0.390820, 0.014322,
 891, 0.390340, 0.014472,
 892, 0.391120, 0.013551,
 893, 0.390890, 0.014991,
 894, 0.390900, 0.013733,
 895, 0.391150, 0.014357,
 896, 0.391510, 0.014969,
 897, 0.390890, 0.014183,
 898, 0.390680, 0.014093,
 899, 0.391240, 0.013895,
 900, 0.391250, 0.014329,
 901, 0.390910, 0.014395,
 902, 0.391100, 0.014088,
 903, 0.390490, 0.014375,
 904, 0.390200, 0.014677,
 905, 0.391120, 0.014263,
 906, 0.391250, 0.014193,
 907, 0.390860, 0.013562,
 908, 0.391300, 0.014641,
 909, 0.390420, 0.014049,
 910, 0.390850, 0.014399,
 911, 0.391090, 0.014781,
 912, 0.390460, 0.013499,
 913, 0.391100, 0.015144,
 914, 0.390870, 0.014040,
 915, 0.391150, 0.014257,
 916, 0.391180, 0.014064,
 917, 0.391170, 0.013850,
 918, 0.390740, 0.014352,
 919, 0.390740, 0.013658,
 920, 0.391280, 0.014462,
 921, 0.391000, 0.014509,
 922, 0.391080, 0.013726,
 923, 0.390720, 0.014662,
 924, 0.390640, 0.013671,
 925, 0.391160, 0.014396,
 926, 0.391010, 0.014913,
 927, 0.390700, 0.014014,
 928, 0.390210, 0.014008,
 929, 0.390280, 0.013677,
 930, 0.390540, 0.014299,
 931, 0.391060, 0.014627,
 932, 0.390480, 0.013859,
 933, 0.391260, 0.014171,
 934, 0.390790, 0.014324,
 935, 0.390760, 0.014502,
 936, 0.390930, 0.014194,
 937, 0.391260, 0.013158,
 938, 0.390980, 0.014652,
 939, 0.390830, 0.013908,
 940, 0.390540, 0.014476,
 941, 0.390740, 0.014909,
 942, 0.390840, 0.013811,
 943, 0.390740, 0.015074,
 944, 0.390780, 0.014284,
 945, 0.390910, 0.014352,
 946, 0.391200, 0.014732,
 947, 0.390530, 0.013709,
 948, 0.391220, 0.014695,
 949, 0.391250, 0.013738,
 950, 0.391190, 0.014744,
 951, 0.390840, 0.014704,
 952, 0.390820, 0.013872,
 953, 0.390760, 0.014681,
 954, 0.390730, 0.013799,
 955, 0.390670, 0.014080,
 956, 0.391460, 0.014450,
 957, 0.390550, 0.013779,
 958, 0.391090, 0.014275,
 959, 0.390530, 0.013709,
 960, 0.390810, 0.014065,
 961, 0.390820, 0.014868,
 962, 0.391410, 0.013412,
 963, 0.390950, 0.014095,
 964, 0.390720, 0.013923,
 965, 0.391010, 0.014410,
 966, 0.391160, 0.014808,
 967, 0.390680, 0.014026,
 968, 0.390590, 0.014502,
 969, 0.390800, 0.014056,
 970, 0.391080, 0.014073,
 971, 0.390510, 0.014322,
 972, 0.391060, 0.013892,
 973, 0.390930, 0.014878,
 974, 0.390920, 0.013537,
 975, 0.390530, 0.014501,
 976, 0.390610, 0.014337,
 977, 0.390700, 0.013295,
 978, 0.390690, 0.014018,
 979, 0.391090, 0.013653,
 980, 0.391070, 0.014103,
 981, 0.390570, 0.014482,
 982, 0.390700, 0.013040,
 983, 0.390630, 0.014083,
 984, 0.390050, 0.013432,
 985, 0.390810, 0.013986,
 986, 0.391080, 0.014231,
 987, 0.391040, 0.013395,
 988, 0.390930, 0.014332,
 989, 0.390760, 0.014033,
 990, 0.391200, 0.014697,
 991, 0.390300, 0.013648,
 992, 0.390980, 0.013578,
 993, 0.390880, 0.014388,
 994, 0.390390, 0.014065,
 995, 0.390620, 0.014325,
 996, 0.390590, 0.014531,
 997, 0.390650, 0.013491,
 998, 0.390460, 0.014330,
 999, 0.390590, 0.013493,
 1000, 0.390910, 0.014554,
 1001, 0.390600, 0.014164,
 1002, 0.390770, 0.014167,
 1003, 0.390410, 0.014471,
 1004, 0.390990, 0.014304,
 1005, 0.390510, 0.014398,
 1006, 0.390780, 0.014448,
 1007, 0.390790, 0.013215,
 1008, 0.390810, 0.014668,
 1009, 0.391020, 0.013568,
 1010, 0.391330, 0.014442,
 1011, 0.390780, 0.014819,
 1012, 0.391080, 0.013729,
 1013, 0.390840, 0.015145,
 1014, 0.390710, 0.013786,
 1015, 0.390640, 0.014512,
 1016, 0.390750, 0.014947,
 1017, 0.390800, 0.013618,
 1018, 0.390860, 0.013960,
 1019, 0.390350, 0.013687,
 1020, 0.391050, 0.014946,
 1021, 0.390540, 0.014419,
 1022, 0.390760, 0.013665,
 1023, 0.391020, 0.014521,
 1024, 0.390280, 0.013553,
 1025, 0.391840, 0.014444,
 1026, 0.390910, 0.014693,
 1027, 0.390950, 0.013647,
 1028, 0.391370, 0.014159,
 1029, 0.391130, 0.013592,
 1030, 0.391110, 0.014177,
 1031, 0.390770, 0.014355,
 1032, 0.390970, 0.013363,
 1033, 0.390840, 0.014640,
 1034, 0.390720, 0.013600,
 1035, 0.390980, 0.014774,
 1036, 0.390620, 0.014843,
 1037, 0.390600, 0.013342,
 1038, 0.391640, 0.014212,
 1039, 0.391490, 0.014163,
 1040, 0.391270, 0.013974,
 1041, 0.391060, 0.014425,
 1042, 0.391200, 0.013599,
 1043, 0.391020, 0.014875,
 1044, 0.391210, 0.014559,
 1045, 0.391130, 0.013539,
 1046, 0.390760, 0.014504,
 1047, 0.390960, 0.013770,
 1048, 0.391070, 0.014526,
 1049, 0.391580, 0.014522,
 1050, 0.390770, 0.014163,
 1051, 0.391790, 0.014700,
 1052, 0.391100, 0.013577,
 1053, 0.390290, 0.014456,
 1054, 0.391290, 0.014281,
 1055, 0.391270, 0.013887,
 1056, 0.390500, 0.014472,
 1057, 0.391030, 0.013738,
 1058, 0.391360, 0.014976,
 1059, 0.391380, 0.014410,
 1060, 0.391070, 0.014278,
 1061, 0.390690, 0.014652,
 1062, 0.391040, 0.013570,
 1063, 0.390470, 0.014843,
 1064, 0.390850, 0.014617,
 1065, 0.391100, 0.013655,
 1066, 0.390510, 0.015164,
 1067, 0.391190, 0.013914,
 1068, 0.390840, 0.015021,
 1069, 0.391130, 0.014599,
 1070, 0.390980, 0.014296,
 1071, 0.390730, 0.014501,
 1072, 0.391350, 0.014173,
 1073, 0.390760, 0.014261,
 1074, 0.390730, 0.015138,
 1075, 0.390420, 0.013516,
 1076, 0.390810, 0.014796,
 1077, 0.390720, 0.013922,
 1078, 0.390920, 0.014604,
 1079, 0.390960, 0.014680,
 1080, 0.390670, 0.014024,
 1081, 0.390800, 0.015262,
 1082, 0.391070, 0.014371,
 1083, 0.390240, 0.014440,
 1084, 0.390680, 0.015084,
 1085, 0.391100, 0.014152,
 1086, 0.390820, 0.015188,
 1087, 0.390870, 0.013757,
 1088, 0.390790, 0.014035,
 1089, 0.391230, 0.015749,
 1090, 0.390140, 0.014100,
 1091, 0.391480, 0.014503,
 1092, 0.391410, 0.014129,
 1093, 0.391710, 0.014287,
 1094, 0.390880, 0.015029,
 1095, 0.391190, 0.013702,
 1096, 0.390770, 0.015136,
 1097, 0.390330, 0.014277,
 1098, 0.391270, 0.014302,
 1099, 0.391310, 0.015648,
 1100, 0.390170, 0.014309,
 1101, 0.391450, 0.014747,
 1102, 0.390960, 0.014127,
 1103, 0.391020, 0.014393,
 1104, 0.390790, 0.015625,
 1105, 0.390790, 0.014237,
 1106, 0.391020, 0.014412,
 1107, 0.390590, 0.014177,
 1108, 0.391400, 0.014267,
 1109, 0.391710, 0.014774,
 1110, 0.391050, 0.013733,
 1111, 0.391200, 0.014781,
 1112, 0.390740, 0.014606,
 1113, 0.391220, 0.014636,
 1114, 0.390740, 0.014414,
 1115, 0.390980, 0.013552,
 1116, 0.391380, 0.015098,
 1117, 0.390850, 0.014038,
 1118, 0.391180, 0.014264,
 1119, 0.391060, 0.014755,
 1120, 0.391510, 0.014228,
 1121, 0.391250, 0.014796,
 1122, 0.391190, 0.013926,
 1123, 0.391280, 0.014520,
 1124, 0.391340, 0.014594,
 1125, 0.390760, 0.014152,
 1126, 0.391040, 0.014957,
 1127, 0.391320, 0.013920,
 1128, 0.390760, 0.014850,
 1129, 0.391250, 0.014615,
 1130, 0.391170, 0.013347,
 1131, 0.391610, 0.014877,
 1132, 0.391300, 0.014581,
 1133, 0.391300, 0.014833,
 1134, 0.390910, 0.014480,
 1135, 0.391110, 0.014369,
 1136, 0.390730, 0.014661,
 1137, 0.391300, 0.013609,
 1138, 0.391070, 0.014585,
 1139, 0.390690, 0.014635,
 1140, 0.391480, 0.013703,
 1141, 0.390630, 0.015034,
 1142, 0.391270, 0.013990,
 1143, 0.391200, 0.014755,
 1144, 0.391650, 0.014705,
 1145, 0.391280, 0.013536,
 1146, 0.390560, 0.014976,
 1147, 0.390400, 0.013500,
 1148, 0.390920, 0.014695,
 1149, 0.390960, 0.014379,
 1150, 0.390880, 0.013677,
 1151, 0.390650, 0.015140,
 1152, 0.390970, 0.014418,
 1153, 0.391150, 0.014277,
 1154, 0.390640, 0.014952,
 1155, 0.390410, 0.013890,
 1156, 0.390780, 0.015191,
 1157, 0.390620, 0.013968,
 1158, 0.391410, 0.015170,
 1159, 0.391410, 0.014388,
 1160, 0.391050, 0.014019,
 1161, 0.390990, 0.014666,
 1162, 0.390940, 0.014018,
 1163, 0.390900, 0.014792,
 1164, 0.391030, 0.014720,
 1165, 0.390450, 0.013633,
 1166, 0.391210, 0.015035,
 1167, 0.391040, 0.013926,
 1168, 0.390870, 0.015024,
 1169, 0.390800, 0.015054,
 1170, 0.391020, 0.013597,
 1171, 0.391030, 0.014390,
 1172, 0.391010, 0.013547,
 1173, 0.391470, 0.014699,
 1174, 0.391110, 0.014524,
 1175, 0.391040, 0.013073,
 1176, 0.390470, 0.014886,
 1177, 0.390890, 0.013841,
 1178, 0.391580, 0.014668,
 1179, 0.390620, 0.014716,
 1180, 0.390880, 0.014137,
 1181, 0.391160, 0.014479,
 1182, 0.390440, 0.013845,
 1183, 0.391280, 0.014211,
 1184, 0.390590, 0.014925,
 1185, 0.391170, 0.013551,
 1186, 0.390400, 0.014686,
 1187, 0.390890, 0.013926,
 1188, 0.390320, 0.014275,
 1189, 0.390960, 0.014787,
 1190, 0.391170, 0.013573,
 1191, 0.391020, 0.013892,
 1192, 0.391140, 0.014132,
 1193, 0.390980, 0.014158,
 1194, 0.390720, 0.014372,
 1195, 0.390860, 0.013672,
 1196, 0.390650, 0.014694,
 1197, 0.390660, 0.014086,
 1198, 0.390770, 0.014185,
 1199, 0.391190, 0.014680,
 1200, 0.391080, 0.013311,
 1201, 0.391080, 0.014254,
 1202, 0.390860, 0.014154,
 1203, 0.391170, 0.014210,
 1204, 0.390400, 0.015021,
 1205, 0.390790, 0.013869,
 1206, 0.390900, 0.014604,
 1207, 0.390360, 0.013404,
 1208, 0.391610, 0.014214,
 1209, 0.390290, 0.014871,
 1210, 0.391460, 0.013111,
 1211, 0.390690, 0.014128,
 1212, 0.391280, 0.014154,
 1213, 0.390280, 0.014251,
 1214, 0.391270, 0.014462,
 1215, 0.391370, 0.013516,
 1216, 0.391120, 0.014069,
 1217, 0.390950, 0.013453,
 1218, 0.390830, 0.014419,
 1219, 0.390550, 0.014457,
 1220, 0.390540, 0.014032,
 1221, 0.390960, 0.014399,
 1222, 0.390890, 0.013688,
 1223, 0.390560, 0.014415,
 1224, 0.390780, 0.014278,
 1225, 0.391100, 0.013573,
 1226, 0.391120, 0.014326,
 1227, 0.390600, 0.013908,
 1228, 0.390890, 0.014846,
 1229, 0.390560, 0.014243,
 1230, 0.391470, 0.013684,
 1231, 0.391090, 0.014564,
 1232, 0.390910, 0.013843,
 1233, 0.391170, 0.014197,
 1234, 0.390450, 0.015009,
 1235, 0.390900, 0.013619,
 1236, 0.390870, 0.015091,
 1237, 0.390450, 0.014391,
 1238, 0.391110, 0.013322,
 1239, 0.391210, 0.014772,
 1240, 0.390680, 0.013528,
 1241, 0.390880, 0.014744,
 1242, 0.391120, 0.014404,
 1243, 0.391130, 0.013908,
 1244, 0.390790, 0.014558,
 1245, 0.390710, 0.013594,
 1246, 0.391250, 0.014593,
 1247, 0.391160, 0.014102,
 1248, 0.390460, 0.013725,
 1249, 0.390890, 0.014475,
 1250, 0.390730, 0.014311,
 1251, 0.390790, 0.014727,
 1252, 0.391200, 0.014534,
 1253, 0.390910, 0.013382,
 1254, 0.390750, 0.014653,
 1255, 0.391140, 0.014255,
 1256, 0.390660, 0.014168,
 1257, 0.391340, 0.014895,
 1258, 0.390210, 0.013563,
 1259, 0.390770, 0.015239,
 1260, 0.391350, 0.013947,
 1261, 0.390770, 0.014817,
 1262, 0.391360, 0.014409,
 1263, 0.390540, 0.013181,
 1264, 0.390680, 0.014723,
 1265, 0.390830, 0.014034,
 1266, 0.391180, 0.014508,
 1267, 0.391790, 0.014596,
 1268, 0.390680, 0.013638,
 1269, 0.390870, 0.015072,
 1270, 0.391310, 0.013716,
 1271, 0.391180, 0.014243,
 1272, 0.390970, 0.014027,
 1273, 0.391220, 0.013286,
 1274, 0.390820, 0.014609,
 1275, 0.390500, 0.013960,
 1276, 0.390510, 0.014614,
 1277, 0.391050, 0.014949,
 1278, 0.391000, 0.013531,
 1279, 0.391160, 0.014930,
 1280, 0.390530, 0.014249,
 1281, 0.390580, 0.014397,
 1282, 0.391180, 0.014463,
 1283, 0.390460, 0.013588,
 1284, 0.390430, 0.014301,
 1285, 0.390350, 0.013752,
 1286, 0.391170, 0.014284,
 1287, 0.390880, 0.014321,
 1288, 0.390960, 0.013540,
 1289, 0.390830, 0.014397,
 1290, 0.390960, 0.013846,
 1291, 0.391070, 0.014226,
 1292, 0.390980, 0.014774,
 1293, 0.390900, 0.013625,
 1294, 0.391290, 0.014578,
 1295, 0.391090, 0.013729,
 1296, 0.391430, 0.014768,
 1297, 0.391290, 0.015022,
 1298, 0.391190, 0.013530,
 1299, 0.390610, 0.014753,
 1300, 0.390870, 0.013878,
 1301, 0.390970, 0.014382,
 1302, 0.390550, 0.014672,
 1303, 0.390700, 0.013184,
 1304, 0.390460, 0.014276,
 1305, 0.390560, 0.013596,
 1306, 0.390780, 0.014198,
 1307, 0.390190, 0.014566,
 1308, 0.391370, 0.013565,
 1309, 0.391130, 0.014912,
 1310, 0.390500, 0.013766,
 1311, 0.391390, 0.014212,
 1312, 0.390760, 0.014682,
 1313, 0.390690, 0.013905,
 1314, 0.390360, 0.014355,
 1315, 0.390810, 0.013686,
 1316, 0.391390, 0.014317,
 1317, 0.390910, 0.014460,
 1318, 0.391240, 0.013851,
 1319, 0.391570, 0.014639,
 1320, 0.390770, 0.013605,
 1321, 0.390700, 0.014261,
 1322, 0.390950, 0.014510,
 1323, 0.390890, 0.013266,
 1324, 0.390520, 0.014375,
 1325, 0.390820, 0.013633,
 1326, 0.390470, 0.014622,
 1327, 0.391420, 0.014923,
 1328, 0.390930, 0.014076,
 1329, 0.391070, 0.014791,
 1330, 0.390830, 0.013635,
 1331, 0.390830, 0.014204,
 1332, 0.390420, 0.014594,
 1333, 0.391410, 0.013352,
 1334, 0.390530, 0.014783,
 1335, 0.390550, 0.013728,
 1336, 0.391300, 0.014512,
 1337, 0.391240, 0.014424,
 1338, 0.390620, 0.013372,
 1339, 0.391260, 0.014731,
 1340, 0.390300, 0.013965,
 1341, 0.391100, 0.013750,
 1342, 0.390300, 0.014697,
 1343, 0.390250, 0.013572,
 1344, 0.390490, 0.014758,
 1345, 0.390540, 0.013496,
 1346, 0.391180, 0.014545,
 1347, 0.391040, 0.014684,
 1348, 0.391180, 0.013785,
 1349, 0.391230, 0.014501,
 1350, 0.391060, 0.013653,
 1351, 0.390950, 0.015377,
 1352, 0.390000, 0.014469,
 1353, 0.390390, 0.013392,
 1354, 0.391100, 0.014327,
 1355, 0.390450, 0.013546,
 1356, 0.391210, 0.014671,
 1357, 0.390620, 0.015313,
 1358, 0.390980, 0.013668,
 1359, 0.391390, 0.014528,
 1360, 0.391060, 0.013664,
 1361, 0.390800, 0.013999,
 1362, 0.390880, 0.014843,
 1363, 0.390330, 0.013491,
 1364, 0.390980, 0.014167,
 1365, 0.390840, 0.013571,
 1366, 0.390840, 0.014074,
 1367, 0.391000, 0.015745,
 1368, 0.390910, 0.013604,
 1369, 0.391230, 0.014605,
 1370, 0.391460, 0.013388,
 1371, 0.390880, 0.014539,
 1372, 0.390920, 0.014557,
 1373, 0.390790, 0.013662,
 1374, 0.390910, 0.014025,
 1375, 0.390730, 0.014669,
 1376, 0.391070, 0.014810,
 1377, 0.391000, 0.014625,
 1378, 0.390860, 0.013385,
 1379, 0.390850, 0.014562,
 1380, 0.390980, 0.013434,
 1381, 0.390920, 0.013920,
 1382, 0.390900, 0.014728,
 1383, 0.390970, 0.013804,
 1384, 0.390560, 0.014388,
 1385, 0.391260, 0.013729,
 1386, 0.391160, 0.014443,
 1387, 0.390500, 0.014580,
 1388, 0.391070, 0.014214,
 1389, 0.391490, 0.014320,
 1390, 0.390640, 0.014269,
 1391, 0.391130, 0.014609,
 1392, 0.390520, 0.014563,
 1393, 0.390490, 0.014141,
 1394, 0.390900, 0.014324,
 1395, 0.391170, 0.013942,
 1396, 0.390420, 0.014392,
 1397, 0.391050, 0.014395,
 1398, 0.390920, 0.013703,
 1399, 0.391500, 0.014542,
 1400, 0.390710, 0.013292,
 1401, 0.391010, 0.014332,
 1402, 0.390880, 0.014197,
 1403, 0.390860, 0.013586,
 1404, 0.390610, 0.014991,
 1405, 0.390970, 0.013316,
 1406, 0.390970, 0.014315,
 1407, 0.390790, 0.014590,
 1408, 0.390640, 0.013633,
 1409, 0.390690, 0.014550,
 1410, 0.391490, 0.013923,
 1411, 0.391090, 0.014363,
 1412, 0.390410, 0.014289,
 1413, 0.391240, 0.013533,
 1414, 0.390910, 0.014620,
 1415, 0.390310, 0.013431,
 1416, 0.390950, 0.013811,
 1417, 0.390370, 0.014773,
 1418, 0.390980, 0.013282,
 1419, 0.390830, 0.014273,
 1420, 0.390500, 0.013615,
 1421, 0.391300, 0.014944,
 1422, 0.390370, 0.014506,
 1423, 0.390540, 0.013758,
 1424, 0.390660, 0.014203,
 1425, 0.390670, 0.013434,
 1426, 0.390650, 0.014147,
 1427, 0.390490, 0.014287,
 1428, 0.390970, 0.013320,
 1429, 0.390390, 0.014834,
 1430, 0.390780, 0.014002,
 1431, 0.390830, 0.014393,
 1432, 0.390630, 0.014725,
 1433, 0.390830, 0.013440,
 1434, 0.391170, 0.014561,
 1435, 0.390930, 0.014281,
 1436, 0.390860, 0.013745,
 1437, 0.389970, 0.014259,
 1438, 0.391000, 0.013392,
 1439, 0.390390, 0.014830,
 1440, 0.391160, 0.014515,
 1441, 0.390710, 0.013940,
 1442, 0.390740, 0.014610,
 1443, 0.390110, 0.013434,
 1444, 0.390720, 0.015017,
 1445, 0.390970, 0.014474,
 1446, 0.390690, 0.013759,
 1447, 0.390580, 0.014668,
 1448, 0.391390, 0.014095,
 1449, 0.390260, 0.014550,
 1450, 0.390750, 0.014317,
 1451, 0.390790, 0.014214,
 1452, 0.391010, 0.014624,
 1453, 0.390800, 0.014331,
 1454, 0.389410, 0.014207,
 1455, 0.390280, 0.014408,
 1456, 0.390400, 0.013440,
 1457, 0.390610, 0.014591,
 1458, 0.390590, 0.014324,
 1459, 0.390640, 0.014785,
 1460, 0.390580, 0.015211,
 1461, 0.391070, 0.013642,
 1462, 0.391060, 0.014396,
 1463, 0.390840, 0.014163,
 1464, 0.390740, 0.014036,
 1465, 0.391230, 0.014707,
 1466, 0.390420, 0.014097,
 1467, 0.391090, 0.014533,
 1468, 0.390390, 0.013864,
 1469, 0.391370, 0.014134,
 1470, 0.390450, 0.014697,
 1471, 0.390920, 0.013940,
 1472, 0.390850, 0.014453,
 1473, 0.390640, 0.013701,
 1474, 0.390150, 0.014226,
 1475, 0.390660, 0.015023,
 1476, 0.390290, 0.013435,
 1477, 0.390930, 0.014651,
 1478, 0.390480, 0.014154,
 1479, 0.391060, 0.014618,
 1480, 0.391160, 0.014970,
 1481, 0.390480, 0.013207,
 1482, 0.390920, 0.014645,
 1483, 0.390600, 0.013900,
 1484, 0.390470, 0.013908,
 1485, 0.390300, 0.014856,
 1486, 0.390140, 0.013607,
 1487, 0.390670, 0.014460,
 1488, 0.390540, 0.013862,
 1489, 0.391160, 0.014249,
 1490, 0.390400, 0.014853,
 1491, 0.390520, 0.013944,
 1492, 0.391090, 0.017580,
 1493, 0.390950, 0.013957,
 1494, 0.390660, 0.014542,
 1495, 0.390610, 0.014441,
 1496, 0.390820, 0.013206,
 1497, 0.390800, 0.014291,
 1498, 0.391210, 0.014074,
 1499, 0.391270, 0.014902,
 1500, 0.390600, 0.014551,
 1501, 0.390740, 0.013876,
 1502, 0.390730, 0.014159,
 1503, 0.390460, 0.013965,
 1504, 0.391010, 0.014060,
 1505, 0.390390, 0.014610,
 1506, 0.390940, 0.014073,
 1507, 0.390000, 0.014842,
 1508, 0.390740, 0.014043,
 1509, 0.390920, 0.014918,
 1510, 0.390700, 0.014568,
 1511, 0.390820, 0.013434,
 1512, 0.390780, 0.014357,
 1513, 0.390290, 0.013440,
 1514, 0.390940, 0.014564,
 1515, 0.390650, 0.014500,
 1516, 0.390130, 0.013812,
 1517, 0.390580, 0.014231,
 1518, 0.391010, 0.013991,
 1519, 0.390760, 0.014447,
 1520, 0.391040, 0.014853,
 1521, 0.390850, 0.014235,
 1522, 0.390860, 0.014310,
 1523, 0.390710, 0.013552,
 1524, 0.391210, 0.014941,
 1525, 0.390250, 0.014963,
 1526, 0.390750, 0.013702,
 1527, 0.390180, 0.014706,
 1528, 0.390780, 0.014083,
 1529, 0.390890, 0.014265,
 1530, 0.391000, 0.014708,
 1531, 0.390590, 0.013525,
 1532, 0.390210, 0.014987,
 1533, 0.390960, 0.014036,
 1534, 0.391700, 0.014250,
 1535, 0.390490, 0.014666,
 1536, 0.390600, 0.013929,
 1537, 0.390520, 0.015174,
 1538, 0.390820, 0.013901,
 1539, 0.391180, 0.014209,
 1540, 0.390430, 0.014704,
 1541, 0.390600, 0.013938,
 1542, 0.390690, 0.014230,
 1543, 0.390730, 0.013250,
 1544, 0.391210, 0.014661,
 1545, 0.391290, 0.014435,
 1546, 0.389930, 0.014025,
 1547, 0.390070, 0.015071,
 1548, 0.390950, 0.014909,
 1549, 0.391160, 0.014297,
 1550, 0.390110, 0.014456,
 1551, 0.390570, 0.013353,
 1552, 0.390890, 0.014770,
 1553, 0.391070, 0.013461,
 1554, 0.390930, 0.014521,
 1555, 0.391320, 0.014528,
 1556, 0.390400, 0.013280,
 1557, 0.389910, 0.015107,
 1558, 0.390740, 0.014215,
 1559, 0.391120, 0.014288,
 1560, 0.390450, 0.015025,
 1561, 0.390880, 0.013429,
 1562, 0.390270, 0.014576,
 1563, 0.390730, 0.013726,
 1564, 0.390520, 0.014547,
 1565, 0.390850, 0.014493,
 1566, 0.391190, 0.013670,
 1567, 0.390880, 0.014447,
 1568, 0.390230, 0.014442,
 1569, 0.390640, 0.014436,
 1570, 0.390730, 0.014746,
 1571, 0.391270, 0.013524,
 1572, 0.390940, 0.014839,
 1573, 0.390200, 0.014014,
 1574, 0.390730, 0.014859,
 1575, 0.390740, 0.015007,
 1576, 0.390630, 0.013555,
 1577, 0.390360, 0.014462,
 1578, 0.390300, 0.013353,
 1579, 0.390620, 0.014068,
 1580, 0.390340, 0.014900,
 1581, 0.390790, 0.013561,
 1582, 0.390830, 0.014180,
 1583, 0.390990, 0.014009,
 1584, 0.390410, 0.014490,
 1585, 0.390370, 0.014144,
 1586, 0.390690, 0.013686,
 1587, 0.390290, 0.014622,
 1588, 0.390270, 0.014229,
 1589, 0.390720, 0.014531,
 1590, 0.390920, 0.015152,
 1591, 0.390680, 0.014077,
 1592, 0.390660, 0.014560,
 1593, 0.390610, 0.013584,
 1594, 0.390760, 0.014834,
 1595, 0.391030, 0.014550,
 1596, 0.390890, 0.013970,
 1597, 0.390640, 0.014309,
 1598, 0.390480, 0.013744,
 1599, 0.390580, 0.014954,
 1600, 0.390760, 0.014713,
 1601, 0.390470, 0.014020,
 1602, 0.390940, 0.014741,
 1603, 0.390750, 0.014126,
 1604, 0.391050, 0.013878,
 1605, 0.391190, 0.014681,
 1606, 0.391310, 0.013882,
 1607, 0.390400, 0.014783,
 1608, 0.391090, 0.013689,
 1609, 0.390800, 0.014524,
 1610, 0.390570, 0.014684,
 1611, 0.391180, 0.013875,
 1612, 0.390980, 0.014723,
 1613, 0.390830, 0.014197,
 1614, 0.390970, 0.014575,
 1615, 0.390720, 0.014988,
 1616, 0.390950, 0.014011,
 1617, 0.391030, 0.014569,
 1618, 0.390610, 0.013835,
 1619, 0.391210, 0.014245,
 1620, 0.390920, 0.015042,
 1621, 0.390710, 0.013728,
 1622, 0.390540, 0.015288,
 1623, 0.390820, 0.013929,
 1624, 0.390810, 0.014060,
 1625, 0.391850, 0.014937,
 1626, 0.390870, 0.013586,
 1627, 0.390970, 0.014775,
 1628, 0.390660, 0.013433,
 1629, 0.390450, 0.014918,
 1630, 0.390740, 0.014348,
 1631, 0.390960, 0.013879,
 1632, 0.390980, 0.014717,
 1633, 0.391050, 0.014371,
 1634, 0.390360, 0.013841,
 1635, 0.390820, 0.014613,
 1636, 0.390410, 0.013701,
 1637, 0.390850, 0.014665,
 1638, 0.390840, 0.014754,
 1639, 0.390320, 0.013635,
 1640, 0.390960, 0.014444,
 1641, 0.390790, 0.014007,
 1642, 0.389750, 0.014669,
 1643, 0.391040, 0.014841,
 1644, 0.390750, 0.013720,
 1645, 0.390540, 0.015204,
 1646, 0.390470, 0.013750,
 1647, 0.390420, 0.014139,
 1648, 0.391020, 0.014295,
 1649, 0.390320, 0.013579,
 1650, 0.390110, 0.015097,
 1651, 0.390600, 0.013667,
 1652, 0.390520, 0.014382,
 1653, 0.390810, 0.015000,
 1654, 0.390630, 0.013995,
 1655, 0.390450, 0.014510,
 1656, 0.390640, 0.013614,
 1657, 0.390330, 0.014367,
 1658, 0.391220, 0.014867,
 1659, 0.390730, 0.013536,
 1660, 0.390880, 0.015355,
 1661, 0.390550, 0.014208,
 1662, 0.390590, 0.014121,
 1663, 0.390820, 0.014848,
 1664, 0.390720, 0.013673,
 1665, 0.390610, 0.014524,
 1666, 0.390310, 0.014109,
 1667, 0.390490, 0.014250,
 1668, 0.390580, 0.015182,
 1669, 0.390890, 0.013744,
 1670, 0.390650, 0.014679,
 1671, 0.389960, 0.014206,
 1672, 0.390410, 0.014247,
 1673, 0.391560, 0.014890,
 1674, 0.391080, 0.013811,
 1675, 0.390660, 0.014735,
 1676, 0.390950, 0.014079,
 1677, 0.390560, 0.014434,
 1678, 0.390510, 0.014199,
 1679, 0.390580, 0.013701,
 1680, 0.390390, 0.014765,
 1681, 0.390070, 0.013797,
 1682, 0.390480, 0.014651,
 1683, 0.390880, 0.014970,
 1684, 0.390610, 0.013900,
 1685, 0.390530, 0.014324,
 1686, 0.390490, 0.014186,
 1687, 0.390330, 0.014359,
 1688, 0.390520, 0.014552,
 1689, 0.391190, 0.013592,
 1690, 0.390380, 0.014980,
 1691, 0.390010, 0.014438,
 1692, 0.390600, 0.014728,
 1693, 0.390550, 0.014660,
 1694, 0.390530, 0.013375,
 1695, 0.390580, 0.014207,
 1696, 0.390470, 0.013737,
 1697, 0.390950, 0.014254,
 1698, 0.390290, 0.014558,
 1699, 0.391340, 0.013842,
 1700, 0.390640, 0.014758,
 1701, 0.390120, 0.014073,
 1702, 0.390730, 0.014124,
 1703, 0.390760, 0.014764,
 1704, 0.390790, 0.013471,
 1705, 0.390430, 0.014115,
 1706, 0.390700, 0.014042,
 1707, 0.390420, 0.014613,
 1708, 0.390710, 0.014300,
 1709, 0.390890, 0.013539,
 1710, 0.390210, 0.014985,
 1711, 0.390170, 0.013872,
 1712, 0.390450, 0.014142,
 1713, 0.390340, 0.014186,
 1714, 0.390780, 0.014153,
 1715, 0.390340, 0.014401,
 1716, 0.390490, 0.013973,
 1717, 0.391080, 0.014254,
 1718, 0.390780, 0.014618,
 1719, 0.390720, 0.014194,
 1720, 0.390750, 0.014429,
 1721, 0.390720, 0.014330,
 1722, 0.390600, 0.014779,
 1723, 0.390940, 0.014644,
 1724, 0.390360, 0.013231,
 1725, 0.390860, 0.014270,
 1726, 0.390930, 0.013665,
 1727, 0.391130, 0.014064,
 1728, 0.390280, 0.014414,
 1729, 0.390640, 0.013679,
 1730, 0.390440, 0.015057,
 1731, 0.390410, 0.014265,
 1732, 0.391200, 0.014282,
 1733, 0.390390, 0.014799,
 1734, 0.390500, 0.013445,
 1735, 0.390220, 0.014233,
 1736, 0.390140, 0.013528,
 1737, 0.391030, 0.013980,
 1738, 0.390640, 0.015006,
 1739, 0.390450, 0.013841,
 1740, 0.390590, 0.014901,
 1741, 0.390320, 0.013352,
 1742, 0.390990, 0.014552,
 1743, 0.390020, 0.014872,
 1744, 0.390620, 0.013408,
 1745, 0.390950, 0.014365,
 1746, 0.390830, 0.013791,
 1747, 0.390960, 0.014561,
 1748, 0.390490, 0.014366,
 1749, 0.391210, 0.014196,
 1750, 0.390990, 0.014521,
 1751, 0.390730, 0.013839,
 1752, 0.390820, 0.014409,
 1753, 0.390580, 0.014973,
 1754, 0.390170, 0.013571,
 1755, 0.390930, 0.013977,
 1756, 0.390270, 0.013980,
 1757, 0.390580, 0.014308,
 1758, 0.390540, 0.014264,
 1759, 0.391390, 0.014084,
 1760, 0.390260, 0.014804,
 1761, 0.390790, 0.014229,
 1762, 0.390510, 0.014192,
 1763, 0.390330, 0.014923,
 1764, 0.390250, 0.013756,
 1765, 0.390240, 0.014108,
 1766, 0.390490, 0.014313,
 1767, 0.390620, 0.014023,
 1768, 0.390400, 0.015007,
 1769, 0.391090, 0.013660,
 1770, 0.390740, 0.014429,
 1771, 0.390650, 0.013458,
 1772, 0.390540, 0.013795,
 1773, 0.390290, 0.014334,
 1774, 0.390280, 0.013407,
 1775, 0.390510, 0.014574,
 1776, 0.390940, 0.014353,
 1777, 0.391140, 0.014298,
 1778, 0.390050, 0.014790,
 1779, 0.391200, 0.013422,
 1780, 0.390250, 0.013883,
 1781, 0.390440, 0.013841,
 1782, 0.390610, 0.014476,
 1783, 0.390560, 0.014854,
 1784, 0.390430, 0.014019,
 1785, 0.390090, 0.014158,
 1786, 0.390940, 0.014462,
 1787, 0.390470, 0.014539,
 1788, 0.390430, 0.014460,
 1789, 0.391130, 0.013717,
 1790, 0.391080, 0.014552,
 1791, 0.390580, 0.014103,
 1792, 0.390650, 0.014425,
 1793, 0.390490, 0.014271,
 1794, 0.390510, 0.013610,
 1795, 0.390140, 0.015149,
 1796, 0.390630, 0.013086,
 1797, 0.390270, 0.014044,
 1798, 0.390720, 0.014439,
 1799, 0.391050, 0.013848,
 1800, 0.390240, 0.014585,
 1801, 0.390900, 0.013802,
 1802, 0.390680, 0.014648,
 1803, 0.390780, 0.014907,
 1804, 0.390920, 0.014360,
 1805, 0.390490, 0.016227,
 1806, 0.390950, 0.016291,
 1807, 0.391710, 0.017272,
 1808, 0.391890, 0.019041,
 1809, 0.391750, 0.018526,
 1810, 0.391990, 0.019191,
 1811, 0.392320, 0.019151,
 1812, 0.392330, 0.018803,
 1813, 0.391090, 0.018409,
 1814, 0.392010, 0.017266,
 1815, 0.391200, 0.017662,
 1816, 0.391490, 0.016530,
 1817, 0.391480, 0.016705,
 1818, 0.391890, 0.017953,
 1819, 0.391610, 0.017006,
 1820, 0.392310, 0.016334,
 1821, 0.391760, 0.016544,
 1822, 0.391590, 0.016350,
 1823, 0.391800, 0.016663,
 1824, 0.391300, 0.015980,
 1825, 0.391210, 0.015849,
 1826, 0.391120, 0.016483,
 1827, 0.391150, 0.015776,
 1828, 0.391150, 0.016168,
 1829, 0.391150, 0.015236,
 1830, 0.392080, 0.016360,
 1831, 0.391980, 0.015903,
 1832, 0.391310, 0.015943,
 1833, 0.391140, 0.016242,
 1834, 0.391200, 0.015128,
 1835, 0.391100, 0.015872,
 1836, 0.391540, 0.016308,
 1837, 0.391450, 0.014869,
 1838, 0.391040, 0.016149,
 1839, 0.391260, 0.014807,
 1840, 0.391220, 0.015463,
 1841, 0.391830, 0.015291,
 1842, 0.391290, 0.014333,
 1843, 0.391140, 0.015404,
 1844, 0.391340, 0.015077,
 1845, 0.390830, 0.014728,
 1846, 0.391220, 0.016054,
 1847, 0.391020, 0.014155,
 1848, 0.391100, 0.015941,
 1849, 0.391100, 0.014697,
 1850, 0.392450, 0.017626,
 1851, 0.391360, 0.016143,
 1852, 0.391250, 0.014449,
 1853, 0.392160, 0.015973,
 1854, 0.390680, 0.014640,
 1855, 0.391050, 0.014782,
 1856, 0.390930, 0.015437,
 1857, 0.390990, 0.013844,
 1858, 0.391080, 0.014817,
 1859, 0.391220, 0.014673,
 1860, 0.391360, 0.014954,
 1861, 0.391240, 0.015999,
 1862, 0.390440, 0.013630,
 1863, 0.391470, 0.015188,
 1864, 0.391300, 0.014368,
 1865, 0.391310, 0.014784,
 1866, 0.390570, 0.015388,
 1867, 0.390410, 0.013916,
 1868, 0.391060, 0.014687,
 1869, 0.390700, 0.014627,
 1870, 0.390710, 0.014516,
 1871, 0.391330, 0.015158,
 1872, 0.390790, 0.013649,
 1873, 0.391030, 0.014548,
 1874, 0.391080, 0.014162,
 1875, 0.391170, 0.014639,
 1876, 0.390810, 0.015276,
 1877, 0.390430, 0.013435,
 1878, 0.391440, 0.014465,
 1879, 0.390890, 0.013958,
 1880, 0.391550, 0.014364,
 1881, 0.391050, 0.014884,
 1882, 0.391610, 0.013571,
 1883, 0.391640, 0.014763,
 1884, 0.390780, 0.014343,
 1885, 0.390810, 0.014682,
 1886, 0.391290, 0.014476,
 1887, 0.390710, 0.012788,
 1888, 0.390690, 0.015212,
 1889, 0.390780, 0.014495,
 1890, 0.391020, 0.014131,
 1891, 0.390460, 0.014618,
 1892, 0.391230, 0.013596,
 1893, 0.391210, 0.015071,
 1894, 0.391230, 0.013869,
 1895, 0.391120, 0.014442,
 1896, 0.391240, 0.015012,
 1897, 0.390820, 0.013605,
 1898, 0.390480, 0.014856,
 1899, 0.390610, 0.014394,
 1900, 0.390780, 0.014988,
 1901, 0.390660, 0.014920,
 1902, 0.391100, 0.013567,
 1903, 0.391340, 0.014829,
 1904, 0.391040, 0.014279,
 1905, 0.390660, 0.014095,
 1906, 0.391210, 0.014682,
 1907, 0.390570, 0.013703,
 1908, 0.390600, 0.014146,
 1909, 0.391070, 0.013895,
 1910, 0.390910, 0.014347,
 1911, 0.390970, 0.014773,
 1912, 0.391220, 0.013600,
 1913, 0.391350, 0.015022,
 1914, 0.391390, 0.013831,
 1915, 0.391040, 0.014689,
 1916, 0.390730, 0.014514,
 1917, 0.390560, 0.013095,
 1918, 0.390330, 0.014528,
 1919, 0.391130, 0.013890,
 1920, 0.390980, 0.014344,
 1921, 0.390720, 0.014619,
 1922, 0.390770, 0.013800,
 1923, 0.390580, 0.014874,
 1924, 0.391340, 0.013705,
 1925, 0.390910, 0.014820,
 1926, 0.390380, 0.014711,
 1927, 0.390730, 0.013273,
 1928, 0.390580, 0.014933,
 1929, 0.390680, 0.013897,
 1930, 0.390500, 0.014767,
 1931, 0.390650, 0.015201,
 1932, 0.390700, 0.014057,
 1933, 0.390420, 0.014272,
 1934, 0.391300, 0.014048,
 1935, 0.391230, 0.014419,
 1936, 0.390690, 0.014900,
 1937, 0.390740, 0.013483,
 1938, 0.390410, 0.014900,
 1939, 0.389970, 0.013831,
 1940, 0.391190, 0.014608,
 1941, 0.390610, 0.015059,
 1942, 0.390900, 0.013687,
 1943, 0.390800, 0.014623,
 1944, 0.390650, 0.013848,
 1945, 0.390780, 0.014615,
 1946, 0.390220, 0.015020,
 1947, 0.390460, 0.013721,
 1948, 0.390830, 0.014630,
 1949, 0.390260, 0.013609,
 1950, 0.391040, 0.014165,
 1951, 0.390700, 0.014734,
 1952, 0.390700, 0.013714,
 1953, 0.391060, 0.014318,
 1954, 0.390640, 0.014171,
 1955, 0.390570, 0.014037,
 1956, 0.390710, 0.014675,
 1957, 0.390580, 0.013210,
 1958, 0.390120, 0.014605,
 1959, 0.390660, 0.013821,
 1960, 0.390360, 0.014119,
 1961, 0.390490, 0.015156,
 1962, 0.391040, 0.013586,
 1963, 0.390640, 0.015044,
 1964, 0.390700, 0.013782,
 1965, 0.390920, 0.014272,
 1966, 0.390360, 0.015038,
 1967, 0.391330, 0.013085,
 1968, 0.390810, 0.014823,
 1969, 0.390540, 0.014118,
 1970, 0.390500, 0.013949,
 1971, 0.390390, 0.015201,
 1972, 0.390450, 0.013423,
 1973, 0.390990, 0.014851,
 1974, 0.390680, 0.013783,
 1975, 0.390820, 0.014175,
 1976, 0.390670, 0.014659,
 1977, 0.390950, 0.013976,
 1978, 0.390620, 0.014719,
 1979, 0.391000, 0.013546,
 1980, 0.390510, 0.014227,
 1981, 0.390520, 0.014724,
 1982, 0.390560, 0.013246,
 1983, 0.390550, 0.014577,
 1984, 0.391420, 0.014221,
 1985, 0.390960, 0.014795,
 1986, 0.390900, 0.014506,
 1987, 0.390820, 0.013467,
 1988, 0.390310, 0.014646,
 1989, 0.390640, 0.013821,
 1990, 0.390520, 0.013955,
 1991, 0.391650, 0.014820,
 1992, 0.390840, 0.013790,
 1993, 0.390830, 0.014724,
 1994, 0.390790, 0.013836,
 1995, 0.391420, 0.014590,
 1996, 0.390870, 0.014686,
 1997, 0.390500, 0.013600,
 1998, 0.390340, 0.014573,
 1999, 0.390450, 0.013865,
 2000, 0.391050, 0.014652,
 2001, 0.390250, 0.014680,
