Container_size, 2097152,key_space, 9252request bin, mean_latency,sd,
 0, 0.307550, 0.006123,
 1, 0.308370, 0.005603,
 2, 0.308240, 0.005989,
 3, 0.308330, 0.005860,
 4, 0.307820, 0.005313,
 5, 0.308330, 0.005485,
 6, 0.307700, 0.005090,
 7, 0.307530, 0.005587,
 8, 0.308090, 0.005559,
 9, 0.307910, 0.005406,
 10, 0.307770, 0.005716,
 11, 0.307880, 0.005279,
 12, 0.307300, 0.006037,
 13, 0.307950, 0.006103,
 14, 0.307580, 0.005248,
 15, 0.307750, 0.005828,
 16, 0.307170, 0.005505,
 17, 0.307980, 0.005843,
 18, 0.307900, 0.005818,
 19, 0.307560, 0.005015,
 20, 0.307730, 0.005655,
 21, 0.307480, 0.005447,
 22, 0.307700, 0.005967,
 23, 0.307480, 0.005816,
 24, 0.307810, 0.005228,
 25, 0.307700, 0.006209,
 26, 0.307440, 0.005011,
 27, 0.307720, 0.005523,
 28, 0.307660, 0.006058,
 29, 0.307460, 0.004892,
 30, 0.307620, 0.005954,
 31, 0.307570, 0.005296,
 32, 0.307660, 0.005818,
 33, 0.308280, 0.005699,
 34, 0.307840, 0.005242,
 35, 0.307430, 0.005705,
 36, 0.307810, 0.005238,
 37, 0.307890, 0.006001,
 38, 0.307790, 0.005831,
 39, 0.307500, 0.004933,
 40, 0.307430, 0.005869,
 41, 0.307610, 0.004954,
 42, 0.307370, 0.005598,
 43, 0.307870, 0.005405,
 44, 0.307560, 0.005121,
 45, 0.307420, 0.005532,
 46, 0.307500, 0.005226,
 47, 0.307590, 0.005953,
 48, 0.307640, 0.005768,
 49, 0.307450, 0.005298,
 50, 0.307620, 0.005861,
 51, 0.307920, 0.005219,
 52, 0.307970, 0.006024,
 53, 0.307590, 0.005860,
 54, 0.307500, 0.005321,
 55, 0.307800, 0.005370,
 56, 0.307410, 0.004942,
 57, 0.307880, 0.005816,
 58, 0.307440, 0.005762,
 59, 0.307720, 0.005227,
 60, 0.307870, 0.005791,
 61, 0.307610, 0.005184,
 62, 0.307500, 0.005803,
 63, 0.307700, 0.005839,
 64, 0.307550, 0.005045,
 65, 0.308440, 0.005787,
 66, 0.307780, 0.005238,
 67, 0.307810, 0.005672,
 68, 0.307250, 0.005820,
 69, 0.307710, 0.005339,
 70, 0.307730, 0.005824,
 71, 0.307700, 0.005443,
 72, 0.307460, 0.005665,
 73, 0.307950, 0.005854,
 74, 0.307550, 0.004782,
 75, 0.307590, 0.005530,
 76, 0.307580, 0.005322,
 77, 0.307390, 0.005832,
 78, 0.307870, 0.006193,
 79, 0.307340, 0.005227,
 80, 0.307810, 0.005803,
 81, 0.307290, 0.005172,
 82, 0.307690, 0.005812,
 83, 0.307780, 0.005808,
 84, 0.307310, 0.005464,
 85, 0.307810, 0.005578,
 86, 0.307530, 0.005239,
 87, 0.307410, 0.005703,
 88, 0.307600, 0.006010,
 89, 0.307520, 0.005315,
 90, 0.307540, 0.005825,
 91, 0.307570, 0.005101,
 92, 0.307300, 0.005554,
 93, 0.307560, 0.005641,
 94, 0.307460, 0.005127,
 95, 0.307910, 0.005918,
 96, 0.307500, 0.005220,
 97, 0.307790, 0.005647,
 98, 0.307520, 0.005825,
 99, 0.307580, 0.005262,
 100, 0.307630, 0.005558,
 101, 0.307810, 0.005345,
 102, 0.307740, 0.005679,
 103, 0.307670, 0.005952,
 104, 0.307410, 0.005125,
 105, 0.307300, 0.005549,
 106, 0.307830, 0.005680,
 107, 0.307540, 0.005183,
 108, 0.307330, 0.006103,
 109, 0.307530, 0.005281,
 110, 0.307430, 0.005615,
 111, 0.307770, 0.005461,
 112, 0.307480, 0.005055,
 113, 0.307460, 0.005401,
 114, 0.307490, 0.005178,
 115, 0.308670, 0.012018,
 116, 0.307660, 0.005738,
 117, 0.307620, 0.005180,
 118, 0.307640, 0.005924,
 119, 0.307390, 0.005238,
 120, 0.307480, 0.005959,
 121, 0.307690, 0.005734,
 122, 0.307630, 0.005124,
 123, 0.307830, 0.005764,
 124, 0.307570, 0.005246,
 125, 0.307750, 0.005757,
 126, 0.307460, 0.005847,
 127, 0.307710, 0.005056,
 128, 0.307700, 0.005738,
 129, 0.308140, 0.005208,
 130, 0.308040, 0.005398,
 131, 0.307470, 0.005939,
 132, 0.307810, 0.005325,
 133, 0.307380, 0.005846,
 134, 0.307810, 0.005079,
 135, 0.307650, 0.005686,
 136, 0.307410, 0.005942,
 137, 0.308820, 0.011276,
 138, 0.307870, 0.005640,
 139, 0.307780, 0.005100,
 140, 0.307740, 0.005895,
 141, 0.307590, 0.005463,
 142, 0.307760, 0.004946,
 143, 0.307540, 0.005967,
 144, 0.307410, 0.005342,
 145, 0.307720, 0.005771,
 146, 0.307610, 0.005407,
 147, 0.308810, 0.010908,
 148, 0.307520, 0.006059,
 149, 0.307660, 0.005335,
 150, 0.307860, 0.005715,
 151, 0.307870, 0.005760,
 152, 0.307230, 0.005057,
 153, 0.307510, 0.005366,
 154, 0.307300, 0.005266,
 155, 0.307680, 0.005890,
 156, 0.307610, 0.005815,
 157, 0.307580, 0.005136,
 158, 0.307690, 0.005815,
 159, 0.308210, 0.011511,
 160, 0.308130, 0.005863,
 161, 0.307710, 0.005783,
 162, 0.307670, 0.005150,
 163, 0.307600, 0.005938,
 164, 0.307400, 0.005259,
 165, 0.307870, 0.005973,
 166, 0.307740, 0.005803,
 167, 0.307590, 0.005625,
 168, 0.308820, 0.012100,
 169, 0.307580, 0.005131,
 170, 0.307650, 0.005478,
 171, 0.307550, 0.005543,
 172, 0.307560, 0.005286,
 173, 0.307690, 0.005779,
 174, 0.307860, 0.005301,
 175, 0.307630, 0.005737,
 176, 0.307780, 0.005585,
 177, 0.307380, 0.005390,
 178, 0.307690, 0.005665,
 179, 0.307620, 0.005383,
 180, 0.307810, 0.005880,
 181, 0.307470, 0.005686,
 182, 0.307310, 0.005102,
 183, 0.307720, 0.005759,
 184, 0.307560, 0.005290,
 185, 0.307520, 0.005543,
 186, 0.307520, 0.005702,
 187, 0.307200, 0.005381,
 188, 0.307680, 0.005451,
 189, 0.307700, 0.005399,
 190, 0.307780, 0.005719,
 191, 0.307560, 0.006429,
 192, 0.307380, 0.005280,
 193, 0.308060, 0.005470,
 194, 0.307630, 0.005236,
 195, 0.307590, 0.005563,
 196, 0.307340, 0.005886,
 197, 0.307570, 0.005187,
 198, 0.307650, 0.005629,
 199, 0.307580, 0.005129,
 200, 0.307550, 0.005586,
 201, 0.307390, 0.005641,
 202, 0.307670, 0.005121,
 203, 0.308820, 0.014146,
 204, 0.307640, 0.004969,
 205, 0.307800, 0.005441,
 206, 0.307590, 0.005550,
 207, 0.307610, 0.004909,
 208, 0.307510, 0.005857,
 209, 0.307490, 0.005187,
 210, 0.307340, 0.005901,
 211, 0.307610, 0.005526,
 212, 0.307380, 0.004833,
 213, 0.307620, 0.005889,
 214, 0.307580, 0.005548,
 215, 0.307370, 0.005334,
 216, 0.307910, 0.005481,
 217, 0.307260, 0.005232,
 218, 0.307580, 0.005662,
 219, 0.307400, 0.004792,
 220, 0.307380, 0.005762,
 221, 0.307900, 0.005429,
 222, 0.307710, 0.004908,
 223, 0.307470, 0.005959,
 224, 0.307440, 0.005243,
 225, 0.307270, 0.005981,
 226, 0.307730, 0.005885,
 227, 0.307430, 0.004928,
 228, 0.307560, 0.005350,
 229, 0.307640, 0.005360,
 230, 0.307970, 0.005900,
 231, 0.308390, 0.011830,
 232, 0.307870, 0.005486,
 233, 0.307610, 0.006222,
 234, 0.307400, 0.005034,
 235, 0.307570, 0.005565,
 236, 0.307560, 0.005878,
 237, 0.307700, 0.004995,
 238, 0.308410, 0.011208,
 239, 0.307710, 0.005141,
 240, 0.307560, 0.005663,
 241, 0.307850, 0.005861,
 242, 0.307910, 0.005311,
 243, 0.307090, 0.005580,
 244, 0.308000, 0.005411,
 245, 0.307650, 0.005825,
 246, 0.307820, 0.005818,
 247, 0.307250, 0.005129,
 248, 0.307390, 0.005729,
 249, 0.307860, 0.005282,
 250, 0.307760, 0.006147,
 251, 0.307390, 0.005564,
 252, 0.307510, 0.005203,
 253, 0.307560, 0.005492,
 254, 0.307530, 0.005416,
 255, 0.307750, 0.005871,
 256, 0.307310, 0.005801,
 257, 0.308320, 0.005535,
 258, 0.308040, 0.005882,
 259, 0.307710, 0.005068,
 260, 0.307680, 0.005669,
 261, 0.307580, 0.006005,
 262, 0.307480, 0.005264,
 263, 0.307430, 0.005800,
 264, 0.307250, 0.005300,
 265, 0.307690, 0.005709,
 266, 0.307610, 0.005826,
 267, 0.307700, 0.005043,
 268, 0.307900, 0.005716,
 269, 0.307580, 0.005313,
 270, 0.307850, 0.005567,
 271, 0.307450, 0.005547,
 272, 0.307960, 0.005272,
 273, 0.307600, 0.006140,
 274, 0.307410, 0.005154,
 275, 0.307810, 0.005866,
 276, 0.307250, 0.005881,
 277, 0.307640, 0.005222,
 278, 0.307820, 0.005869,
 279, 0.307590, 0.005517,
 280, 0.307460, 0.005635,
 281, 0.307960, 0.006046,
 282, 0.307260, 0.005264,
 283, 0.307620, 0.005813,
 284, 0.307500, 0.005166,
 285, 0.307580, 0.005819,
 286, 0.307790, 0.005807,
 287, 0.307450, 0.005430,
 288, 0.307640, 0.005588,
 289, 0.307480, 0.005264,
 290, 0.307560, 0.005701,
 291, 0.307730, 0.005522,
 292, 0.307290, 0.005333,
 293, 0.307520, 0.005484,
 294, 0.307680, 0.005230,
 295, 0.307710, 0.005459,
 296, 0.307780, 0.005823,
 297, 0.307610, 0.005316,
 298, 0.307490, 0.005808,
 299, 0.307400, 0.004948,
 300, 0.307830, 0.005517,
 301, 0.307900, 0.005782,
 302, 0.307630, 0.004965,
 303, 0.307740, 0.006004,
 304, 0.307160, 0.005182,
 305, 0.307690, 0.005528,
 306, 0.307460, 0.005790,
 307, 0.307390, 0.005370,
 308, 0.307460, 0.005804,
 309, 0.307640, 0.005562,
 310, 0.307590, 0.005812,
 311, 0.307760, 0.006112,
 312, 0.307600, 0.005121,
 313, 0.307520, 0.005601,
 314, 0.307770, 0.005589,
 315, 0.307590, 0.005018,
 316, 0.307820, 0.005456,
 317, 0.307560, 0.005137,
 318, 0.307560, 0.005611,
 319, 0.307680, 0.006023,
 320, 0.307500, 0.005306,
 321, 0.307680, 0.005628,
 322, 0.307620, 0.004963,
 323, 0.307700, 0.005947,
 324, 0.307660, 0.005836,
 325, 0.307420, 0.005227,
 326, 0.307810, 0.005993,
 327, 0.307590, 0.005200,
 328, 0.307640, 0.005766,
 329, 0.307870, 0.005761,
 330, 0.307600, 0.005365,
 331, 0.307950, 0.005680,
 332, 0.307430, 0.005478,
 333, 0.307710, 0.005879,
 334, 0.307280, 0.005541,
 335, 0.307680, 0.005105,
 336, 0.307490, 0.005640,
 337, 0.307870, 0.005071,
 338, 0.307780, 0.005665,
 339, 0.307490, 0.005561,
 340, 0.307610, 0.005329,
 341, 0.307490, 0.005682,
 342, 0.307300, 0.005029,
 343, 0.307580, 0.005713,
 344, 0.307510, 0.006098,
 345, 0.307730, 0.005122,
 346, 0.307990, 0.005712,
 347, 0.307470, 0.005153,
 348, 0.307580, 0.006034,
 349, 0.307480, 0.005703,
 350, 0.307900, 0.005074,
 351, 0.307680, 0.005973,
 352, 0.307310, 0.005207,
 353, 0.307560, 0.005959,
 354, 0.307410, 0.005948,
 355, 0.307760, 0.005256,
 356, 0.307760, 0.006083,
 357, 0.307430, 0.005248,
 358, 0.307740, 0.005631,
 359, 0.307520, 0.005516,
 360, 0.307310, 0.005261,
 361, 0.308090, 0.005773,
 362, 0.307470, 0.005191,
 363, 0.307600, 0.005657,
 364, 0.307560, 0.005735,
 365, 0.307640, 0.005382,
 366, 0.307660, 0.005835,
 367, 0.307150, 0.005332,
 368, 0.307610, 0.006089,
 369, 0.307580, 0.005685,
 370, 0.307470, 0.004989,
 371, 0.307430, 0.005754,
 372, 0.307470, 0.005341,
 373, 0.308050, 0.005854,
 374, 0.307600, 0.005872,
 375, 0.307410, 0.005156,
 376, 0.307460, 0.005898,
 377, 0.307310, 0.005281,
 378, 0.307510, 0.005723,
 379, 0.307610, 0.005850,
 380, 0.307200, 0.005219,
 381, 0.307700, 0.005907,
 382, 0.307500, 0.005125,
 383, 0.307490, 0.005730,
 384, 0.307530, 0.005789,
 385, 0.307430, 0.005514,
 386, 0.307380, 0.006053,
 387, 0.307590, 0.005424,
 388, 0.307660, 0.005593,
 389, 0.307810, 0.005839,
 390, 0.307500, 0.005182,
 391, 0.307700, 0.005949,
 392, 0.307790, 0.005290,
 393, 0.307510, 0.005668,
 394, 0.307580, 0.005685,
 395, 0.307160, 0.005228,
 396, 0.307670, 0.005724,
 397, 0.307390, 0.005213,
 398, 0.307690, 0.005672,
 399, 0.307640, 0.005799,
 400, 0.307200, 0.005263,
 401, 0.307770, 0.005635,
 402, 0.307740, 0.005371,
 403, 0.307610, 0.006041,
 404, 0.307660, 0.005684,
 405, 0.307570, 0.005086,
 406, 0.307580, 0.005847,
 407, 0.307840, 0.005471,
 408, 0.307600, 0.006076,
 409, 0.307750, 0.005770,
 410, 0.307750, 0.005249,
 411, 0.307500, 0.005525,
 412, 0.307370, 0.005358,
 413, 0.307670, 0.005857,
 414, 0.307620, 0.005728,
 415, 0.307560, 0.005237,
 416, 0.307480, 0.005930,
 417, 0.307370, 0.005283,
 418, 0.307680, 0.005904,
 419, 0.308170, 0.005696,
 420, 0.307360, 0.005230,
 421, 0.307580, 0.005622,
 422, 0.307600, 0.005479,
 423, 0.307480, 0.005721,
 424, 0.308210, 0.005656,
 425, 0.307560, 0.005220,
 426, 0.307640, 0.005939,
 427, 0.307700, 0.005500,
 428, 0.307610, 0.005750,
 429, 0.307790, 0.005592,
 430, 0.307610, 0.005038,
 431, 0.307660, 0.005764,
 432, 0.307610, 0.005407,
 433, 0.307530, 0.005979,
 434, 0.307780, 0.005808,
 435, 0.307450, 0.004944,
 436, 0.307890, 0.005711,
 437, 0.307540, 0.005443,
 438, 0.307620, 0.005872,
 439, 0.307480, 0.005952,
 440, 0.307370, 0.004989,
 441, 0.307650, 0.006062,
 442, 0.307720, 0.005058,
 443, 0.307680, 0.005593,
 444, 0.307340, 0.005948,
 445, 0.307490, 0.004843,
 446, 0.307510, 0.005733,
 447, 0.307630, 0.005312,
 448, 0.307460, 0.005775,
 449, 0.307590, 0.005862,
 450, 0.307890, 0.005320,
 451, 0.307420, 0.006129,
 452, 0.307860, 0.005312,
 453, 0.307840, 0.005892,
 454, 0.307970, 0.005681,
 455, 0.307270, 0.004878,
 456, 0.307560, 0.005807,
 457, 0.307540, 0.005334,
 458, 0.307560, 0.005752,
 459, 0.307970, 0.005665,
 460, 0.307320, 0.005109,
 461, 0.307590, 0.005483,
 462, 0.307750, 0.005565,
 463, 0.307680, 0.005593,
 464, 0.307340, 0.005857,
 465, 0.307470, 0.004999,
 466, 0.307780, 0.006084,
 467, 0.307620, 0.005435,
 468, 0.307520, 0.005465,
 469, 0.307490, 0.005981,
 470, 0.307460, 0.005358,
 471, 0.307810, 0.006086,
 472, 0.307600, 0.005690,
 473, 0.307650, 0.005918,
 474, 0.307460, 0.005932,
 475, 0.307650, 0.005185,
 476, 0.307820, 0.005626,
 477, 0.307420, 0.005441,
 478, 0.307950, 0.005878,
 479, 0.307340, 0.005816,
 480, 0.307720, 0.005432,
 481, 0.307770, 0.005765,
 482, 0.307390, 0.005202,
 483, 0.307910, 0.005652,
 484, 0.307420, 0.005807,
 485, 0.307520, 0.005279,
 486, 0.307620, 0.005938,
 487, 0.307450, 0.005245,
 488, 0.307550, 0.005626,
 489, 0.307610, 0.005851,
 490, 0.307670, 0.005492,
 491, 0.307670, 0.005829,
 492, 0.307550, 0.005341,
 493, 0.307710, 0.005663,
 494, 0.307750, 0.005752,
 495, 0.307280, 0.005117,
 496, 0.307670, 0.005766,
 497, 0.307200, 0.004885,
 498, 0.307560, 0.005930,
 499, 0.307740, 0.005677,
 500, 0.307230, 0.005361,
 501, 0.307610, 0.005435,
 502, 0.307420, 0.005144,
 503, 0.307280, 0.005776,
 504, 0.307630, 0.005718,
 505, 0.307530, 0.005285,
 506, 0.307310, 0.005761,
 507, 0.307540, 0.005224,
 508, 0.307600, 0.005884,
 509, 0.307770, 0.005815,
 510, 0.307410, 0.005444,
 511, 0.307790, 0.005802,
 512, 0.307250, 0.005205,
 513, 0.308950, 0.005428,
 514, 0.308090, 0.005807,
 515, 0.307930, 0.005245,
 516, 0.307770, 0.005812,
 517, 0.307790, 0.005412,
 518, 0.307760, 0.005783,
 519, 0.307740, 0.005969,
 520, 0.307590, 0.005335,
 521, 0.307680, 0.005642,
 522, 0.307810, 0.006056,
 523, 0.307530, 0.005292,
 524, 0.307850, 0.005929,
 525, 0.307700, 0.005302,
 526, 0.307560, 0.005724,
 527, 0.307820, 0.005790,
 528, 0.307550, 0.005172,
 529, 0.307430, 0.005809,
 530, 0.307540, 0.005247,
 531, 0.307380, 0.005796,
 532, 0.307600, 0.005648,
 533, 0.307660, 0.005419,
 534, 0.307490, 0.005929,
 535, 0.307230, 0.005351,
 536, 0.307640, 0.005686,
 537, 0.307650, 0.005773,
 538, 0.307440, 0.004965,
 539, 0.307620, 0.005660,
 540, 0.307300, 0.005309,
 541, 0.307830, 0.006058,
 542, 0.307390, 0.005872,
 543, 0.307690, 0.005344,
 544, 0.307570, 0.005656,
 545, 0.307450, 0.005183,
 546, 0.307810, 0.005830,
 547, 0.307590, 0.005669,
 548, 0.307590, 0.005119,
 549, 0.307520, 0.005969,
 550, 0.307650, 0.005391,
 551, 0.307770, 0.005865,
 552, 0.307300, 0.005832,
 553, 0.307610, 0.005280,
 554, 0.307800, 0.005562,
 555, 0.307260, 0.005166,
 556, 0.307320, 0.005831,
 557, 0.307490, 0.006009,
 558, 0.307560, 0.004991,
 559, 0.307710, 0.005307,
 560, 0.307450, 0.004969,
 561, 0.307540, 0.005878,
 562, 0.307940, 0.005651,
 563, 0.307420, 0.005322,
 564, 0.307820, 0.005705,
 565, 0.307250, 0.005330,
 566, 0.307550, 0.005659,
 567, 0.307610, 0.005444,
 568, 0.307450, 0.005298,
 569, 0.307640, 0.005929,
 570, 0.307540, 0.005436,
 571, 0.307910, 0.005858,
 572, 0.307590, 0.005925,
 573, 0.307520, 0.005106,
 574, 0.307570, 0.005964,
 575, 0.307280, 0.005261,
 576, 0.307830, 0.005687,
 577, 0.307440, 0.005615,
 578, 0.307500, 0.005189,
 579, 0.307600, 0.005713,
 580, 0.307670, 0.005459,
 581, 0.307770, 0.006058,
 582, 0.307570, 0.005743,
 583, 0.307350, 0.005112,
 584, 0.307870, 0.006188,
 585, 0.307520, 0.005237,
 586, 0.307650, 0.005721,
 587, 0.307500, 0.005969,
 588, 0.307460, 0.005108,
 589, 0.307440, 0.005698,
 590, 0.307410, 0.005008,
 591, 0.307530, 0.005804,
 592, 0.307690, 0.005649,
 593, 0.307780, 0.005336,
 594, 0.307540, 0.005780,
 595, 0.307800, 0.005380,
 596, 0.307980, 0.005404,
 597, 0.307530, 0.006054,
 598, 0.307490, 0.004977,
 599, 0.307650, 0.005962,
 600, 0.307280, 0.005269,
 601, 0.307570, 0.005879,
 602, 0.307810, 0.005730,
 603, 0.307490, 0.005330,
 604, 0.307680, 0.006074,
 605, 0.307490, 0.005251,
 606, 0.307710, 0.005888,
 607, 0.307470, 0.006002,
 608, 0.307430, 0.005307,
 609, 0.308050, 0.005826,
 610, 0.307490, 0.005025,
 611, 0.307570, 0.005597,
 612, 0.307450, 0.005712,
 613, 0.307660, 0.004883,
 614, 0.307460, 0.006001,
 615, 0.307620, 0.005480,
 616, 0.307610, 0.005958,
 617, 0.307660, 0.005838,
 618, 0.307970, 0.005137,
 619, 0.308650, 0.011043,
 620, 0.307810, 0.005147,
 621, 0.307630, 0.005876,
 622, 0.307740, 0.005606,
 623, 0.307560, 0.005210,
 624, 0.307530, 0.005569,
 625, 0.308130, 0.011718,
 626, 0.307290, 0.005288,
 627, 0.307850, 0.005549,
 628, 0.307400, 0.005223,
 629, 0.307430, 0.005819,
 630, 0.307360, 0.005300,
 631, 0.307560, 0.005975,
 632, 0.308040, 0.005889,
 633, 0.307460, 0.005116,
 634, 0.307900, 0.005920,
 635, 0.307530, 0.005644,
 636, 0.307470, 0.005982,
 637, 0.307630, 0.005691,
 638, 0.307650, 0.005206,
 639, 0.307460, 0.005633,
 640, 0.307590, 0.005269,
 641, 0.307390, 0.005826,
 642, 0.307720, 0.005785,
 643, 0.307670, 0.005290,
 644, 0.307610, 0.005398,
 645, 0.307740, 0.005578,
 646, 0.307600, 0.005718,
 647, 0.307640, 0.005707,
 648, 0.307430, 0.005094,
 649, 0.308800, 0.011663,
 650, 0.307600, 0.005196,
 651, 0.307480, 0.005891,
 652, 0.307500, 0.005959,
 653, 0.307890, 0.005196,
 654, 0.307490, 0.005491,
 655, 0.307500, 0.005082,
 656, 0.308440, 0.011732,
 657, 0.307660, 0.005591,
 658, 0.307590, 0.005415,
 659, 0.307540, 0.005820,
 660, 0.307790, 0.005250,
 661, 0.307720, 0.005652,
 662, 0.309010, 0.011610,
 663, 0.307550, 0.005033,
 664, 0.307540, 0.005868,
 665, 0.307770, 0.005132,
 666, 0.307850, 0.005789,
 667, 0.307580, 0.005632,
 668, 0.307360, 0.005245,
 669, 0.307300, 0.005647,
 670, 0.307750, 0.005009,
 671, 0.308000, 0.005630,
 672, 0.307490, 0.005604,
 673, 0.307360, 0.005325,
 674, 0.307870, 0.005768,
 675, 0.307420, 0.005185,
 676, 0.307750, 0.005840,
 677, 0.307260, 0.005761,
 678, 0.307310, 0.005199,
 679, 0.307840, 0.005695,
 680, 0.307450, 0.005445,
 681, 0.307600, 0.005537,
 682, 0.307440, 0.005835,
 683, 0.307670, 0.005177,
 684, 0.307900, 0.005852,
 685, 0.307320, 0.005186,
 686, 0.307690, 0.005520,
 687, 0.307510, 0.005784,
 688, 0.307510, 0.005021,
 689, 0.307630, 0.005746,
 690, 0.307320, 0.005255,
 691, 0.307530, 0.005663,
 692, 0.307640, 0.005878,
 693, 0.307700, 0.005239,
 694, 0.307670, 0.005791,
 695, 0.307420, 0.005068,
 696, 0.307740, 0.005670,
 697, 0.307720, 0.005753,
 698, 0.307660, 0.005489,
 699, 0.307490, 0.005811,
 700, 0.307680, 0.005361,
 701, 0.307840, 0.005939,
 702, 0.307450, 0.005886,
 703, 0.307450, 0.005113,
 704, 0.307690, 0.005632,
 705, 0.307500, 0.005096,
 706, 0.307610, 0.005846,
 707, 0.307730, 0.005646,
 708, 0.307540, 0.004877,
 709, 0.308540, 0.011256,
 710, 0.307410, 0.005570,
 711, 0.307650, 0.005881,
 712, 0.307720, 0.005778,
 713, 0.307730, 0.005377,
 714, 0.307610, 0.006038,
 715, 0.307570, 0.005469,
 716, 0.307820, 0.005885,
 717, 0.307690, 0.005909,
 718, 0.307600, 0.005177,
 719, 0.307790, 0.005638,
 720, 0.307330, 0.005132,
 721, 0.307870, 0.005607,
 722, 0.307720, 0.005736,
 723, 0.307790, 0.005195,
 724, 0.307280, 0.005510,
 725, 0.307700, 0.005205,
 726, 0.307640, 0.005498,
 727, 0.307470, 0.005533,
 728, 0.307450, 0.005256,
 729, 0.307710, 0.005864,
 730, 0.307780, 0.005946,
 731, 0.307480, 0.005133,
 732, 0.307600, 0.005725,
 733, 0.307550, 0.005354,
 734, 0.307570, 0.005928,
 735, 0.308690, 0.011740,
 736, 0.307480, 0.005199,
 737, 0.307650, 0.005643,
 738, 0.307680, 0.005308,
 739, 0.307730, 0.005450,
 740, 0.307690, 0.005812,
 741, 0.307390, 0.005038,
 742, 0.307570, 0.005893,
 743, 0.307380, 0.005268,
 744, 0.307770, 0.005889,
 745, 0.307580, 0.005845,
 746, 0.307400, 0.005083,
 747, 0.307630, 0.005786,
 748, 0.307430, 0.005179,
 749, 0.307780, 0.005515,
 750, 0.307510, 0.005956,
 751, 0.307560, 0.005197,
 752, 0.307790, 0.005668,
 753, 0.307850, 0.005180,
 754, 0.307720, 0.005853,
 755, 0.307270, 0.005769,
 756, 0.307790, 0.005277,
 757, 0.307610, 0.005683,
 758, 0.307480, 0.005371,
 759, 0.307580, 0.005734,
 760, 0.307550, 0.005763,
 761, 0.307720, 0.005229,
 762, 0.307900, 0.005569,
 763, 0.307470, 0.005003,
 764, 0.307700, 0.005907,
 765, 0.307460, 0.005971,
 766, 0.307890, 0.005359,
 767, 0.307590, 0.005953,
 768, 0.307590, 0.005507,
 769, 0.307620, 0.005644,
 770, 0.307620, 0.005519,
 771, 0.307300, 0.005289,
 772, 0.307720, 0.005847,
 773, 0.307330, 0.005200,
 774, 0.307880, 0.005649,
 775, 0.307870, 0.005775,
 776, 0.307690, 0.005197,
 777, 0.308050, 0.006193,
 778, 0.307420, 0.005097,
 779, 0.307610, 0.005596,
 780, 0.307470, 0.005636,
 781, 0.307250, 0.005102,
 782, 0.307740, 0.006157,
 783, 0.307360, 0.005487,
 784, 0.308050, 0.005913,
 785, 0.307580, 0.006139,
 786, 0.307780, 0.005213,
 787, 0.307810, 0.005727,
 788, 0.307150, 0.005516,
 789, 0.307850, 0.005840,
 790, 0.307700, 0.005844,
 791, 0.307770, 0.005244,
 792, 0.307530, 0.005759,
 793, 0.307600, 0.005333,
 794, 0.307490, 0.005665,
 795, 0.307690, 0.005484,
 796, 0.307460, 0.005189,
 797, 0.307570, 0.005424,
 798, 0.307380, 0.005407,
 799, 0.307800, 0.006051,
 800, 0.307740, 0.005873,
 801, 0.307450, 0.005183,
 802, 0.307690, 0.005720,
 803, 0.307660, 0.005421,
 804, 0.307750, 0.005500,
 805, 0.307520, 0.005578,
 806, 0.307470, 0.005084,
 807, 0.307460, 0.005849,
 808, 0.307670, 0.005165,
 809, 0.307580, 0.005599,
 810, 0.307600, 0.005838,
 811, 0.307380, 0.005178,
 812, 0.307630, 0.005779,
 813, 0.307660, 0.005246,
 814, 0.307550, 0.005567,
 815, 0.307540, 0.005859,
 816, 0.307310, 0.005438,
 817, 0.307890, 0.005948,
 818, 0.307560, 0.004942,
 819, 0.307500, 0.005794,
 820, 0.307660, 0.005881,
 821, 0.307770, 0.005097,
 822, 0.307750, 0.005642,
 823, 0.307720, 0.005196,
 824, 0.307590, 0.005740,
 825, 0.307870, 0.006019,
 826, 0.308010, 0.005274,
 827, 0.307520, 0.005942,
 828, 0.307720, 0.005393,
 829, 0.307700, 0.005649,
 830, 0.307830, 0.005828,
 831, 0.307750, 0.005254,
 832, 0.307500, 0.005608,
 833, 0.307710, 0.005241,
 834, 0.307690, 0.005837,
 835, 0.307870, 0.005875,
 836, 0.307600, 0.005584,
 837, 0.307490, 0.005785,
 838, 0.307540, 0.005256,
 839, 0.307610, 0.005486,
 840, 0.308040, 0.005530,
 841, 0.307690, 0.005344,
 842, 0.307760, 0.005477,
 843, 0.307630, 0.005375,
 844, 0.307430, 0.005807,
 845, 0.307880, 0.005666,
 846, 0.307500, 0.005328,
 847, 0.307720, 0.005748,
 848, 0.307490, 0.005164,
 849, 0.307530, 0.006116,
 850, 0.307810, 0.005909,
 851, 0.307630, 0.005232,
 852, 0.307680, 0.005468,
 853, 0.307320, 0.005468,
 854, 0.307570, 0.005498,
 855, 0.307630, 0.005553,
 856, 0.307450, 0.005090,
 857, 0.307790, 0.005889,
 858, 0.307570, 0.005341,
 859, 0.307530, 0.005703,
 860, 0.307800, 0.006107,
 861, 0.307780, 0.005135,
 862, 0.307540, 0.005700,
 863, 0.307640, 0.005520,
 864, 0.307740, 0.005656,
 865, 0.307550, 0.006209,
 866, 0.307650, 0.005220,
 867, 0.307360, 0.005745,
 868, 0.307800, 0.005159,
 869, 0.307550, 0.005912,
 870, 0.307540, 0.005689,
 871, 0.307550, 0.005066,
 872, 0.307440, 0.005922,
 873, 0.307800, 0.005368,
 874, 0.307890, 0.005931,
 875, 0.307500, 0.005905,
 876, 0.307670, 0.005396,
 877, 0.307710, 0.005756,
 878, 0.307750, 0.005125,
 879, 0.307690, 0.005635,
 880, 0.307690, 0.006082,
 881, 0.307500, 0.005353,
 882, 0.307650, 0.005768,
 883, 0.307560, 0.005266,
 884, 0.307550, 0.005835,
 885, 0.307440, 0.005842,
 886, 0.307290, 0.005277,
 887, 0.307820, 0.005716,
 888, 0.307270, 0.005739,
 889, 0.307880, 0.005657,
 890, 0.307690, 0.005734,
 891, 0.307620, 0.005073,
 892, 0.307700, 0.005681,
 893, 0.307440, 0.005227,
 894, 0.307970, 0.005567,
 895, 0.307280, 0.005772,
 896, 0.307740, 0.005151,
 897, 0.307760, 0.005729,
 898, 0.307640, 0.005180,
 899, 0.307420, 0.005470,
 900, 0.307520, 0.006113,
 901, 0.307480, 0.005235,
 902, 0.307660, 0.005738,
 903, 0.307560, 0.005348,
 904, 0.307540, 0.005654,
 905, 0.307910, 0.005536,
 906, 0.307660, 0.005267,
 907, 0.307490, 0.005674,
 908, 0.307640, 0.005443,
 909, 0.307780, 0.005563,
 910, 0.307720, 0.005870,
 911, 0.307580, 0.005454,
 912, 0.307730, 0.005838,
 913, 0.307480, 0.005137,
 914, 0.307600, 0.005680,
 915, 0.307580, 0.005623,
 916, 0.307610, 0.005466,
 917, 0.307540, 0.005540,
 918, 0.307610, 0.005350,
 919, 0.307840, 0.005954,
 920, 0.307740, 0.005820,
 921, 0.307740, 0.005342,
 922, 0.307520, 0.005956,
 923, 0.307560, 0.005356,
 924, 0.307800, 0.005879,
 925, 0.307420, 0.005879,
 926, 0.307510, 0.005193,
 927, 0.307720, 0.005545,
 928, 0.307220, 0.005230,
 929, 0.307680, 0.005501,
 930, 0.307670, 0.005676,
 931, 0.307680, 0.005246,
 932, 0.307690, 0.005936,
 933, 0.307550, 0.005201,
 934, 0.307760, 0.005994,
 935, 0.307600, 0.005943,
 936, 0.307820, 0.005500,
 937, 0.307640, 0.005524,
 938, 0.307610, 0.005718,
 939, 0.307550, 0.005275,
 940, 0.307540, 0.005577,
 941, 0.307590, 0.005038,
 942, 0.307700, 0.005778,
 943, 0.307800, 0.005561,
 944, 0.307530, 0.005237,
 945, 0.307730, 0.005829,
 946, 0.307510, 0.005354,
 947, 0.307510, 0.005813,
 948, 0.307710, 0.005773,
 949, 0.307540, 0.005224,
 950, 0.307630, 0.005617,
 951, 0.307500, 0.005116,
 952, 0.307670, 0.005759,
 953, 0.307570, 0.005715,
 954, 0.307710, 0.004944,
 955, 0.307970, 0.005873,
 956, 0.307540, 0.005153,
 957, 0.307560, 0.005494,
 958, 0.307630, 0.005709,
 959, 0.307920, 0.005506,
 960, 0.307740, 0.005846,
 961, 0.307540, 0.005133,
 962, 0.307710, 0.005500,
 963, 0.307520, 0.005912,
 964, 0.307700, 0.005009,
 965, 0.307470, 0.005893,
 966, 0.307580, 0.005052,
 967, 0.307570, 0.005745,
 968, 0.307780, 0.005691,
 969, 0.307910, 0.005198,
 970, 0.307820, 0.005249,
 971, 0.307630, 0.005429,
 972, 0.307610, 0.005598,
 973, 0.307540, 0.005764,
 974, 0.307810, 0.005159,
 975, 0.307650, 0.005939,
 976, 0.307300, 0.005268,
 977, 0.307710, 0.005768,
 978, 0.307950, 0.005687,
 979, 0.307110, 0.005251,
 980, 0.307600, 0.005580,
 981, 0.307490, 0.005315,
 982, 0.307630, 0.005540,
 983, 0.307630, 0.005871,
 984, 0.307430, 0.005154,
 985, 0.307630, 0.005777,
 986, 0.307570, 0.005252,
 987, 0.307720, 0.005835,
 988, 0.307660, 0.005835,
 989, 0.307360, 0.005241,
 990, 0.307380, 0.005742,
 991, 0.307380, 0.005280,
 992, 0.307780, 0.005753,
 993, 0.307350, 0.005768,
 994, 0.307770, 0.005314,
 995, 0.307830, 0.006061,
 996, 0.307550, 0.005283,
 997, 0.307740, 0.005958,
 998, 0.307680, 0.005612,
 999, 0.307500, 0.005078,
 1000, 0.307830, 0.006022,
 1001, 0.307490, 0.005328,
 1002, 0.307700, 0.005418,
 1003, 0.307600, 0.005821,
 1004, 0.307500, 0.005141,
 1005, 0.307650, 0.005752,
 1006, 0.307540, 0.005037,
 1007, 0.307670, 0.005967,
 1008, 0.307620, 0.005815,
 1009, 0.307290, 0.005009,
 1010, 0.307890, 0.005444,
 1011, 0.307580, 0.005344,
 1012, 0.307610, 0.005541,
 1013, 0.307370, 0.005709,
 1014, 0.307360, 0.004981,
 1015, 0.307760, 0.005664,
 1016, 0.307440, 0.005216,
 1017, 0.307930, 0.005937,
 1018, 0.307770, 0.005789,
 1019, 0.307040, 0.005194,
 1020, 0.307940, 0.005641,
 1021, 0.307470, 0.005266,
 1022, 0.307900, 0.005835,
 1023, 0.307850, 0.005883,
 1024, 0.307440, 0.005313,
 1025, 0.309240, 0.005869,
 1026, 0.308230, 0.005085,
 1027, 0.307710, 0.005529,
 1028, 0.307760, 0.005613,
 1029, 0.307760, 0.005162,
 1030, 0.307680, 0.006092,
 1031, 0.307600, 0.005278,
 1032, 0.307290, 0.005719,
 1033, 0.307930, 0.005766,
 1034, 0.307730, 0.004996,
 1035, 0.307350, 0.006057,
 1036, 0.307750, 0.005104,
 1037, 0.307710, 0.005867,
 1038, 0.307730, 0.005720,
 1039, 0.307510, 0.005406,
 1040, 0.307910, 0.006012,
 1041, 0.307290, 0.005386,
 1042, 0.307460, 0.005886,
 1043, 0.307880, 0.006137,
 1044, 0.307540, 0.005373,
 1045, 0.307890, 0.005699,
 1046, 0.307740, 0.005929,
 1047, 0.307360, 0.005637,
 1048, 0.307960, 0.005897,
 1049, 0.307310, 0.005319,
 1050, 0.307610, 0.005945,
 1051, 0.307170, 0.005097,
 1052, 0.307510, 0.005878,
 1053, 0.307930, 0.005920,
 1054, 0.307380, 0.005409,
 1055, 0.307620, 0.006104,
 1056, 0.307610, 0.005333,
 1057, 0.307520, 0.005929,
 1058, 0.307620, 0.005617,
 1059, 0.307610, 0.005177,
 1060, 0.307490, 0.005740,
 1061, 0.307610, 0.005385,
 1062, 0.307810, 0.005834,
 1063, 0.307680, 0.006011,
 1064, 0.307600, 0.005073,
 1065, 0.307540, 0.005891,
 1066, 0.307580, 0.005356,
 1067, 0.307790, 0.005432,
 1068, 0.307410, 0.005980,
 1069, 0.307830, 0.005280,
 1070, 0.307390, 0.005879,
 1071, 0.307470, 0.005298,
 1072, 0.307650, 0.005939,
 1073, 0.307690, 0.005924,
 1074, 0.307580, 0.005231,
 1075, 0.307640, 0.005939,
 1076, 0.308180, 0.005268,
 1077, 0.307550, 0.005679,
 1078, 0.308790, 0.012277,
 1079, 0.307710, 0.005281,
 1080, 0.307500, 0.005672,
 1081, 0.307660, 0.005103,
 1082, 0.307720, 0.005731,
 1083, 0.307530, 0.005876,
 1084, 0.307280, 0.005101,
 1085, 0.307640, 0.005840,
 1086, 0.307630, 0.005451,
 1087, 0.307640, 0.005592,
 1088, 0.307570, 0.005599,
 1089, 0.307860, 0.005485,
 1090, 0.307580, 0.005840,
 1091, 0.307310, 0.005347,
 1092, 0.307900, 0.005773,
 1093, 0.307620, 0.006018,
 1094, 0.307360, 0.005275,
 1095, 0.307880, 0.005759,
 1096, 0.307390, 0.005232,
 1097, 0.307720, 0.005433,
 1098, 0.307760, 0.005769,
 1099, 0.307820, 0.005110,
 1100, 0.307640, 0.005794,
 1101, 0.307600, 0.005559,
 1102, 0.307740, 0.005880,
 1103, 0.307470, 0.005839,
 1104, 0.307770, 0.005155,
 1105, 0.307620, 0.005929,
 1106, 0.307350, 0.005141,
 1107, 0.308730, 0.012066,
 1108, 0.307800, 0.005836,
 1109, 0.307560, 0.005148,
 1110, 0.307400, 0.005526,
 1111, 0.307790, 0.005378,
 1112, 0.307780, 0.005951,
 1113, 0.307480, 0.005954,
 1114, 0.307690, 0.005188,
 1115, 0.307560, 0.005883,
 1116, 0.307730, 0.005207,
 1117, 0.307600, 0.005834,
 1118, 0.307840, 0.005806,
 1119, 0.307590, 0.005146,
 1120, 0.308000, 0.005877,
 1121, 0.307600, 0.005259,
 1122, 0.307680, 0.005850,
 1123, 0.307650, 0.005837,
 1124, 0.307510, 0.005336,
 1125, 0.307770, 0.005820,
 1126, 0.307460, 0.005277,
 1127, 0.307740, 0.005669,
 1128, 0.307860, 0.005909,
 1129, 0.307480, 0.005197,
 1130, 0.307680, 0.005914,
 1131, 0.307560, 0.005172,
 1132, 0.307720, 0.005559,
 1133, 0.307700, 0.005929,
 1134, 0.307660, 0.005350,
 1135, 0.307760, 0.005860,
 1136, 0.307110, 0.005429,
 1137, 0.307930, 0.006424,
 1138, 0.307650, 0.005808,
 1139, 0.307400, 0.005278,
 1140, 0.308600, 0.012406,
 1141, 0.307800, 0.005308,
 1142, 0.307910, 0.005689,
 1143, 0.307500, 0.005944,
 1144, 0.307710, 0.005281,
 1145, 0.307530, 0.005797,
 1146, 0.307580, 0.005727,
 1147, 0.307610, 0.005366,
 1148, 0.307680, 0.005810,
 1149, 0.307500, 0.005001,
 1150, 0.307750, 0.006026,
 1151, 0.307880, 0.006027,
 1152, 0.308640, 0.012647,
 1153, 0.308010, 0.005714,
 1154, 0.307440, 0.005570,
 1155, 0.307900, 0.005516,
 1156, 0.307480, 0.005693,
 1157, 0.307740, 0.005157,
 1158, 0.307350, 0.005891,
 1159, 0.307330, 0.004978,
 1160, 0.308930, 0.012304,
 1161, 0.307540, 0.005856,
 1162, 0.307660, 0.005150,
 1163, 0.307740, 0.005851,
 1164, 0.307580, 0.005474,
 1165, 0.307580, 0.005661,
 1166, 0.307310, 0.005553,
 1167, 0.307790, 0.005298,
 1168, 0.307720, 0.006066,
 1169, 0.307540, 0.005001,
 1170, 0.307990, 0.005658,
 1171, 0.307760, 0.006007,
 1172, 0.307680, 0.005028,
 1173, 0.307760, 0.005942,
 1174, 0.307570, 0.005141,
 1175, 0.307580, 0.005741,
 1176, 0.307580, 0.005581,
 1177, 0.307670, 0.005314,
 1178, 0.307810, 0.005706,
 1179, 0.307630, 0.005414,
 1180, 0.307650, 0.005696,
 1181, 0.307580, 0.005694,
 1182, 0.307690, 0.005240,
 1183, 0.307800, 0.006025,
 1184, 0.307560, 0.005474,
 1185, 0.308780, 0.012474,
 1186, 0.307740, 0.005922,
 1187, 0.307510, 0.005274,
 1188, 0.307830, 0.005722,
 1189, 0.307460, 0.004928,
 1190, 0.307770, 0.005355,
 1191, 0.307670, 0.005965,
 1192, 0.307880, 0.005712,
 1193, 0.307690, 0.005988,
 1194, 0.307170, 0.005206,
 1195, 0.307760, 0.005757,
 1196, 0.307580, 0.005943,
 1197, 0.307430, 0.005129,
 1198, 0.307610, 0.005863,
 1199, 0.307150, 0.005364,
 1200, 0.307900, 0.005581,
 1201, 0.307470, 0.005851,
 1202, 0.307640, 0.005375,
 1203, 0.307580, 0.005661,
 1204, 0.307540, 0.005498,
 1205, 0.308050, 0.005825,
 1206, 0.307750, 0.006016,
 1207, 0.307510, 0.005300,
 1208, 0.307620, 0.005819,
 1209, 0.307510, 0.004985,
 1210, 0.307710, 0.005649,
 1211, 0.307630, 0.005623,
 1212, 0.307710, 0.005478,
 1213, 0.307370, 0.005546,
 1214, 0.307270, 0.004935,
 1215, 0.307630, 0.005782,
 1216, 0.307820, 0.005952,
 1217, 0.307400, 0.004978,
 1218, 0.307450, 0.005364,
 1219, 0.307670, 0.005396,
 1220, 0.307710, 0.005620,
 1221, 0.307660, 0.005525,
 1222, 0.307510, 0.005133,
 1223, 0.307760, 0.005701,
 1224, 0.307410, 0.005448,
 1225, 0.307650, 0.005826,
 1226, 0.307670, 0.005795,
 1227, 0.307330, 0.005477,
 1228, 0.308030, 0.005818,
 1229, 0.307770, 0.005662,
 1230, 0.307630, 0.005436,
 1231, 0.307810, 0.005887,
 1232, 0.307350, 0.005019,
 1233, 0.307780, 0.005500,
 1234, 0.307540, 0.005116,
 1235, 0.307670, 0.005790,
 1236, 0.308330, 0.012027,
 1237, 0.307290, 0.005393,
 1238, 0.307800, 0.005845,
 1239, 0.307810, 0.005049,
 1240, 0.307480, 0.005652,
 1241, 0.307460, 0.005839,
 1242, 0.307770, 0.005488,
 1243, 0.307480, 0.005920,
 1244, 0.308730, 0.011941,
 1245, 0.307700, 0.005592,
 1246, 0.307830, 0.005537,
 1247, 0.307600, 0.005276,
 1248, 0.307750, 0.005673,
 1249, 0.307630, 0.005518,
 1250, 0.307480, 0.005547,
 1251, 0.307970, 0.005339,
 1252, 0.307720, 0.005333,
 1253, 0.307920, 0.005885,
 1254, 0.307530, 0.005306,
 1255, 0.307640, 0.005766,
 1256, 0.307620, 0.006099,
 1257, 0.307490, 0.005434,
 1258, 0.307720, 0.005982,
 1259, 0.307510, 0.005291,
 1260, 0.307580, 0.005980,
 1261, 0.307650, 0.005890,
 1262, 0.307680, 0.005120,
 1263, 0.307420, 0.005804,
 1264, 0.307580, 0.005371,
 1265, 0.307500, 0.005581,
 1266, 0.307650, 0.005885,
 1267, 0.307700, 0.005172,
 1268, 0.307480, 0.005647,
 1269, 0.307550, 0.005292,
 1270, 0.307710, 0.005783,
 1271, 0.307380, 0.005734,
 1272, 0.307630, 0.005102,
 1273, 0.307700, 0.005768,
 1274, 0.307550, 0.005311,
 1275, 0.307710, 0.005864,
 1276, 0.307580, 0.005776,
 1277, 0.307730, 0.005338,
 1278, 0.307400, 0.006098,
 1279, 0.307580, 0.005371,
 1280, 0.307640, 0.005763,
 1281, 0.307700, 0.005574,
 1282, 0.307730, 0.005004,
 1283, 0.307430, 0.005698,
 1284, 0.307920, 0.005110,
 1285, 0.307700, 0.005382,
 1286, 0.307760, 0.005942,
 1287, 0.307490, 0.005262,
 1288, 0.307500, 0.005927,
 1289, 0.307500, 0.004822,
 1290, 0.307620, 0.006105,
 1291, 0.307310, 0.005669,
 1292, 0.307500, 0.004991,
 1293, 0.307780, 0.005744,
 1294, 0.307610, 0.005537,
 1295, 0.307520, 0.005500,
 1296, 0.307730, 0.005758,
 1297, 0.307790, 0.005367,
 1298, 0.307840, 0.005877,
 1299, 0.307660, 0.005307,
 1300, 0.307800, 0.005778,
 1301, 0.307730, 0.005953,
 1302, 0.307410, 0.005267,
 1303, 0.308070, 0.005797,
 1304, 0.307420, 0.005294,
 1305, 0.307600, 0.005579,
 1306, 0.307920, 0.005488,
 1307, 0.307670, 0.005237,
 1308, 0.307760, 0.005720,
 1309, 0.307590, 0.005162,
 1310, 0.307840, 0.005858,
 1311, 0.307550, 0.006047,
 1312, 0.307600, 0.005175,
 1313, 0.307870, 0.005890,
 1314, 0.307510, 0.005668,
 1315, 0.307680, 0.005826,
 1316, 0.307560, 0.005823,
 1317, 0.307430, 0.004938,
 1318, 0.307500, 0.005570,
 1319, 0.307750, 0.005288,
 1320, 0.307620, 0.006033,
 1321, 0.307390, 0.005810,
 1322, 0.307540, 0.005220,
 1323, 0.307640, 0.006188,
 1324, 0.307830, 0.005348,
 1325, 0.307460, 0.005828,
 1326, 0.307940, 0.006031,
 1327, 0.307470, 0.005302,
 1328, 0.307640, 0.005962,
 1329, 0.307600, 0.005198,
 1330, 0.307160, 0.005749,
 1331, 0.307600, 0.005845,
 1332, 0.307500, 0.005308,
 1333, 0.307820, 0.005700,
 1334, 0.307350, 0.005445,
 1335, 0.308100, 0.005822,
 1336, 0.307710, 0.005701,
 1337, 0.307700, 0.005451,
 1338, 0.307460, 0.005992,
 1339, 0.307710, 0.005367,
 1340, 0.307610, 0.005634,
 1341, 0.307400, 0.005650,
 1342, 0.307580, 0.005088,
 1343, 0.307460, 0.005740,
 1344, 0.307270, 0.005272,
 1345, 0.307960, 0.005772,
 1346, 0.307710, 0.005850,
 1347, 0.307630, 0.005236,
 1348, 0.307540, 0.005952,
 1349, 0.307850, 0.005397,
 1350, 0.307760, 0.005595,
 1351, 0.307260, 0.005711,
 1352, 0.307720, 0.005028,
 1353, 0.307480, 0.005574,
 1354, 0.307750, 0.005691,
 1355, 0.307580, 0.005282,
 1356, 0.307480, 0.005825,
 1357, 0.307440, 0.005437,
 1358, 0.307890, 0.005928,
 1359, 0.307640, 0.005974,
 1360, 0.307720, 0.005138,
 1361, 0.307890, 0.005808,
 1362, 0.307500, 0.005366,
 1363, 0.307570, 0.006010,
 1364, 0.307580, 0.005773,
 1365, 0.307590, 0.005036,
 1366, 0.307840, 0.005878,
 1367, 0.307470, 0.005201,
 1368, 0.307970, 0.005808,
 1369, 0.307470, 0.005939,
 1370, 0.307620, 0.005138,
 1371, 0.307680, 0.005743,
 1372, 0.307480, 0.005053,
 1373, 0.307780, 0.005861,
 1374, 0.307260, 0.005890,
 1375, 0.307550, 0.005245,
 1376, 0.307750, 0.005814,
 1377, 0.307830, 0.005173,
 1378, 0.307440, 0.005597,
 1379, 0.307390, 0.005779,
 1380, 0.307670, 0.005177,
 1381, 0.307310, 0.005741,
 1382, 0.307540, 0.004999,
 1383, 0.307420, 0.005519,
 1384, 0.307560, 0.006011,
 1385, 0.307580, 0.005402,
 1386, 0.307740, 0.005832,
 1387, 0.307690, 0.005440,
 1388, 0.307560, 0.005886,
 1389, 0.307510, 0.005847,
 1390, 0.307810, 0.005019,
 1391, 0.307590, 0.005835,
 1392, 0.307710, 0.005060,
 1393, 0.307600, 0.005826,
 1394, 0.307600, 0.005652,
 1395, 0.307100, 0.005300,
 1396, 0.307460, 0.005684,
 1397, 0.307440, 0.005520,
 1398, 0.307670, 0.005778,
 1399, 0.307900, 0.005721,
 1400, 0.307820, 0.005532,
 1401, 0.307760, 0.005785,
 1402, 0.307320, 0.005323,
 1403, 0.307790, 0.005599,
 1404, 0.307380, 0.005801,
 1405, 0.307480, 0.005141,
 1406, 0.307910, 0.005767,
 1407, 0.307270, 0.005227,
 1408, 0.308000, 0.005630,
 1409, 0.307670, 0.005943,
 1410, 0.307620, 0.005451,
 1411, 0.307460, 0.005761,
 1412, 0.307480, 0.005487,
 1413, 0.308000, 0.005689,
 1414, 0.307800, 0.005767,
 1415, 0.307380, 0.005140,
 1416, 0.307440, 0.006009,
 1417, 0.307360, 0.005073,
 1418, 0.307770, 0.005669,
 1419, 0.307720, 0.005497,
 1420, 0.307370, 0.005502,
 1421, 0.307590, 0.005579,
 1422, 0.307840, 0.005435,
 1423, 0.307570, 0.005694,
 1424, 0.307550, 0.005740,
 1425, 0.307370, 0.005005,
 1426, 0.307730, 0.005904,
 1427, 0.307310, 0.005215,
 1428, 0.307500, 0.005651,
 1429, 0.307900, 0.005462,
 1430, 0.307330, 0.005148,
 1431, 0.307780, 0.006082,
 1432, 0.307630, 0.005238,
 1433, 0.307850, 0.005898,
 1434, 0.307490, 0.005731,
 1435, 0.307350, 0.005252,
 1436, 0.307950, 0.005540,
 1437, 0.307410, 0.005295,
 1438, 0.307990, 0.005500,
 1439, 0.307840, 0.005742,
 1440, 0.307520, 0.005386,
 1441, 0.307850, 0.005967,
 1442, 0.307600, 0.005204,
 1443, 0.307440, 0.005928,
 1444, 0.307570, 0.006189,
 1445, 0.307790, 0.005243,
 1446, 0.307730, 0.005607,
 1447, 0.307730, 0.005234,
 1448, 0.307530, 0.005780,
 1449, 0.307500, 0.005752,
 1450, 0.307920, 0.005317,
 1451, 0.307360, 0.005640,
 1452, 0.307880, 0.005470,
 1453, 0.307970, 0.006097,
 1454, 0.308000, 0.005739,
 1455, 0.307490, 0.005149,
 1456, 0.307710, 0.006118,
 1457, 0.307520, 0.005386,
 1458, 0.307670, 0.006023,
 1459, 0.307820, 0.005726,
 1460, 0.307400, 0.005310,
 1461, 0.307510, 0.005663,
 1462, 0.307370, 0.005135,
 1463, 0.307620, 0.005727,
 1464, 0.307970, 0.005844,
 1465, 0.307640, 0.005635,
 1466, 0.307800, 0.005943,
 1467, 0.307360, 0.005245,
 1468, 0.307440, 0.005873,
 1469, 0.307980, 0.005791,
 1470, 0.307540, 0.004997,
 1471, 0.307780, 0.005825,
 1472, 0.307180, 0.005330,
 1473, 0.307700, 0.006004,
 1474, 0.307460, 0.005677,
 1475, 0.307880, 0.005507,
 1476, 0.307790, 0.005608,
 1477, 0.307470, 0.005436,
 1478, 0.307870, 0.005730,
 1479, 0.307620, 0.006164,
 1480, 0.307470, 0.005013,
 1481, 0.307690, 0.005798,
 1482, 0.307640, 0.005201,
 1483, 0.307810, 0.005695,
 1484, 0.307470, 0.005721,
 1485, 0.307700, 0.005285,
 1486, 0.307430, 0.005980,
 1487, 0.307580, 0.005290,
 1488, 0.307580, 0.005925,
 1489, 0.307800, 0.005914,
 1490, 0.307800, 0.005415,
 1491, 0.307570, 0.005999,
 1492, 0.307890, 0.005310,
 1493, 0.307390, 0.006148,
 1494, 0.307570, 0.006086,
 1495, 0.307540, 0.005531,
 1496, 0.307690, 0.005871,
 1497, 0.307660, 0.005012,
 1498, 0.307610, 0.005796,
 1499, 0.307570, 0.006027,
 1500, 0.307500, 0.005035,
 1501, 0.307630, 0.005799,
 1502, 0.307770, 0.005501,
 1503, 0.307760, 0.005950,
 1504, 0.307660, 0.005741,
 1505, 0.307440, 0.005389,
 1506, 0.307630, 0.005817,
 1507, 0.307470, 0.005082,
 1508, 0.307810, 0.005690,
 1509, 0.307570, 0.005987,
 1510, 0.307390, 0.005374,
 1511, 0.307910, 0.005729,
 1512, 0.307220, 0.005370,
 1513, 0.307650, 0.005728,
 1514, 0.307640, 0.005986,
 1515, 0.307930, 0.005592,
 1516, 0.307860, 0.005769,
 1517, 0.307780, 0.005325,
 1518, 0.307590, 0.005807,
 1519, 0.307580, 0.005894,
 1520, 0.307360, 0.005080,
 1521, 0.307770, 0.005899,
 1522, 0.307600, 0.005223,
 1523, 0.307950, 0.005695,
 1524, 0.307510, 0.005617,
 1525, 0.307420, 0.005152,
 1526, 0.307380, 0.005739,
 1527, 0.307540, 0.005482,
 1528, 0.307810, 0.005511,
 1529, 0.307630, 0.005690,
 1530, 0.307710, 0.005267,
 1531, 0.307490, 0.005801,
 1532, 0.307360, 0.005285,
 1533, 0.307800, 0.005863,
 1534, 0.308550, 0.011634,
 1535, 0.307370, 0.005253,
 1536, 0.307790, 0.005859,
 1537, 0.307570, 0.005225,
 1538, 0.307560, 0.005861,
 1539, 0.307560, 0.005915,
 1540, 0.307470, 0.005258,
 1541, 0.307740, 0.005640,
 1542, 0.307330, 0.005301,
 1543, 0.307820, 0.005844,
 1544, 0.307610, 0.005941,
 1545, 0.307450, 0.005003,
 1546, 0.307750, 0.005837,
 1547, 0.307360, 0.005063,
 1548, 0.307800, 0.005836,
 1549, 0.307770, 0.006016,
 1550, 0.307360, 0.005381,
 1551, 0.307570, 0.005736,
 1552, 0.307470, 0.005228,
 1553, 0.307770, 0.005610,
 1554, 0.307510, 0.005873,
 1555, 0.307480, 0.005043,
 1556, 0.307690, 0.005934,
 1557, 0.307540, 0.005125,
 1558, 0.307460, 0.005613,
 1559, 0.307440, 0.006019,
 1560, 0.307620, 0.005355,
 1561, 0.307600, 0.005620,
 1562, 0.307610, 0.006021,
 1563, 0.307780, 0.005302,
 1564, 0.307560, 0.005922,
 1565, 0.307180, 0.005084,
 1566, 0.307620, 0.005524,
 1567, 0.307580, 0.005955,
 1568, 0.307690, 0.005194,
 1569, 0.307730, 0.005531,
 1570, 0.307380, 0.005301,
 1571, 0.307470, 0.005656,
 1572, 0.307700, 0.005599,
 1573, 0.307510, 0.005084,
 1574, 0.307650, 0.006132,
 1575, 0.307480, 0.005454,
 1576, 0.307860, 0.005814,
 1577, 0.307500, 0.005880,
 1578, 0.307520, 0.004993,
 1579, 0.307630, 0.005868,
 1580, 0.307370, 0.005344,
 1581, 0.307770, 0.005907,
 1582, 0.307850, 0.005969,
 1583, 0.307600, 0.005138,
 1584, 0.307630, 0.005749,
 1585, 0.307530, 0.005222,
 1586, 0.307540, 0.005876,
 1587, 0.307390, 0.005868,
 1588, 0.307920, 0.005403,
 1589, 0.307540, 0.005801,
 1590, 0.307450, 0.004896,
 1591, 0.307710, 0.005955,
 1592, 0.307480, 0.005847,
 1593, 0.307810, 0.005067,
 1594, 0.307840, 0.005848,
 1595, 0.307630, 0.005409,
 1596, 0.307490, 0.005574,
 1597, 0.307490, 0.005803,
 1598, 0.307490, 0.005127,
 1599, 0.307730, 0.005715,
 1600, 0.307480, 0.005281,
 1601, 0.307650, 0.005601,
 1602, 0.307660, 0.005584,
 1603, 0.307330, 0.004948,
 1604, 0.307700, 0.006027,
 1605, 0.307620, 0.005321,
 1606, 0.308030, 0.005583,
 1607, 0.307690, 0.005721,
 1608, 0.307500, 0.005147,
 1609, 0.307580, 0.005960,
 1610, 0.307390, 0.005402,
 1611, 0.307660, 0.005532,
 1612, 0.307670, 0.005860,
 1613, 0.307440, 0.005042,
 1614, 0.308790, 0.011040,
 1615, 0.307270, 0.005416,
 1616, 0.307930, 0.005837,
 1617, 0.307590, 0.005850,
 1618, 0.307450, 0.005343,
 1619, 0.307440, 0.005677,
 1620, 0.307410, 0.005424,
 1621, 0.307950, 0.005733,
 1622, 0.307720, 0.005983,
 1623, 0.307520, 0.004983,
 1624, 0.307830, 0.006091,
 1625, 0.307370, 0.005126,
 1626, 0.307710, 0.005794,
 1627, 0.307460, 0.005763,
 1628, 0.307470, 0.005155,
 1629, 0.307390, 0.005848,
 1630, 0.307680, 0.005010,
 1631, 0.307470, 0.005567,
 1632, 0.307650, 0.005723,
 1633, 0.307360, 0.005131,
 1634, 0.307850, 0.005730,
 1635, 0.307380, 0.004992,
 1636, 0.307710, 0.005866,
 1637, 0.307750, 0.005770,
 1638, 0.307090, 0.005179,
 1639, 0.307770, 0.005770,
 1640, 0.307730, 0.005368,
 1641, 0.307620, 0.005732,
 1642, 0.307610, 0.005669,
 1643, 0.308260, 0.011865,
 1644, 0.307880, 0.005830,
 1645, 0.308490, 0.012060,
 1646, 0.307590, 0.005499,
 1647, 0.307790, 0.005703,
 1648, 0.307470, 0.005131,
 1649, 0.307850, 0.005756,
 1650, 0.307930, 0.005343,
 1651, 0.307530, 0.005597,
 1652, 0.307540, 0.005869,
 1653, 0.307500, 0.005462,
 1654, 0.307590, 0.005488,
 1655, 0.308590, 0.011531,
 1656, 0.307470, 0.005628,
 1657, 0.307570, 0.005965,
 1658, 0.307890, 0.005301,
 1659, 0.307320, 0.005763,
 1660, 0.307990, 0.005277,
 1661, 0.307230, 0.005901,
 1662, 0.307670, 0.005805,
 1663, 0.307750, 0.005141,
 1664, 0.307500, 0.005733,
 1665, 0.307510, 0.005390,
 1666, 0.307420, 0.005903,
 1667, 0.307720, 0.006015,
 1668, 0.307120, 0.005410,
 1669, 0.307810, 0.005880,
 1670, 0.307300, 0.005412,
 1671, 0.307410, 0.005593,
 1672, 0.307860, 0.005755,
 1673, 0.308400, 0.011451,
 1674, 0.307650, 0.005532,
 1675, 0.307360, 0.005356,
 1676, 0.307410, 0.005769,
 1677, 0.307490, 0.005496,
 1678, 0.307630, 0.005182,
 1679, 0.307600, 0.005863,
 1680, 0.307490, 0.005617,
 1681, 0.307630, 0.005799,
 1682, 0.307820, 0.005686,
 1683, 0.307800, 0.005305,
 1684, 0.307630, 0.005702,
 1685, 0.307560, 0.005402,
 1686, 0.307740, 0.005486,
 1687, 0.307630, 0.005491,
 1688, 0.307680, 0.005126,
 1689, 0.307850, 0.005873,
 1690, 0.307440, 0.004981,
 1691, 0.307390, 0.005697,
 1692, 0.307550, 0.006052,
 1693, 0.307520, 0.005049,
 1694, 0.307390, 0.005798,
 1695, 0.307910, 0.005490,
 1696, 0.307560, 0.005500,
 1697, 0.307660, 0.005933,
 1698, 0.307640, 0.005090,
 1699, 0.307370, 0.006009,
 1700, 0.307590, 0.005227,
 1701, 0.307720, 0.005860,
 1702, 0.307600, 0.006043,
 1703, 0.307400, 0.005378,
 1704, 0.307600, 0.006107,
 1705, 0.307610, 0.005383,
 1706, 0.307550, 0.005728,
 1707, 0.307570, 0.005886,
 1708, 0.307440, 0.005262,
 1709, 0.307690, 0.005699,
 1710, 0.307680, 0.005517,
 1711, 0.307740, 0.005518,
 1712, 0.307850, 0.005764,
 1713, 0.307560, 0.005204,
 1714, 0.307590, 0.005740,
 1715, 0.307550, 0.005183,
 1716, 0.307420, 0.005805,
 1717, 0.307540, 0.005768,
 1718, 0.307530, 0.005277,
 1719, 0.307520, 0.005759,
 1720, 0.307240, 0.005265,
 1721, 0.307570, 0.005609,
 1722, 0.307320, 0.005774,
 1723, 0.307710, 0.005313,
 1724, 0.307560, 0.005724,
 1725, 0.308360, 0.011301,
 1726, 0.307810, 0.005775,
 1727, 0.307260, 0.005924,
 1728, 0.307970, 0.005199,
 1729, 0.307780, 0.006079,
 1730, 0.307750, 0.005414,
 1731, 0.307410, 0.005616,
 1732, 0.307650, 0.005967,
 1733, 0.307420, 0.005006,
 1734, 0.307240, 0.005937,
 1735, 0.307540, 0.005273,
 1736, 0.307820, 0.005543,
 1737, 0.307750, 0.005837,
 1738, 0.307760, 0.005339,
 1739, 0.307640, 0.006052,
 1740, 0.307480, 0.005321,
 1741, 0.307510, 0.005900,
 1742, 0.307800, 0.005769,
 1743, 0.307220, 0.005360,
 1744, 0.308680, 0.011151,
 1745, 0.307520, 0.005552,
 1746, 0.307600, 0.005750,
 1747, 0.307630, 0.005619,
 1748, 0.307610, 0.005246,
 1749, 0.307710, 0.005736,
 1750, 0.307540, 0.005285,
 1751, 0.307710, 0.005782,
 1752, 0.307690, 0.005808,
 1753, 0.307910, 0.005568,
 1754, 0.307790, 0.005915,
 1755, 0.307390, 0.005238,
 1756, 0.307660, 0.005577,
 1757, 0.307260, 0.005924,
 1758, 0.307660, 0.005129,
 1759, 0.307610, 0.005600,
 1760, 0.307240, 0.005237,
 1761, 0.308040, 0.005308,
 1762, 0.307810, 0.005830,
 1763, 0.307430, 0.005439,
 1764, 0.307680, 0.005814,
 1765, 0.307690, 0.005094,
 1766, 0.307610, 0.005528,
 1767, 0.307740, 0.005773,
 1768, 0.307760, 0.005227,
 1769, 0.307700, 0.005688,
 1770, 0.307360, 0.005700,
 1771, 0.307490, 0.005160,
 1772, 0.307720, 0.005860,
 1773, 0.307240, 0.005148,
 1774, 0.307620, 0.005948,
 1775, 0.307810, 0.006299,
 1776, 0.307400, 0.005115,
 1777, 0.307830, 0.005669,
 1778, 0.307530, 0.005417,
 1779, 0.307300, 0.005702,
 1780, 0.307730, 0.005758,
 1781, 0.307750, 0.005086,
 1782, 0.307570, 0.005937,
 1783, 0.307400, 0.005494,
 1784, 0.307730, 0.005744,
 1785, 0.307560, 0.006149,
 1786, 0.307590, 0.005144,
 1787, 0.307770, 0.005827,
 1788, 0.307730, 0.005407,
 1789, 0.307590, 0.005886,
 1790, 0.307420, 0.005774,
 1791, 0.307790, 0.005296,
 1792, 0.307420, 0.005969,
 1793, 0.307730, 0.005161,
 1794, 0.307530, 0.005900,
 1795, 0.307310, 0.005780,
 1796, 0.307810, 0.005502,
 1797, 0.307510, 0.005682,
 1798, 0.307710, 0.005588,
 1799, 0.307460, 0.005731,
 1800, 0.307590, 0.005804,
 1801, 0.308000, 0.005413,
 1802, 0.307700, 0.005745,
 1803, 0.307730, 0.005468,
 1804, 0.307610, 0.005625,
 1805, 0.307460, 0.005830,
 1806, 0.307600, 0.005273,
 1807, 0.307630, 0.006156,
 1808, 0.307660, 0.005267,
 1809, 0.307640, 0.006024,
 1810, 0.307560, 0.006197,
 1811, 0.307350, 0.005043,
 1812, 0.307740, 0.005841,
 1813, 0.307420, 0.005093,
 1814, 0.307580, 0.005652,
 1815, 0.307520, 0.005731,
 1816, 0.307770, 0.005165,
 1817, 0.307880, 0.005781,
 1818, 0.307450, 0.005258,
 1819, 0.307770, 0.005844,
 1820, 0.307560, 0.005656,
 1821, 0.307630, 0.005011,
 1822, 0.307720, 0.005816,
 1823, 0.307450, 0.005492,
 1824, 0.307410, 0.005664,
 1825, 0.307120, 0.005608,
 1826, 0.307900, 0.005266,
 1827, 0.307790, 0.005731,
 1828, 0.307640, 0.005549,
 1829, 0.307840, 0.005475,
 1830, 0.307680, 0.005897,
 1831, 0.307250, 0.005160,
 1832, 0.307680, 0.006001,
 1833, 0.307540, 0.005191,
 1834, 0.307630, 0.005976,
 1835, 0.307640, 0.005587,
 1836, 0.307200, 0.005105,
 1837, 0.307870, 0.005924,
 1838, 0.307490, 0.005114,
 1839, 0.307750, 0.005775,
 1840, 0.307830, 0.005800,
 1841, 0.307540, 0.005127,
 1842, 0.307910, 0.005598,
 1843, 0.307610, 0.005140,
 1844, 0.307450, 0.005617,
 1845, 0.307840, 0.005899,
 1846, 0.307610, 0.005321,
 1847, 0.307900, 0.005660,
 1848, 0.307120, 0.005428,
 1849, 0.307660, 0.005748,
 1850, 0.307410, 0.005967,
 1851, 0.307150, 0.005193,
 1852, 0.307970, 0.005633,
 1853, 0.307570, 0.005210,
 1854, 0.307930, 0.005935,
 1855, 0.307580, 0.005747,
 1856, 0.307250, 0.005226,
 1857, 0.307760, 0.005847,
 1858, 0.307740, 0.005351,
 1859, 0.307590, 0.005860,
 1860, 0.307590, 0.006161,
 1861, 0.307670, 0.005305,
 1862, 0.307590, 0.005708,
 1863, 0.307750, 0.005592,
 1864, 0.307630, 0.006064,
 1865, 0.307800, 0.005779,
 1866, 0.307850, 0.005241,
 1867, 0.307680, 0.005783,
 1868, 0.307820, 0.005599,
 1869, 0.307280, 0.005841,
 1870, 0.307740, 0.005875,
 1871, 0.307630, 0.005176,
 1872, 0.307410, 0.005938,
 1873, 0.307580, 0.005267,
 1874, 0.307440, 0.005896,
 1875, 0.307940, 0.005949,
 1876, 0.307180, 0.005220,
 1877, 0.307640, 0.005813,
 1878, 0.307590, 0.005483,
 1879, 0.307450, 0.005820,
 1880, 0.308030, 0.005803,
 1881, 0.307560, 0.005441,
 1882, 0.307700, 0.005886,
 1883, 0.307620, 0.005392,
 1884, 0.307660, 0.005816,
 1885, 0.307530, 0.005576,
 1886, 0.307690, 0.005180,
 1887, 0.307620, 0.005491,
 1888, 0.307660, 0.005363,
 1889, 0.307670, 0.005858,
 1890, 0.307590, 0.005894,
 1891, 0.307970, 0.005086,
 1892, 0.307770, 0.005528,
 1893, 0.307500, 0.005554,
 1894, 0.307710, 0.005586,
 1895, 0.307280, 0.005646,
 1896, 0.307470, 0.005193,
 1897, 0.307610, 0.005906,
 1898, 0.307570, 0.005166,
 1899, 0.308010, 0.005469,
 1900, 0.307480, 0.006054,
 1901, 0.307640, 0.005258,
 1902, 0.307420, 0.005913,
 1903, 0.307760, 0.005468,
 1904, 0.307620, 0.005672,
 1905, 0.307860, 0.006232,
 1906, 0.307770, 0.005531,
 1907, 0.307640, 0.005693,
 1908, 0.307730, 0.005159,
 1909, 0.307520, 0.005737,
 1910, 0.307700, 0.006039,
 1911, 0.307320, 0.005188,
 1912, 0.307500, 0.005912,
 1913, 0.307620, 0.005159,
 1914, 0.307710, 0.005756,
 1915, 0.307600, 0.005758,
 1916, 0.307360, 0.005201,
 1917, 0.307840, 0.005990,
 1918, 0.307520, 0.005176,
 1919, 0.307530, 0.005689,
 1920, 0.307380, 0.005641,
 1921, 0.307380, 0.005149,
 1922, 0.307730, 0.005918,
 1923, 0.307440, 0.005013,
 1924, 0.307610, 0.005506,
 1925, 0.307760, 0.005778,
 1926, 0.307310, 0.005134,
 1927, 0.307750, 0.005799,
 1928, 0.307150, 0.005367,
 1929, 0.307600, 0.005953,
 1930, 0.307470, 0.005844,
 1931, 0.307820, 0.005149,
 1932, 0.307820, 0.005703,
 1933, 0.307530, 0.005397,
 1934, 0.307560, 0.005592,
 1935, 0.307220, 0.005932,
 1936, 0.307740, 0.005182,
 1937, 0.307460, 0.005629,
 1938, 0.307800, 0.005248,
 1939, 0.307590, 0.006121,
 1940, 0.307470, 0.005925,
 1941, 0.307340, 0.005111,
 1942, 0.307620, 0.005865,
 1943, 0.307730, 0.005753,
 1944, 0.307580, 0.005921,
 1945, 0.307730, 0.005497,
 1946, 0.307490, 0.005332,
 1947, 0.307260, 0.005556,
 1948, 0.307510, 0.005205,
 1949, 0.307680, 0.005602,
 1950, 0.307580, 0.005889,
 1951, 0.307540, 0.005337,
 1952, 0.307780, 0.006152,
 1953, 0.307670, 0.005426,
 1954, 0.307430, 0.005721,
 1955, 0.307720, 0.005766,
 1956, 0.307460, 0.005102,
 1957, 0.307920, 0.005796,
 1958, 0.307480, 0.005068,
 1959, 0.307720, 0.005847,
 1960, 0.307490, 0.005724,
 1961, 0.307570, 0.005170,
 1962, 0.307560, 0.005819,
 1963, 0.307270, 0.005236,
 1964, 0.307840, 0.005612,
 1965, 0.307370, 0.005672,
 1966, 0.307770, 0.005071,
 1967, 0.307610, 0.005808,
 1968, 0.307170, 0.005329,
 1969, 0.307950, 0.005710,
 1970, 0.307680, 0.006056,
 1971, 0.307620, 0.005301,
 1972, 0.307580, 0.005563,
 1973, 0.307210, 0.005222,
 1974, 0.307560, 0.005360,
 1975, 0.307630, 0.005880,
 1976, 0.307510, 0.005125,
 1977, 0.307650, 0.006021,
 1978, 0.307660, 0.005741,
 1979, 0.307730, 0.004931,
 1980, 0.307820, 0.005832,
 1981, 0.307410, 0.004984,
 1982, 0.307570, 0.005809,
 1983, 0.307910, 0.006075,
 1984, 0.307580, 0.005498,
 1985, 0.307860, 0.005797,
 1986, 0.307380, 0.005287,
 1987, 0.307480, 0.005712,
 1988, 0.307680, 0.006159,
 1989, 0.307540, 0.005007,
 1990, 0.307820, 0.005804,
 1991, 0.307210, 0.005439,
 1992, 0.307720, 0.005705,
 1993, 0.307590, 0.005755,
 1994, 0.307730, 0.005346,
 1995, 0.307830, 0.005778,
 1996, 0.307610, 0.005248,
 1997, 0.307830, 0.005755,
 1998, 0.307320, 0.005725,
 1999, 0.307510, 0.005212,
 2000, 0.307890, 0.005858,
 2001, 0.307970, 0.005129,
