Container_size, 134217728,key_space, 592137request bin, mean_latency,sd,
 0, 0.440410, 0.013697,
 1, 0.441260, 0.013922,
 2, 0.441210, 0.013151,
 3, 0.440630, 0.014266,
 4, 0.440050, 0.013405,
 5, 0.439870, 0.014516,
 6, 0.440050, 0.014813,
 7, 0.440630, 0.013870,
 8, 0.440310, 0.013706,
 9, 0.441140, 0.013375,
 10, 0.440100, 0.014174,
 11, 0.440820, 0.014089,
 12, 0.440650, 0.013393,
 13, 0.439780, 0.014497,
 14, 0.440300, 0.013978,
 15, 0.440140, 0.014525,
 16, 0.440590, 0.013781,
 17, 0.441760, 0.013171,
 18, 0.440750, 0.014248,
 19, 0.440280, 0.013580,
 20, 0.440560, 0.013652,
 21, 0.440560, 0.014012,
 22, 0.440270, 0.012984,
 23, 0.440620, 0.014218,
 24, 0.440290, 0.013545,
 25, 0.440280, 0.014006,
 26, 0.439830, 0.013724,
 27, 0.440690, 0.012976,
 28, 0.440380, 0.015092,
 29, 0.440590, 0.013223,
 30, 0.440450, 0.013907,
 31, 0.439830, 0.014428,
 32, 0.440310, 0.012951,
 33, 0.440930, 0.013989,
 34, 0.440030, 0.013450,
 35, 0.440410, 0.014399,
 36, 0.440290, 0.013744,
 37, 0.440480, 0.013010,
 38, 0.440770, 0.014374,
 39, 0.440190, 0.013256,
 40, 0.452850, 0.132296,
 41, 0.481100, 0.407282,
 42, 0.441160, 0.015187,
 43, 0.440680, 0.015441,
 44, 0.440690, 0.014523,
 45, 0.441110, 0.015053,
 46, 0.441140, 0.014700,
 47, 0.440770, 0.014428,
 48, 0.440220, 0.014881,
 49, 0.440360, 0.014639,
 50, 0.440230, 0.015337,
 51, 0.439500, 0.014734,
 52, 0.440560, 0.013897,
 53, 0.440100, 0.014371,
 54, 0.440690, 0.014175,
 55, 0.440330, 0.015006,
 56, 0.440280, 0.014690,
 57, 0.440770, 0.013462,
 58, 0.440020, 0.015017,
 59, 0.439860, 0.013997,
 60, 0.441040, 0.014742,
 61, 0.439650, 0.014370,
 62, 0.440270, 0.013191,
 63, 0.440470, 0.014331,
 64, 0.439730, 0.014087,
 65, 0.441270, 0.014624,
 66, 0.440280, 0.014087,
 67, 0.440750, 0.013597,
 68, 0.440060, 0.014539,
 69, 0.440250, 0.014705,
 70, 0.440120, 0.013584,
 71, 0.440800, 0.014549,
 72, 0.440560, 0.013728,
 73, 0.440110, 0.014453,
 74, 0.440550, 0.013982,
 75, 0.440360, 0.013124,
 76, 0.440210, 0.014104,
 77, 0.439590, 0.013459,
 78, 0.440350, 0.014772,
 79, 0.440370, 0.014245,
 80, 0.440470, 0.013181,
 81, 0.440090, 0.013939,
 82, 0.439610, 0.013653,
 83, 0.440580, 0.014709,
 84, 0.440070, 0.014431,
 85, 0.440600, 0.014073,
 86, 0.439960, 0.014334,
 87, 0.439800, 0.013985,
 88, 0.440370, 0.014157,
 89, 0.439940, 0.014685,
 90, 0.439870, 0.013332,
 91, 0.439690, 0.014146,
 92, 0.439460, 0.014020,
 93, 0.440130, 0.014225,
 94, 0.439570, 0.013975,
 95, 0.440130, 0.013855,
 96, 0.439610, 0.014504,
 97, 0.440050, 0.013326,
 98, 0.440070, 0.014104,
 99, 0.440250, 0.014456,
 100, 0.439580, 0.013542,
 101, 0.440380, 0.014652,
 102, 0.439450, 0.013483,
 103, 0.440370, 0.013998,
 104, 0.439910, 0.014245,
 105, 0.439820, 0.013340,
 106, 0.439450, 0.014223,
 107, 0.440230, 0.014004,
 108, 0.439970, 0.014135,
 109, 0.439550, 0.014126,
 110, 0.439860, 0.013764,
 111, 0.440210, 0.013984,
 112, 0.440260, 0.013614,
 113, 0.440390, 0.013824,
 114, 0.440280, 0.014879,
 115, 0.439330, 0.013579,
 116, 0.440320, 0.014296,
 117, 0.439710, 0.013358,
 118, 0.440220, 0.013688,
 119, 0.439850, 0.013750,
 120, 0.439350, 0.013480,
 121, 0.440320, 0.014650,
 122, 0.439560, 0.014161,
 123, 0.439990, 0.013458,
 124, 0.439730, 0.014194,
 125, 0.439920, 0.013201,
 126, 0.439950, 0.013928,
 127, 0.439770, 0.013497,
 128, 0.440360, 0.014448,
 129, 0.441270, 0.014025,
 130, 0.439440, 0.013013,
 131, 0.439630, 0.013744,
 132, 0.440290, 0.013327,
 133, 0.439500, 0.013593,
 134, 0.439300, 0.014650,
 135, 0.439020, 0.013459,
 136, 0.439500, 0.013737,
 137, 0.439790, 0.013136,
 138, 0.439830, 0.014319,
 139, 0.440220, 0.013768,
 140, 0.439410, 0.012712,
 141, 0.440540, 0.013749,
 142, 0.440030, 0.013262,
 143, 0.439400, 0.014105,
 144, 0.439830, 0.014182,
 145, 0.439380, 0.013850,
 146, 0.440180, 0.014076,
 147, 0.439910, 0.014333,
 148, 0.439940, 0.013961,
 149, 0.439840, 0.014196,
 150, 0.439910, 0.013876,
 151, 0.439880, 0.014118,
 152, 0.439660, 0.013532,
 153, 0.440460, 0.013997,
 154, 0.440180, 0.014387,
 155, 0.439230, 0.013296,
 156, 0.440570, 0.014084,
 157, 0.439600, 0.014433,
 158, 0.440620, 0.013788,
 159, 0.439330, 0.014190,
 160, 0.440510, 0.013284,
 161, 0.439650, 0.013912,
 162, 0.439280, 0.013019,
 163, 0.440070, 0.013825,
 164, 0.439700, 0.014760,
 165, 0.439320, 0.013281,
 166, 0.440250, 0.013792,
 167, 0.439680, 0.013389,
 168, 0.439940, 0.013648,
 169, 0.439600, 0.014196,
 170, 0.440250, 0.013566,
 171, 0.440270, 0.014132,
 172, 0.439280, 0.013762,
 173, 0.439800, 0.013646,
 174, 0.439920, 0.014486,
 175, 0.440620, 0.013489,
 176, 0.440030, 0.014183,
 177, 0.439210, 0.013349,
 178, 0.439900, 0.014562,
 179, 0.439840, 0.014369,
 180, 0.439660, 0.013442,
 181, 0.439470, 0.014081,
 182, 0.439550, 0.013283,
 183, 0.440010, 0.014008,
 184, 0.439470, 0.013963,
 185, 0.439560, 0.013962,
 186, 0.439400, 0.014181,
 187, 0.439360, 0.013602,
 188, 0.439670, 0.014024,
 189, 0.439510, 0.013816,
 190, 0.439700, 0.013562,
 191, 0.439330, 0.013732,
 192, 0.439480, 0.013264,
 193, 0.439460, 0.014190,
 194, 0.439660, 0.014246,
 195, 0.439270, 0.012971,
 196, 0.439990, 0.013578,
 197, 0.439860, 0.013859,
 198, 0.440290, 0.013878,
 199, 0.439700, 0.014256,
 200, 0.439060, 0.013482,
 201, 0.439350, 0.014238,
 202, 0.439560, 0.013668,
 203, 0.439640, 0.014250,
 204, 0.439600, 0.014203,
 205, 0.439960, 0.013360,
 206, 0.439340, 0.013306,
 207, 0.439500, 0.013677,
 208, 0.439490, 0.014083,
 209, 0.440210, 0.013745,
 210, 0.440130, 0.013043,
 211, 0.439570, 0.013790,
 212, 0.439460, 0.013363,
 213, 0.439340, 0.014048,
 214, 0.439880, 0.013765,
 215, 0.439180, 0.012976,
 216, 0.440140, 0.014226,
 217, 0.439890, 0.013392,
 218, 0.439530, 0.013942,
 219, 0.439430, 0.014201,
 220, 0.439140, 0.013604,
 221, 0.439380, 0.014455,
 222, 0.439290, 0.013569,
 223, 0.439270, 0.014278,
 224, 0.439640, 0.014072,
 225, 0.439750, 0.013275,
 226, 0.439160, 0.013988,
 227, 0.438900, 0.013437,
 228, 0.439610, 0.014277,
 229, 0.439520, 0.014895,
 230, 0.440210, 0.013459,
 231, 0.439540, 0.013990,
 232, 0.439290, 0.013455,
 233, 0.439380, 0.014006,
 234, 0.440080, 0.013892,
 235, 0.439620, 0.012806,
 236, 0.439770, 0.014017,
 237, 0.439650, 0.013718,
 238, 0.439680, 0.013515,
 239, 0.439540, 0.014045,
 240, 0.440090, 0.013033,
 241, 0.439170, 0.014048,
 242, 0.439480, 0.013578,
 243, 0.439570, 0.014496,
 244, 0.439280, 0.013895,
 245, 0.439680, 0.013306,
 246, 0.438730, 0.013679,
 247, 0.439610, 0.013635,
 248, 0.439900, 0.013973,
 249, 0.438770, 0.014311,
 250, 0.439770, 0.013787,
 251, 0.439120, 0.014211,
 252, 0.439710, 0.013386,
 253, 0.439580, 0.013877,
 254, 0.439380, 0.013973,
 255, 0.439770, 0.013090,
 256, 0.439450, 0.013638,
 257, 0.440440, 0.014240,
 258, 0.439180, 0.013881,
 259, 0.439180, 0.014107,
 260, 0.439370, 0.013598,
 261, 0.439570, 0.013697,
 262, 0.439890, 0.014318,
 263, 0.439700, 0.013521,
 264, 0.439370, 0.014691,
 265, 0.440130, 0.013434,
 266, 0.439740, 0.014188,
 267, 0.439690, 0.013824,
 268, 0.439370, 0.013312,
 269, 0.439570, 0.013903,
 270, 0.439250, 0.012987,
 271, 0.440400, 0.013817,
 272, 0.438980, 0.014255,
 273, 0.440110, 0.013410,
 274, 0.439290, 0.014409,
 275, 0.439500, 0.013426,
 276, 0.439160, 0.014025,
 277, 0.439460, 0.014064,
 278, 0.440150, 0.013416,
 279, 0.439710, 0.014437,
 280, 0.440130, 0.013757,
 281, 0.440120, 0.014172,
 282, 0.439570, 0.014494,
 283, 0.440030, 0.013429,
 284, 0.439710, 0.014345,
 285, 0.439000, 0.012990,
 286, 0.439500, 0.014648,
 287, 0.439760, 0.014560,
 288, 0.439850, 0.013077,
 289, 0.439910, 0.014239,
 290, 0.439370, 0.013492,
 291, 0.439490, 0.014382,
 292, 0.439480, 0.014930,
 293, 0.439270, 0.013621,
 294, 0.440030, 0.014449,
 295, 0.439280, 0.013675,
 296, 0.439500, 0.014041,
 297, 0.439680, 0.014721,
 298, 0.439790, 0.013322,
 299, 0.439770, 0.014321,
 300, 0.438770, 0.013735,
 301, 0.440050, 0.014401,
 302, 0.439650, 0.014533,
 303, 0.439450, 0.013616,
 304, 0.439380, 0.014513,
 305, 0.439330, 0.013665,
 306, 0.439970, 0.013750,
 307, 0.439090, 0.014800,
 308, 0.439350, 0.012949,
 309, 0.439550, 0.014357,
 310, 0.439410, 0.013372,
 311, 0.439530, 0.014395,
 312, 0.439690, 0.014650,
 313, 0.439280, 0.013599,
 314, 0.439660, 0.014805,
 315, 0.439360, 0.013496,
 316, 0.439350, 0.014858,
 317, 0.439370, 0.014742,
 318, 0.438800, 0.013293,
 319, 0.439060, 0.013912,
 320, 0.439410, 0.013862,
 321, 0.439440, 0.013831,
 322, 0.439380, 0.014803,
 323, 0.439130, 0.013653,
 324, 0.440130, 0.014106,
 325, 0.439830, 0.014338,
 326, 0.438710, 0.013560,
 327, 0.439610, 0.013998,
 328, 0.439270, 0.013311,
 329, 0.439820, 0.014366,
 330, 0.440070, 0.013337,
 331, 0.439170, 0.014009,
 332, 0.439450, 0.014364,
 333, 0.439250, 0.013662,
 334, 0.439820, 0.014727,
 335, 0.439570, 0.013857,
 336, 0.438980, 0.014253,
 337, 0.439640, 0.014764,
 338, 0.438790, 0.013340,
 339, 0.439680, 0.014309,
 340, 0.439550, 0.013989,
 341, 0.439560, 0.014223,
 342, 0.439090, 0.014717,
 343, 0.439170, 0.013175,
 344, 0.439350, 0.014261,
 345, 0.439370, 0.013901,
 346, 0.439240, 0.013923,
 347, 0.438840, 0.014577,
 348, 0.439500, 0.013265,
 349, 0.439740, 0.014298,
 350, 0.439510, 0.013972,
 351, 0.439210, 0.014354,
 352, 0.439280, 0.014519,
 353, 0.439370, 0.013160,
 354, 0.439050, 0.014270,
 355, 0.439010, 0.013376,
 356, 0.439920, 0.013961,
 357, 0.439420, 0.014159,
 358, 0.439280, 0.013593,
 359, 0.438890, 0.014061,
 360, 0.438910, 0.012881,
 361, 0.439760, 0.014059,
 362, 0.439190, 0.014478,
 363, 0.439550, 0.013499,
 364, 0.439250, 0.014413,
 365, 0.439050, 0.013575,
 366, 0.439700, 0.014024,
 367, 0.439420, 0.013911,
 368, 0.439610, 0.013276,
 369, 0.439150, 0.014218,
 370, 0.439200, 0.013435,
 371, 0.439630, 0.013818,
 372, 0.439220, 0.015046,
 373, 0.439490, 0.013552,
 374, 0.439430, 0.014260,
 375, 0.438990, 0.013680,
 376, 0.439580, 0.013804,
 377, 0.439430, 0.014089,
 378, 0.438410, 0.013530,
 379, 0.439730, 0.014084,
 380, 0.439590, 0.013688,
 381, 0.439760, 0.014007,
 382, 0.439180, 0.014192,
 383, 0.439530, 0.012804,
 384, 0.438970, 0.014003,
 385, 0.439200, 0.013534,
 386, 0.439330, 0.014514,
 387, 0.439530, 0.014245,
 388, 0.439400, 0.013852,
 389, 0.439230, 0.014502,
 390, 0.439470, 0.013237,
 391, 0.439130, 0.014005,
 392, 0.438720, 0.013754,
 393, 0.438600, 0.013470,
 394, 0.439280, 0.014465,
 395, 0.438960, 0.013101,
 396, 0.439180, 0.014238,
 397, 0.439690, 0.014379,
 398, 0.439190, 0.013396,
 399, 0.439250, 0.014145,
 400, 0.438980, 0.014157,
 401, 0.439010, 0.013936,
 402, 0.439590, 0.014127,
 403, 0.439540, 0.013570,
 404, 0.438730, 0.014380,
 405, 0.439060, 0.013352,
 406, 0.439110, 0.013846,
 407, 0.439210, 0.014324,
 408, 0.439420, 0.013712,
 409, 0.438820, 0.014358,
 410, 0.438750, 0.013685,
 411, 0.439110, 0.014503,
 412, 0.439080, 0.014143,
 413, 0.439430, 0.013398,
 414, 0.439010, 0.014096,
 415, 0.439050, 0.013975,
 416, 0.439270, 0.014023,
 417, 0.438590, 0.014385,
 418, 0.438880, 0.012830,
 419, 0.439080, 0.014269,
 420, 0.439080, 0.014204,
 421, 0.439200, 0.014298,
 422, 0.439230, 0.014817,
 423, 0.439090, 0.013068,
 424, 0.439120, 0.013969,
 425, 0.439020, 0.013439,
 426, 0.438910, 0.014153,
 427, 0.438410, 0.013985,
 428, 0.439090, 0.013123,
 429, 0.438830, 0.014652,
 430, 0.439000, 0.013908,
 431, 0.439290, 0.014471,
 432, 0.438950, 0.014578,
 433, 0.439070, 0.013720,
 434, 0.439880, 0.014446,
 435, 0.439450, 0.013479,
 436, 0.439640, 0.014798,
 437, 0.438940, 0.014417,
 438, 0.439210, 0.013727,
 439, 0.438950, 0.014136,
 440, 0.439120, 0.013352,
 441, 0.438960, 0.014274,
 442, 0.438510, 0.014128,
 443, 0.439850, 0.013891,
 444, 0.438810, 0.014316,
 445, 0.439480, 0.013519,
 446, 0.439450, 0.014074,
 447, 0.438700, 0.014172,
 448, 0.439480, 0.013358,
 449, 0.439210, 0.014105,
 450, 0.438940, 0.013673,
 451, 0.438690, 0.014374,
 452, 0.439080, 0.014017,
 453, 0.439130, 0.013371,
 454, 0.438620, 0.014283,
 455, 0.439110, 0.014380,
 456, 0.439090, 0.013202,
 457, 0.439020, 0.014445,
 458, 0.438270, 0.014341,
 459, 0.439590, 0.014204,
 460, 0.438480, 0.013730,
 461, 0.439440, 0.013177,
 462, 0.439120, 0.014238,
 463, 0.439110, 0.013371,
 464, 0.439400, 0.014361,
 465, 0.439260, 0.015039,
 466, 0.438780, 0.013571,
 467, 0.439540, 0.014388,
 468, 0.438510, 0.013212,
 469, 0.438780, 0.013924,
 470, 0.439120, 0.014094,
 471, 0.439120, 0.014135,
 472, 0.439270, 0.014455,
 473, 0.438690, 0.013336,
 474, 0.439040, 0.014057,
 475, 0.439090, 0.013849,
 476, 0.438790, 0.013682,
 477, 0.439170, 0.014151,
 478, 0.438600, 0.013480,
 479, 0.438820, 0.014740,
 480, 0.439150, 0.014342,
 481, 0.438830, 0.013230,
 482, 0.439300, 0.014299,
 483, 0.438670, 0.013609,
 484, 0.439100, 0.014721,
 485, 0.438960, 0.014693,
 486, 0.438750, 0.014081,
 487, 0.438860, 0.014201,
 488, 0.438840, 0.013420,
 489, 0.439070, 0.014374,
 490, 0.438540, 0.014203,
 491, 0.438710, 0.013015,
 492, 0.439050, 0.013690,
 493, 0.439380, 0.014586,
 494, 0.438930, 0.013981,
 495, 0.438850, 0.014694,
 496, 0.438410, 0.013467,
 497, 0.439120, 0.013893,
 498, 0.439110, 0.013562,
 499, 0.439040, 0.013533,
 500, 0.438490, 0.014152,
 501, 0.438100, 0.013390,
 502, 0.438590, 0.014103,
 503, 0.438590, 0.013470,
 504, 0.438560, 0.014112,
 505, 0.438460, 0.014465,
 506, 0.438560, 0.013060,
 507, 0.438850, 0.013683,
 508, 0.438390, 0.013608,
 509, 0.438860, 0.014277,
 510, 0.439050, 0.014284,
 511, 0.438640, 0.013496,
 512, 0.439320, 0.013936,
 513, 0.439860, 0.013099,
 514, 0.439640, 0.014121,
 515, 0.438990, 0.014971,
 516, 0.438780, 0.013259,
 517, 0.439460, 0.014151,
 518, 0.438240, 0.013633,
 519, 0.438270, 0.014102,
 520, 0.438820, 0.014647,
 521, 0.439520, 0.013412,
 522, 0.439190, 0.014550,
 523, 0.438770, 0.013418,
 524, 0.438120, 0.013437,
 525, 0.438490, 0.014541,
 526, 0.438230, 0.013520,
 527, 0.439550, 0.014374,
 528, 0.438950, 0.013538,
 529, 0.438830, 0.014665,
 530, 0.439300, 0.014195,
 531, 0.438680, 0.013501,
 532, 0.439140, 0.014574,
 533, 0.438420, 0.013813,
 534, 0.439010, 0.014293,
 535, 0.438570, 0.014349,
 536, 0.438780, 0.013473,
 537, 0.438960, 0.014475,
 538, 0.438570, 0.013904,
 539, 0.438720, 0.013967,
 540, 0.438450, 0.014915,
 541, 0.439060, 0.013232,
 542, 0.438820, 0.014375,
 543, 0.438240, 0.013852,
 544, 0.439370, 0.014518,
 545, 0.438980, 0.014171,
 546, 0.438280, 0.013708,
 547, 0.438350, 0.014591,
 548, 0.438920, 0.013424,
 549, 0.438950, 0.014438,
 550, 0.438850, 0.014643,
 551, 0.438400, 0.014241,
 552, 0.439200, 0.014227,
 553, 0.438980, 0.013719,
 554, 0.439130, 0.014128,
 555, 0.438570, 0.014344,
 556, 0.438530, 0.013852,
 557, 0.439010, 0.014629,
 558, 0.438540, 0.013812,
 559, 0.438910, 0.014519,
 560, 0.438560, 0.014686,
 561, 0.438360, 0.013370,
 562, 0.439010, 0.014223,
 563, 0.438790, 0.013667,
 564, 0.438800, 0.014229,
 565, 0.438900, 0.014745,
 566, 0.438470, 0.013394,
 567, 0.438250, 0.013811,
 568, 0.438510, 0.013523,
 569, 0.438830, 0.014225,
 570, 0.438310, 0.014504,
 571, 0.438920, 0.014738,
 572, 0.438590, 0.014885,
 573, 0.438620, 0.013662,
 574, 0.438830, 0.014447,
 575, 0.439030, 0.014917,
 576, 0.437900, 0.013314,
 577, 0.438670, 0.014188,
 578, 0.438640, 0.013353,
 579, 0.438510, 0.014289,
 580, 0.439460, 0.014754,
 581, 0.438250, 0.013563,
 582, 0.438520, 0.014607,
 583, 0.438760, 0.013717,
 584, 0.438620, 0.014025,
 585, 0.438690, 0.014446,
 586, 0.438990, 0.013608,
 587, 0.438800, 0.014181,
 588, 0.438720, 0.013445,
 589, 0.438930, 0.013977,
 590, 0.438910, 0.014429,
 591, 0.438950, 0.013487,
 592, 0.439240, 0.014434,
 593, 0.438460, 0.013286,
 594, 0.438380, 0.014102,
 595, 0.438650, 0.014660,
 596, 0.438630, 0.013475,
 597, 0.438800, 0.014151,
 598, 0.438510, 0.013814,
 599, 0.439060, 0.014234,
 600, 0.439090, 0.014525,
 601, 0.439280, 0.013744,
 602, 0.438670, 0.014024,
 603, 0.439270, 0.013552,
 604, 0.438710, 0.013715,
 605, 0.439150, 0.014287,
 606, 0.439040, 0.013422,
 607, 0.439080, 0.014437,
 608, 0.438950, 0.013888,
 609, 0.438420, 0.014181,
 610, 0.439010, 0.014381,
 611, 0.439050, 0.013110,
 612, 0.438010, 0.013965,
 613, 0.438080, 0.013433,
 614, 0.438400, 0.014219,
 615, 0.438370, 0.014640,
 616, 0.439050, 0.013256,
 617, 0.438870, 0.013987,
 618, 0.438170, 0.013748,
 619, 0.438620, 0.014065,
 620, 0.438580, 0.014400,
 621, 0.438810, 0.013540,
 622, 0.438470, 0.014550,
 623, 0.438670, 0.014177,
 624, 0.438260, 0.014066,
 625, 0.438280, 0.014356,
 626, 0.438700, 0.013860,
 627, 0.438160, 0.014172,
 628, 0.438370, 0.013588,
 629, 0.439060, 0.014246,
 630, 0.438770, 0.014828,
 631, 0.438910, 0.013748,
 632, 0.438460, 0.014447,
 633, 0.438220, 0.013659,
 634, 0.439610, 0.014672,
 635, 0.438570, 0.013811,
 636, 0.439210, 0.013366,
 637, 0.438480, 0.014352,
 638, 0.438680, 0.013829,
 639, 0.438670, 0.014213,
 640, 0.438410, 0.014337,
 641, 0.438580, 0.013568,
 642, 0.437870, 0.014010,
 643, 0.439240, 0.014070,
 644, 0.439180, 0.014126,
 645, 0.438190, 0.014452,
 646, 0.439120, 0.013741,
 647, 0.439370, 0.015294,
 648, 0.438860, 0.014693,
 649, 0.439480, 0.015584,
 650, 0.438770, 0.016889,
 651, 0.439580, 0.016094,
 652, 0.439190, 0.016645,
 653, 0.439350, 0.016775,
 654, 0.439050, 0.014800,
 655, 0.439000, 0.015180,
 656, 0.438860, 0.014814,
 657, 0.439420, 0.015344,
 658, 0.438940, 0.015467,
 659, 0.439540, 0.013925,
 660, 0.439080, 0.015276,
 661, 0.438910, 0.014431,
 662, 0.440100, 0.015130,
 663, 0.439530, 0.015247,
 664, 0.439140, 0.013560,
 665, 0.439630, 0.014980,
 666, 0.438790, 0.014185,
 667, 0.438260, 0.014864,
 668, 0.439230, 0.014465,
 669, 0.439280, 0.013223,
 670, 0.439210, 0.014807,
 671, 0.438980, 0.013408,
 672, 0.438080, 0.014728,
 673, 0.438800, 0.015058,
 674, 0.439110, 0.013664,
 675, 0.439140, 0.014746,
 676, 0.438630, 0.013490,
 677, 0.438710, 0.014621,
 678, 0.439510, 0.014539,
 679, 0.439250, 0.013883,
 680, 0.438840, 0.014939,
 681, 0.438790, 0.013975,
 682, 0.438160, 0.014196,
 683, 0.438680, 0.014708,
 684, 0.438910, 0.013746,
 685, 0.439280, 0.014541,
 686, 0.438530, 0.013384,
 687, 0.438160, 0.014537,
 688, 0.438550, 0.014645,
 689, 0.438320, 0.014119,
 690, 0.438570, 0.014598,
 691, 0.438270, 0.014199,
 692, 0.439080, 0.014258,
 693, 0.438720, 0.014381,
 694, 0.438680, 0.014384,
 695, 0.438980, 0.014612,
 696, 0.438670, 0.013896,
 697, 0.439010, 0.014321,
 698, 0.438640, 0.014796,
 699, 0.438010, 0.013774,
 700, 0.438710, 0.014527,
 701, 0.438740, 0.014173,
 702, 0.438790, 0.014216,
 703, 0.439040, 0.014698,
 704, 0.438700, 0.013564,
 705, 0.438630, 0.014579,
 706, 0.438440, 0.013545,
 707, 0.438490, 0.013776,
 708, 0.438590, 0.014447,
 709, 0.438280, 0.013520,
 710, 0.438360, 0.014288,
 711, 0.438370, 0.013507,
 712, 0.439110, 0.014560,
 713, 0.439240, 0.014433,
 714, 0.437610, 0.013162,
 715, 0.438650, 0.013829,
 716, 0.438680, 0.014100,
 717, 0.438970, 0.014495,
 718, 0.438810, 0.014448,
 719, 0.438050, 0.013509,
 720, 0.438890, 0.014099,
 721, 0.438340, 0.013704,
 722, 0.438170, 0.014198,
 723, 0.438810, 0.014572,
 724, 0.438320, 0.013642,
 725, 0.439280, 0.014144,
 726, 0.438600, 0.013611,
 727, 0.438050, 0.013619,
 728, 0.438610, 0.013705,
 729, 0.438870, 0.013091,
 730, 0.438830, 0.014213,
 731, 0.438620, 0.013491,
 732, 0.439010, 0.013935,
 733, 0.438600, 0.014165,
 734, 0.438630, 0.013458,
 735, 0.439110, 0.013672,
 736, 0.437920, 0.013377,
 737, 0.439250, 0.014111,
 738, 0.439050, 0.013918,
 739, 0.439090, 0.013352,
 740, 0.438260, 0.014490,
 741, 0.437760, 0.013833,
 742, 0.438570, 0.013869,
 743, 0.438530, 0.013831,
 744, 0.438390, 0.013563,
 745, 0.438290, 0.014516,
 746, 0.438310, 0.013522,
 747, 0.438700, 0.014301,
 748, 0.438200, 0.014363,
 749, 0.438720, 0.013595,
 750, 0.438200, 0.014422,
 751, 0.438200, 0.013248,
 752, 0.438600, 0.014365,
 753, 0.438460, 0.014382,
 754, 0.438080, 0.013457,
 755, 0.438840, 0.014124,
 756, 0.438650, 0.014004,
 757, 0.438490, 0.014104,
 758, 0.438380, 0.014517,
 759, 0.438800, 0.013896,
 760, 0.438630, 0.014143,
 761, 0.438630, 0.013278,
 762, 0.438270, 0.013888,
 763, 0.438370, 0.014668,
 764, 0.438770, 0.013374,
 765, 0.438740, 0.014121,
 766, 0.438510, 0.013950,
 767, 0.439220, 0.014654,
 768, 0.438520, 0.014215,
 769, 0.438170, 0.013299,
 770, 0.438350, 0.014432,
 771, 0.438750, 0.013812,
 772, 0.438270, 0.013968,
 773, 0.439100, 0.014598,
 774, 0.438210, 0.013604,
 775, 0.438610, 0.014169,
 776, 0.438890, 0.013782,
 777, 0.438540, 0.013825,
 778, 0.438240, 0.014232,
 779, 0.438260, 0.013016,
 780, 0.438600, 0.014606,
 781, 0.437920, 0.013645,
 782, 0.437930, 0.013662,
 783, 0.438610, 0.014591,
 784, 0.438670, 0.013451,
 785, 0.439310, 0.014603,
 786, 0.438910, 0.013358,
 787, 0.437850, 0.014398,
 788, 0.438780, 0.013795,
 789, 0.438880, 0.013661,
 790, 0.438970, 0.014057,
 791, 0.438100, 0.014393,
 792, 0.437700, 0.013540,
 793, 0.438430, 0.014478,
 794, 0.438640, 0.013580,
 795, 0.438260, 0.014269,
 796, 0.438440, 0.013670,
 797, 0.438470, 0.014216,
 798, 0.438010, 0.014475,
 799, 0.438570, 0.013575,
 800, 0.438180, 0.014383,
 801, 0.438500, 0.013613,
 802, 0.438710, 0.014782,
 803, 0.439000, 0.014489,
 804, 0.438450, 0.013337,
 805, 0.437700, 0.014309,
 806, 0.438430, 0.014047,
 807, 0.438390, 0.014190,
 808, 0.438320, 0.014187,
 809, 0.438310, 0.014013,
 810, 0.437770, 0.013694,
 811, 0.438280, 0.014127,
 812, 0.438630, 0.014302,
 813, 0.438810, 0.014222,
 814, 0.438930, 0.013486,
 815, 0.437690, 0.013959,
 816, 0.437830, 0.015104,
 817, 0.438710, 0.013778,
 818, 0.437370, 0.014084,
 819, 0.438700, 0.013369,
 820, 0.438140, 0.013467,
 821, 0.437900, 0.013688,
 822, 0.438760, 0.014171,
 823, 0.438650, 0.014847,
 824, 0.438210, 0.013279,
 825, 0.438130, 0.013990,
 826, 0.438530, 0.013384,
 827, 0.438080, 0.014718,
 828, 0.437750, 0.014059,
 829, 0.439050, 0.013508,
 830, 0.438360, 0.014720,
 831, 0.438400, 0.013685,
 832, 0.438760, 0.013859,
 833, 0.438330, 0.014339,
 834, 0.438810, 0.013578,
 835, 0.438460, 0.013731,
 836, 0.438500, 0.014142,
 837, 0.438840, 0.013230,
 838, 0.438390, 0.014243,
 839, 0.438360, 0.013311,
 840, 0.438340, 0.014289,
 841, 0.438400, 0.014477,
 842, 0.438520, 0.013524,
 843, 0.438140, 0.014384,
 844, 0.438480, 0.013672,
 845, 0.438720, 0.014566,
 846, 0.438120, 0.014168,
 847, 0.438330, 0.013713,
 848, 0.438660, 0.014470,
 849, 0.438210, 0.013023,
 850, 0.438700, 0.013863,
 851, 0.437690, 0.014448,
 852, 0.438800, 0.013613,
 853, 0.438730, 0.014362,
 854, 0.438110, 0.013503,
 855, 0.438460, 0.014382,
 856, 0.438010, 0.014216,
 857, 0.439000, 0.013100,
 858, 0.438210, 0.014390,
 859, 0.439100, 0.013343,
 860, 0.437990, 0.014169,
 861, 0.438660, 0.014228,
 862, 0.438890, 0.013584,
 863, 0.438090, 0.014569,
 864, 0.437540, 0.013544,
 865, 0.438140, 0.015221,
 866, 0.438190, 0.016486,
 867, 0.438320, 0.013650,
 868, 0.438340, 0.014278,
 869, 0.437960, 0.013413,
 870, 0.437700, 0.014299,
 871, 0.438440, 0.014564,
 872, 0.438520, 0.013718,
 873, 0.438620, 0.014644,
 874, 0.437980, 0.013616,
 875, 0.438470, 0.014298,
 876, 0.438280, 0.014387,
 877, 0.438270, 0.013741,
 878, 0.438280, 0.014441,
 879, 0.437850, 0.013461,
 880, 0.438600, 0.014046,
 881, 0.438380, 0.015013,
 882, 0.438100, 0.013823,
 883, 0.438260, 0.014539,
 884, 0.437930, 0.013568,
 885, 0.438400, 0.014241,
 886, 0.438420, 0.013592,
 887, 0.438750, 0.013595,
 888, 0.438600, 0.014882,
 889, 0.438040, 0.013635,
 890, 0.438680, 0.014220,
 891, 0.438230, 0.014019,
 892, 0.438090, 0.013809,
 893, 0.438210, 0.014322,
 894, 0.438490, 0.013312,
 895, 0.438540, 0.014178,
 896, 0.437840, 0.014497,
 897, 0.436840, 0.013389,
 898, 0.438840, 0.013975,
 899, 0.437660, 0.013546,
 900, 0.438050, 0.014407,
 901, 0.437470, 0.014601,
 902, 0.438020, 0.013348,
 903, 0.438700, 0.014459,
 904, 0.438080, 0.013395,
 905, 0.438330, 0.014259,
 906, 0.438140, 0.014304,
 907, 0.438470, 0.013240,
 908, 0.438890, 0.013835,
 909, 0.438380, 0.013900,
 910, 0.437610, 0.014369,
 911, 0.438250, 0.014098,
 912, 0.437790, 0.013320,
 913, 0.438520, 0.014946,
 914, 0.437840, 0.013251,
 915, 0.438320, 0.014435,
 916, 0.438200, 0.014535,
 917, 0.438570, 0.013445,
 918, 0.438290, 0.014374,
 919, 0.437850, 0.013670,
 920, 0.438680, 0.014097,
 921, 0.438720, 0.014342,
 922, 0.437460, 0.013543,
 923, 0.438260, 0.014871,
 924, 0.438130, 0.013853,
 925, 0.438650, 0.013982,
 926, 0.438290, 0.014264,
 927, 0.437850, 0.013987,
 928, 0.438600, 0.014334,
 929, 0.437990, 0.014006,
 930, 0.438630, 0.014061,
 931, 0.438720, 0.014834,
 932, 0.438600, 0.012969,
 933, 0.438400, 0.013857,
 934, 0.437630, 0.013437,
 935, 0.438480, 0.013970,
 936, 0.437620, 0.014846,
 937, 0.437730, 0.013231,
 938, 0.438300, 0.014488,
 939, 0.438380, 0.014268,
 940, 0.438710, 0.013845,
 941, 0.438190, 0.014428,
 942, 0.438240, 0.013352,
 943, 0.437930, 0.014244,
 944, 0.438490, 0.013766,
 945, 0.438400, 0.014967,
 946, 0.437780, 0.014384,
 947, 0.438040, 0.013396,
 948, 0.438220, 0.014567,
 949, 0.438420, 0.014193,
 950, 0.438820, 0.014044,
 951, 0.437930, 0.014219,
 952, 0.437830, 0.014051,
 953, 0.438020, 0.013558,
 954, 0.438040, 0.013872,
 955, 0.437760, 0.014157,
 956, 0.438350, 0.014547,
 957, 0.437830, 0.013270,
 958, 0.438130, 0.014619,
 959, 0.438030, 0.013809,
 960, 0.438210, 0.014005,
 961, 0.438690, 0.013878,
 962, 0.438470, 0.013639,
 963, 0.438120, 0.014735,
 964, 0.437770, 0.013545,
 965, 0.438010, 0.014306,
 966, 0.438100, 0.015077,
 967, 0.438070, 0.013676,
 968, 0.438450, 0.014367,
 969, 0.438370, 0.013041,
 970, 0.437660, 0.014003,
 971, 0.437820, 0.014315,
 972, 0.438410, 0.013712,
 973, 0.438220, 0.013956,
 974, 0.438560, 0.014079,
 975, 0.437700, 0.013842,
 976, 0.438330, 0.014157,
 977, 0.438520, 0.013796,
 978, 0.437860, 0.014016,
 979, 0.437980, 0.013761,
 980, 0.438820, 0.013659,
 981, 0.437880, 0.014915,
 982, 0.437630, 0.013948,
 983, 0.437990, 0.013997,
 984, 0.438030, 0.013713,
 985, 0.437770, 0.014026,
 986, 0.438010, 0.014047,
 987, 0.437740, 0.013697,
 988, 0.438410, 0.014796,
 989, 0.437650, 0.014025,
 990, 0.437700, 0.014194,
 991, 0.437660, 0.014734,
 992, 0.438740, 0.013329,
 993, 0.437490, 0.014511,
 994, 0.438240, 0.013572,
 995, 0.438000, 0.014592,
 996, 0.437910, 0.014746,
 997, 0.438390, 0.013827,
 998, 0.437370, 0.014554,
 999, 0.437900, 0.013855,
 1000, 0.438070, 0.014487,
 1001, 0.437980, 0.014775,
 1002, 0.438170, 0.014057,
 1003, 0.438780, 0.014534,
 1004, 0.438450, 0.013043,
 1005, 0.438150, 0.013959,
 1006, 0.438450, 0.014017,
 1007, 0.438390, 0.013008,
 1008, 0.437900, 0.014356,
 1009, 0.438500, 0.013609,
 1010, 0.437340, 0.014029,
 1011, 0.437780, 0.014120,
 1012, 0.438260, 0.013408,
 1013, 0.437920, 0.014136,
 1014, 0.437980, 0.013315,
 1015, 0.438200, 0.013855,
 1016, 0.437680, 0.014027,
 1017, 0.438510, 0.014061,
 1018, 0.438170, 0.014001,
 1019, 0.437660, 0.013725,
 1020, 0.438450, 0.014238,
 1021, 0.438050, 0.014348,
 1022, 0.438280, 0.013938,
 1023, 0.437630, 0.014111,
 1024, 0.438120, 0.013772,
 1025, 0.439290, 0.014339,
 1026, 0.437910, 0.014270,
 1027, 0.438610, 0.013166,
 1028, 0.437830, 0.014372,
 1029, 0.438260, 0.013601,
 1030, 0.438180, 0.014485,
 1031, 0.437620, 0.014824,
 1032, 0.437870, 0.013531,
 1033, 0.438110, 0.014631,
 1034, 0.438650, 0.014094,
 1035, 0.438640, 0.013709,
 1036, 0.438150, 0.014032,
 1037, 0.438000, 0.013774,
 1038, 0.438010, 0.014037,
 1039, 0.438290, 0.014029,
 1040, 0.438480, 0.013349,
 1041, 0.437670, 0.014372,
 1042, 0.437940, 0.013948,
 1043, 0.438650, 0.014632,
 1044, 0.437940, 0.013959,
 1045, 0.437870, 0.013845,
 1046, 0.438010, 0.014726,
 1047, 0.438260, 0.013399,
 1048, 0.437880, 0.014586,
 1049, 0.437720, 0.014161,
 1050, 0.438440, 0.013085,
 1051, 0.437490, 0.014447,
 1052, 0.437860, 0.013646,
 1053, 0.438440, 0.014597,
 1054, 0.437720, 0.014146,
 1055, 0.437990, 0.013545,
 1056, 0.438370, 0.014174,
 1057, 0.438230, 0.013741,
 1058, 0.438030, 0.014733,
 1059, 0.438380, 0.014309,
 1060, 0.438090, 0.013802,
 1061, 0.438050, 0.014094,
 1062, 0.438050, 0.014171,
 1063, 0.438180, 0.014354,
 1064, 0.438150, 0.014586,
 1065, 0.438170, 0.013665,
 1066, 0.438390, 0.014383,
 1067, 0.437520, 0.013750,
 1068, 0.437990, 0.014577,
 1069, 0.437610, 0.014589,
 1070, 0.438310, 0.013299,
 1071, 0.438250, 0.014241,
 1072, 0.437860, 0.014281,
 1073, 0.437520, 0.014035,
 1074, 0.438140, 0.014707,
 1075, 0.438110, 0.012921,
 1076, 0.437890, 0.014051,
 1077, 0.437560, 0.014142,
 1078, 0.438460, 0.014041,
 1079, 0.438150, 0.014188,
 1080, 0.437410, 0.013351,
 1081, 0.437970, 0.014653,
 1082, 0.437320, 0.013434,
 1083, 0.438350, 0.014043,
 1084, 0.438090, 0.014536,
 1085, 0.437790, 0.013145,
 1086, 0.438110, 0.014131,
 1087, 0.438250, 0.013701,
 1088, 0.438040, 0.014693,
 1089, 0.438150, 0.014714,
 1090, 0.438500, 0.013367,
 1091, 0.437700, 0.014126,
 1092, 0.437500, 0.013509,
 1093, 0.438400, 0.013892,
 1094, 0.438110, 0.014901,
 1095, 0.437720, 0.013846,
 1096, 0.438580, 0.014596,
 1097, 0.437520, 0.014063,
 1098, 0.438000, 0.013598,
 1099, 0.438780, 0.014710,
 1100, 0.438150, 0.013086,
 1101, 0.438510, 0.014340,
 1102, 0.437330, 0.013751,
 1103, 0.437990, 0.014645,
 1104, 0.437440, 0.014529,
 1105, 0.437910, 0.013537,
 1106, 0.437590, 0.014655,
 1107, 0.437640, 0.013680,
 1108, 0.437850, 0.013932,
 1109, 0.438220, 0.014620,
 1110, 0.437950, 0.013623,
 1111, 0.438010, 0.014320,
 1112, 0.438190, 0.013690,
 1113, 0.438530, 0.014026,
 1114, 0.438190, 0.014604,
 1115, 0.437880, 0.013681,
 1116, 0.437720, 0.014652,
 1117, 0.438540, 0.013816,
 1118, 0.438040, 0.014145,
 1119, 0.438830, 0.014634,
 1120, 0.437980, 0.013650,
 1121, 0.438590, 0.014651,
 1122, 0.438060, 0.014041,
 1123, 0.438400, 0.014246,
 1124, 0.437990, 0.014444,
 1125, 0.438220, 0.013544,
 1126, 0.438940, 0.013833,
 1127, 0.437600, 0.014246,
 1128, 0.438200, 0.014235,
 1129, 0.438040, 0.014450,
 1130, 0.438120, 0.013367,
 1131, 0.438670, 0.014187,
 1132, 0.437840, 0.013777,
 1133, 0.438830, 0.014021,
 1134, 0.437860, 0.014459,
 1135, 0.438020, 0.013321,
 1136, 0.437970, 0.014311,
 1137, 0.437510, 0.014042,
 1138, 0.438110, 0.014612,
 1139, 0.437990, 0.014354,
 1140, 0.437820, 0.013885,
 1141, 0.438790, 0.014743,
 1142, 0.437730, 0.014261,
 1143, 0.437760, 0.014007,
 1144, 0.438190, 0.014623,
 1145, 0.438230, 0.013749,
 1146, 0.438080, 0.015400,
 1147, 0.438170, 0.013443,
 1148, 0.437590, 0.013780,
 1149, 0.438130, 0.014323,
 1150, 0.437930, 0.013973,
 1151, 0.437770, 0.014320,
 1152, 0.437950, 0.014216,
 1153, 0.438060, 0.014421,
 1154, 0.438090, 0.014165,
 1155, 0.437850, 0.013563,
 1156, 0.437940, 0.013822,
 1157, 0.437980, 0.013469,
 1158, 0.438640, 0.014337,
 1159, 0.438340, 0.014596,
 1160, 0.438130, 0.013250,
 1161, 0.438400, 0.014276,
 1162, 0.438710, 0.013488,
 1163, 0.437720, 0.013577,
 1164, 0.437780, 0.014298,
 1165, 0.437700, 0.013314,
 1166, 0.437890, 0.014348,
 1167, 0.438200, 0.013471,
 1168, 0.437850, 0.014142,
 1169, 0.438240, 0.014064,
 1170, 0.438040, 0.013495,
 1171, 0.438510, 0.014739,
 1172, 0.438050, 0.013953,
 1173, 0.436910, 0.014031,
 1174, 0.438250, 0.015096,
 1175, 0.438140, 0.012921,
 1176, 0.438190, 0.014206,
 1177, 0.437710, 0.012939,
 1178, 0.437510, 0.013821,
 1179, 0.437660, 0.013863,
 1180, 0.437780, 0.013580,
 1181, 0.437910, 0.015122,
 1182, 0.437930, 0.013701,
 1183, 0.437140, 0.014324,
 1184, 0.437660, 0.014534,
 1185, 0.438290, 0.013509,
 1186, 0.438040, 0.014401,
 1187, 0.437600, 0.013761,
 1188, 0.438170, 0.013322,
 1189, 0.437810, 0.014987,
 1190, 0.437850, 0.013331,
 1191, 0.437790, 0.014460,
 1192, 0.437750, 0.013443,
 1193, 0.437660, 0.013894,
 1194, 0.438090, 0.014201,
 1195, 0.438470, 0.013554,
 1196, 0.438100, 0.014911,
 1197, 0.437630, 0.013471,
 1198, 0.438230, 0.014278,
 1199, 0.438100, 0.014640,
 1200, 0.437970, 0.013919,
 1201, 0.437750, 0.014462,
 1202, 0.437740, 0.013742,
 1203, 0.438200, 0.014670,
 1204, 0.437850, 0.014190,
 1205, 0.438610, 0.013396,
 1206, 0.438020, 0.013659,
 1207, 0.438090, 0.013894,
 1208, 0.438870, 0.013985,
 1209, 0.438130, 0.013942,
 1210, 0.437710, 0.014264,
 1211, 0.436870, 0.014135,
 1212, 0.437940, 0.013953,
 1213, 0.437420, 0.014125,
 1214, 0.437680, 0.014376,
 1215, 0.438030, 0.013587,
 1216, 0.437390, 0.014067,
 1217, 0.438240, 0.013631,
 1218, 0.438300, 0.014426,
 1219, 0.438190, 0.013842,
 1220, 0.438150, 0.013774,
 1221, 0.437710, 0.014410,
 1222, 0.438220, 0.013656,
 1223, 0.438460, 0.014521,
 1224, 0.437370, 0.014546,
 1225, 0.438280, 0.013889,
 1226, 0.436820, 0.014498,
 1227, 0.437760, 0.013504,
 1228, 0.437860, 0.014213,
 1229, 0.437520, 0.014188,
 1230, 0.438020, 0.013765,
 1231, 0.437630, 0.014476,
 1232, 0.437730, 0.013689,
 1233, 0.437910, 0.014052,
 1234, 0.437550, 0.014727,
 1235, 0.437760, 0.013264,
 1236, 0.438740, 0.014287,
 1237, 0.437250, 0.014123,
 1238, 0.438060, 0.013534,
 1239, 0.437690, 0.014599,
 1240, 0.437670, 0.013617,
 1241, 0.437500, 0.014442,
 1242, 0.437380, 0.014717,
 1243, 0.438100, 0.013089,
 1244, 0.437750, 0.013525,
 1245, 0.438110, 0.013659,
 1246, 0.437700, 0.014322,
 1247, 0.437530, 0.014268,
 1248, 0.437960, 0.013864,
 1249, 0.438130, 0.014112,
 1250, 0.438490, 0.013867,
 1251, 0.438210, 0.013794,
 1252, 0.437570, 0.014669,
 1253, 0.437850, 0.013797,
 1254, 0.438600, 0.014286,
 1255, 0.438030, 0.013324,
 1256, 0.438190, 0.015486,
 1257, 0.437610, 0.014352,
 1258, 0.437590, 0.013437,
 1259, 0.437870, 0.014366,
 1260, 0.437170, 0.013969,
 1261, 0.437480, 0.014617,
 1262, 0.438060, 0.014846,
 1263, 0.438060, 0.013037,
 1264, 0.438300, 0.014155,
 1265, 0.437860, 0.013974,
 1266, 0.437490, 0.015548,
 1267, 0.438640, 0.015946,
 1268, 0.437720, 0.013643,
 1269, 0.437560, 0.014670,
 1270, 0.437240, 0.013893,
 1271, 0.437730, 0.013991,
 1272, 0.438010, 0.014026,
 1273, 0.437490, 0.012954,
 1274, 0.438190, 0.014036,
 1275, 0.437340, 0.013941,
 1276, 0.438050, 0.013992,
 1277, 0.438450, 0.014903,
 1278, 0.437620, 0.013658,
 1279, 0.437660, 0.014420,
 1280, 0.437500, 0.014077,
 1281, 0.438150, 0.014324,
 1282, 0.438480, 0.014975,
 1283, 0.437530, 0.013446,
 1284, 0.438020, 0.014193,
 1285, 0.437720, 0.014137,
 1286, 0.437840, 0.014533,
 1287, 0.437960, 0.014527,
 1288, 0.437680, 0.013393,
 1289, 0.438100, 0.015040,
 1290, 0.437670, 0.014275,
 1291, 0.437710, 0.014632,
 1292, 0.438110, 0.013990,
 1293, 0.437020, 0.013460,
 1294, 0.437900, 0.014397,
 1295, 0.437060, 0.013941,
 1296, 0.438440, 0.014635,
 1297, 0.437690, 0.014650,
 1298, 0.437760, 0.013366,
 1299, 0.438100, 0.014257,
 1300, 0.437840, 0.014023,
 1301, 0.438110, 0.014232,
 1302, 0.437780, 0.014332,
 1303, 0.437820, 0.013232,
 1304, 0.438180, 0.014455,
 1305, 0.438090, 0.013658,
 1306, 0.437780, 0.014245,
 1307, 0.437800, 0.014088,
 1308, 0.438310, 0.013507,
 1309, 0.438200, 0.014341,
 1310, 0.437600, 0.014115,
 1311, 0.437830, 0.013841,
 1312, 0.437730, 0.014191,
 1313, 0.438360, 0.013980,
 1314, 0.438340, 0.014415,
 1315, 0.438060, 0.013595,
 1316, 0.437600, 0.014036,
 1317, 0.437480, 0.014209,
 1318, 0.438110, 0.013316,
 1319, 0.437780, 0.014393,
 1320, 0.437650, 0.013452,
 1321, 0.438130, 0.014261,
 1322, 0.438050, 0.014120,
 1323, 0.438060, 0.013004,
 1324, 0.438190, 0.014086,
 1325, 0.438050, 0.013860,
 1326, 0.437690, 0.014149,
 1327, 0.437760, 0.014017,
 1328, 0.437790, 0.013995,
 1329, 0.437880, 0.014362,
 1330, 0.437240, 0.013743,
 1331, 0.437880, 0.014336,
 1332, 0.438030, 0.014079,
 1333, 0.437400, 0.013406,
 1334, 0.438010, 0.014329,
 1335, 0.438290, 0.013810,
 1336, 0.437610, 0.014367,
 1337, 0.437410, 0.014183,
 1338, 0.438580, 0.013230,
 1339, 0.437870, 0.014620,
 1340, 0.438070, 0.013708,
 1341, 0.437900, 0.014213,
 1342, 0.437610, 0.014081,
 1343, 0.437390, 0.013375,
 1344, 0.437650, 0.014804,
 1345, 0.437610, 0.013659,
 1346, 0.438020, 0.014187,
 1347, 0.437550, 0.014696,
 1348, 0.437230, 0.013332,
 1349, 0.438030, 0.014377,
 1350, 0.437560, 0.013253,
 1351, 0.437930, 0.014333,
 1352, 0.437430, 0.014456,
 1353, 0.437770, 0.013454,
 1354, 0.437760, 0.014839,
 1355, 0.438610, 0.013324,
 1356, 0.437720, 0.014092,
 1357, 0.437730, 0.014565,
 1358, 0.438280, 0.013440,
 1359, 0.437840, 0.014628,
 1360, 0.437900, 0.014212,
 1361, 0.437490, 0.013929,
 1362, 0.437650, 0.014412,
 1363, 0.438020, 0.013460,
 1364, 0.437970, 0.013932,
 1365, 0.437660, 0.013405,
 1366, 0.437150, 0.014381,
 1367, 0.438010, 0.013822,
 1368, 0.438050, 0.013209,
 1369, 0.437590, 0.014275,
 1370, 0.437520, 0.013661,
 1371, 0.437300, 0.014174,
 1372, 0.438010, 0.014600,
 1373, 0.437580, 0.013418,
 1374, 0.437480, 0.013851,
 1375, 0.437510, 0.014569,
 1376, 0.438020, 0.013513,
 1377, 0.438000, 0.014312,
 1378, 0.437530, 0.013026,
 1379, 0.437550, 0.014145,
 1380, 0.437630, 0.013891,
 1381, 0.437700, 0.014459,
 1382, 0.438220, 0.015162,
 1383, 0.437920, 0.013306,
 1384, 0.437430, 0.013974,
 1385, 0.437860, 0.014005,
 1386, 0.438240, 0.015339,
 1387, 0.438250, 0.014315,
 1388, 0.438540, 0.013549,
 1389, 0.437710, 0.014230,
 1390, 0.437710, 0.013708,
 1391, 0.438400, 0.014485,
 1392, 0.437100, 0.014505,
 1393, 0.437820, 0.012934,
 1394, 0.437780, 0.014458,
 1395, 0.437690, 0.013716,
 1396, 0.438320, 0.014678,
 1397, 0.437460, 0.014027,
 1398, 0.437880, 0.013724,
 1399, 0.437730, 0.014533,
 1400, 0.437920, 0.013803,
 1401, 0.437400, 0.014063,
 1402, 0.437790, 0.014661,
 1403, 0.438130, 0.014380,
 1404, 0.437340, 0.014462,
 1405, 0.437600, 0.013600,
 1406, 0.438020, 0.014395,
 1407, 0.437440, 0.014656,
 1408, 0.437440, 0.013623,
 1409, 0.437920, 0.014142,
 1410, 0.438300, 0.013692,
 1411, 0.437380, 0.014755,
 1412, 0.437310, 0.014402,
 1413, 0.437850, 0.013750,
 1414, 0.437850, 0.014422,
 1415, 0.437550, 0.013658,
 1416, 0.437680, 0.014707,
 1417, 0.437160, 0.014208,
 1418, 0.437490, 0.013569,
 1419, 0.437140, 0.014201,
 1420, 0.437750, 0.013312,
 1421, 0.437990, 0.014138,
 1422, 0.437430, 0.014456,
 1423, 0.438050, 0.013645,
 1424, 0.437780, 0.013955,
 1425, 0.437800, 0.014670,
 1426, 0.437880, 0.012982,
 1427, 0.437490, 0.014585,
 1428, 0.437830, 0.013419,
 1429, 0.437700, 0.013592,
 1430, 0.437630, 0.014449,
 1431, 0.438410, 0.013627,
 1432, 0.438050, 0.014453,
 1433, 0.437930, 0.013267,
 1434, 0.437900, 0.014133,
 1435, 0.437590, 0.014330,
 1436, 0.438240, 0.013381,
 1437, 0.438130, 0.013985,
 1438, 0.438080, 0.013299,
 1439, 0.438200, 0.014926,
 1440, 0.437320, 0.014490,
 1441, 0.437930, 0.013515,
 1442, 0.437790, 0.014007,
 1443, 0.437820, 0.013622,
 1444, 0.438420, 0.014100,
 1445, 0.438070, 0.013985,
 1446, 0.438160, 0.013466,
 1447, 0.437830, 0.014588,
 1448, 0.437890, 0.013211,
 1449, 0.437990, 0.014056,
 1450, 0.438060, 0.014074,
 1451, 0.437800, 0.013443,
 1452, 0.437740, 0.014271,
 1453, 0.437370, 0.013427,
 1454, 0.437620, 0.014972,
 1455, 0.438230, 0.014514,
 1456, 0.437950, 0.012969,
 1457, 0.438180, 0.014317,
 1458, 0.437950, 0.013856,
 1459, 0.436950, 0.014132,
 1460, 0.438960, 0.014378,
 1461, 0.437690, 0.013241,
 1462, 0.438530, 0.013964,
 1463, 0.438180, 0.013878,
 1464, 0.437720, 0.013941,
 1465, 0.437130, 0.014694,
 1466, 0.437450, 0.013124,
 1467, 0.437990, 0.013934,
 1468, 0.437300, 0.014133,
 1469, 0.438230, 0.013943,
 1470, 0.438540, 0.014602,
 1471, 0.437900, 0.013562,
 1472, 0.438580, 0.014941,
 1473, 0.438150, 0.015596,
 1474, 0.438960, 0.015424,
 1475, 0.438840, 0.017138,
 1476, 0.438660, 0.015938,
 1477, 0.438690, 0.017589,
 1478, 0.438590, 0.016214,
 1479, 0.438830, 0.016395,
 1480, 0.438190, 0.016132,
 1481, 0.438210, 0.014204,
 1482, 0.438800, 0.015321,
 1483, 0.438470, 0.014868,
 1484, 0.438120, 0.014868,
 1485, 0.438540, 0.015151,
 1486, 0.438380, 0.014663,
 1487, 0.439070, 0.014931,
 1488, 0.437660, 0.014900,
 1489, 0.438100, 0.014523,
 1490, 0.438360, 0.016384,
 1491, 0.438540, 0.013793,
 1492, 0.438320, 0.015350,
 1493, 0.437830, 0.014595,
 1494, 0.438200, 0.014850,
 1495, 0.437830, 0.015019,
 1496, 0.438330, 0.014085,
 1497, 0.438900, 0.014936,
 1498, 0.437930, 0.014808,
 1499, 0.437630, 0.014393,
 1500, 0.438280, 0.014785,
 1501, 0.438230, 0.013858,
 1502, 0.438050, 0.014787,
 1503, 0.437790, 0.014055,
 1504, 0.438280, 0.014401,
 1505, 0.438330, 0.014555,
 1506, 0.438100, 0.014199,
 1507, 0.437740, 0.014783,
 1508, 0.437610, 0.013839,
 1509, 0.438170, 0.014598,
 1510, 0.438060, 0.014665,
 1511, 0.438160, 0.013847,
 1512, 0.438340, 0.014663,
 1513, 0.437920, 0.014266,
 1514, 0.438320, 0.014099,
 1515, 0.437570, 0.014812,
 1516, 0.438130, 0.013944,
 1517, 0.437810, 0.014339,
 1518, 0.438240, 0.014460,
 1519, 0.437480, 0.013992,
 1520, 0.437790, 0.014672,
 1521, 0.437490, 0.013507,
 1522, 0.437800, 0.014092,
 1523, 0.438090, 0.013917,
 1524, 0.437710, 0.014525,
 1525, 0.437420, 0.014576,
 1526, 0.437640, 0.013426,
 1527, 0.437610, 0.014319,
 1528, 0.437720, 0.013764,
 1529, 0.438000, 0.013597,
 1530, 0.437700, 0.014560,
 1531, 0.437800, 0.013804,
 1532, 0.438530, 0.014389,
 1533, 0.437200, 0.014298,
 1534, 0.437630, 0.014028,
 1535, 0.437960, 0.014891,
 1536, 0.437670, 0.013482,
 1537, 0.437800, 0.014647,
 1538, 0.437990, 0.014228,
 1539, 0.437470, 0.014311,
 1540, 0.438180, 0.014538,
 1541, 0.437850, 0.014163,
 1542, 0.437490, 0.014324,
 1543, 0.437840, 0.013450,
 1544, 0.437460, 0.014322,
 1545, 0.438140, 0.014228,
 1546, 0.437600, 0.013767,
 1547, 0.437180, 0.014577,
 1548, 0.437780, 0.013470,
 1549, 0.437830, 0.014302,
 1550, 0.438380, 0.014435,
 1551, 0.438120, 0.013549,
 1552, 0.437650, 0.014649,
 1553, 0.437340, 0.013343,
 1554, 0.437620, 0.014644,
 1555, 0.437810, 0.014187,
 1556, 0.437520, 0.012985,
 1557, 0.437910, 0.014153,
 1558, 0.437610, 0.013664,
 1559, 0.437160, 0.014196,
 1560, 0.438340, 0.014544,
 1561, 0.437460, 0.013810,
 1562, 0.438030, 0.014192,
 1563, 0.437710, 0.013477,
 1564, 0.438090, 0.014507,
 1565, 0.437990, 0.014359,
 1566, 0.438060, 0.013281,
 1567, 0.437630, 0.014308,
 1568, 0.437670, 0.014378,
 1569, 0.437730, 0.014373,
 1570, 0.437740, 0.014452,
 1571, 0.437920, 0.013140,
 1572, 0.438280, 0.014218,
 1573, 0.437640, 0.013871,
 1574, 0.437440, 0.014230,
 1575, 0.438170, 0.014610,
 1576, 0.437800, 0.013584,
 1577, 0.437670, 0.014445,
 1578, 0.437810, 0.013464,
 1579, 0.437870, 0.014226,
 1580, 0.437790, 0.014512,
 1581, 0.437600, 0.013153,
 1582, 0.437500, 0.014445,
 1583, 0.437790, 0.014108,
 1584, 0.437520, 0.014109,
 1585, 0.436660, 0.014653,
 1586, 0.438220, 0.013219,
 1587, 0.437920, 0.014313,
 1588, 0.437600, 0.013543,
 1589, 0.437910, 0.014304,
 1590, 0.437440, 0.014204,
 1591, 0.438970, 0.013455,
 1592, 0.437780, 0.014137,
 1593, 0.437960, 0.013572,
 1594, 0.437940, 0.013852,
 1595, 0.437350, 0.014682,
 1596, 0.438060, 0.013710,
 1597, 0.437660, 0.014185,
 1598, 0.437970, 0.013747,
 1599, 0.437970, 0.014297,
 1600, 0.437260, 0.014554,
 1601, 0.437430, 0.013790,
 1602, 0.437940, 0.014568,
 1603, 0.438070, 0.013366,
 1604, 0.437810, 0.014976,
 1605, 0.438030, 0.014285,
 1606, 0.438120, 0.013837,
 1607, 0.437430, 0.014088,
 1608, 0.438230, 0.013764,
 1609, 0.437630, 0.014005,
 1610, 0.438300, 0.014207,
 1611, 0.437780, 0.013852,
 1612, 0.437270, 0.014085,
 1613, 0.437870, 0.014686,
 1614, 0.437770, 0.013087,
 1615, 0.436910, 0.014219,
 1616, 0.437060, 0.013996,
 1617, 0.437390, 0.014088,
 1618, 0.437810, 0.014161,
 1619, 0.437810, 0.013647,
 1620, 0.437430, 0.014754,
 1621, 0.437660, 0.013810,
 1622, 0.437770, 0.014405,
 1623, 0.437650, 0.014545,
 1624, 0.437800, 0.013034,
 1625, 0.437670, 0.014966,
 1626, 0.438280, 0.014049,
 1627, 0.437480, 0.014186,
 1628, 0.437120, 0.014510,
 1629, 0.438260, 0.013196,
 1630, 0.437320, 0.014469,
 1631, 0.438000, 0.013583,
 1632, 0.437450, 0.014291,
 1633, 0.437170, 0.015013,
 1634, 0.437800, 0.013413,
 1635, 0.437730, 0.014557,
 1636, 0.437940, 0.013473,
 1637, 0.437630, 0.014419,
 1638, 0.437230, 0.014963,
 1639, 0.437800, 0.013446,
 1640, 0.437390, 0.014505,
 1641, 0.437580, 0.013532,
 1642, 0.437760, 0.014189,
 1643, 0.437730, 0.014583,
 1644, 0.437660, 0.013196,
 1645, 0.437510, 0.014584,
 1646, 0.437790, 0.013451,
 1647, 0.437630, 0.014593,
 1648, 0.437560, 0.014281,
 1649, 0.437860, 0.013750,
 1650, 0.437820, 0.014265,
 1651, 0.437350, 0.013839,
 1652, 0.438150, 0.013893,
 1653, 0.437450, 0.014664,
 1654, 0.437850, 0.014161,
 1655, 0.437580, 0.014263,
 1656, 0.437320, 0.013430,
 1657, 0.437790, 0.014275,
 1658, 0.438270, 0.014689,
 1659, 0.437360, 0.013437,
 1660, 0.437940, 0.013810,
 1661, 0.437650, 0.014256,
 1662, 0.437850, 0.014770,
 1663, 0.437770, 0.014838,
 1664, 0.438010, 0.013058,
 1665, 0.437990, 0.014236,
 1666, 0.436930, 0.013629,
 1667, 0.438100, 0.014133,
 1668, 0.437910, 0.014560,
 1669, 0.437110, 0.014036,
 1670, 0.437630, 0.014526,
 1671, 0.436910, 0.014166,
 1672, 0.437740, 0.014092,
 1673, 0.437200, 0.014401,
 1674, 0.437620, 0.013706,
 1675, 0.437970, 0.013960,
 1676, 0.437880, 0.014169,
 1677, 0.437930, 0.014810,
 1678, 0.437720, 0.014702,
 1679, 0.437450, 0.014232,
 1680, 0.437730, 0.014412,
 1681, 0.437000, 0.013883,
 1682, 0.437430, 0.014368,
 1683, 0.437810, 0.014506,
 1684, 0.438010, 0.013712,
 1685, 0.438090, 0.014458,
 1686, 0.437080, 0.013726,
 1687, 0.437520, 0.014578,
 1688, 0.437880, 0.014945,
 1689, 0.437230, 0.013619,
 1690, 0.437650, 0.014230,
 1691, 0.437090, 0.013717,
 1692, 0.437780, 0.014106,
 1693, 0.437250, 0.014302,
 1694, 0.437270, 0.013604,
 1695, 0.438140, 0.013903,
 1696, 0.437790, 0.013986,
 1697, 0.438010, 0.014207,
 1698, 0.437490, 0.014326,
 1699, 0.437800, 0.013120,
 1700, 0.437440, 0.014161,
 1701, 0.436670, 0.013815,
 1702, 0.437370, 0.014281,
 1703, 0.437710, 0.014398,
 1704, 0.437710, 0.014123,
 1705, 0.437930, 0.014259,
 1706, 0.437320, 0.013732,
 1707, 0.437840, 0.014109,
 1708, 0.437770, 0.014628,
 1709, 0.437810, 0.013552,
 1710, 0.437300, 0.014356,
 1711, 0.437730, 0.013832,
 1712, 0.438000, 0.014341,
 1713, 0.437430, 0.014571,
 1714, 0.437920, 0.013525,
 1715, 0.437470, 0.013848,
 1716, 0.437190, 0.013932,
 1717, 0.437320, 0.014229,
 1718, 0.437750, 0.014752,
 1719, 0.437710, 0.013755,
 1720, 0.437660, 0.014371,
 1721, 0.437260, 0.014193,
 1722, 0.438000, 0.014568,
 1723, 0.437850, 0.014481,
 1724, 0.437890, 0.013243,
 1725, 0.437990, 0.014113,
 1726, 0.438170, 0.013974,
 1727, 0.437550, 0.014026,
 1728, 0.437960, 0.014277,
 1729, 0.436700, 0.013574,
 1730, 0.437630, 0.013850,
 1731, 0.437430, 0.013852,
 1732, 0.437790, 0.014441,
 1733, 0.437640, 0.014196,
 1734, 0.437670, 0.013437,
 1735, 0.437180, 0.013445,
 1736, 0.437780, 0.013404,
 1737, 0.437640, 0.014074,
 1738, 0.437620, 0.014241,
 1739, 0.437100, 0.013234,
 1740, 0.437780, 0.014595,
 1741, 0.437430, 0.013660,
 1742, 0.437050, 0.014118,
 1743, 0.437860, 0.014303,
 1744, 0.437520, 0.013396,
 1745, 0.437320, 0.014368,
 1746, 0.437900, 0.013433,
 1747, 0.437880, 0.014569,
 1748, 0.437650, 0.014745,
 1749, 0.437720, 0.013700,
 1750, 0.438130, 0.013983,
 1751, 0.437220, 0.013810,
 1752, 0.437730, 0.014529,
 1753, 0.437490, 0.014266,
 1754, 0.437640, 0.013228,
 1755, 0.437590, 0.014540,
 1756, 0.437750, 0.013922,
 1757, 0.437060, 0.014288,
 1758, 0.437630, 0.014478,
 1759, 0.437860, 0.013736,
 1760, 0.437550, 0.014548,
 1761, 0.437630, 0.013907,
 1762, 0.437320, 0.014201,
 1763, 0.437980, 0.013984,
 1764, 0.437570, 0.013283,
 1765, 0.437320, 0.013832,
 1766, 0.437190, 0.013756,
 1767, 0.437310, 0.014415,
 1768, 0.437890, 0.014347,
 1769, 0.437580, 0.013936,
 1770, 0.437520, 0.014386,
 1771, 0.438220, 0.014279,
 1772, 0.437790, 0.013909,
 1773, 0.437290, 0.014296,
 1774, 0.437930, 0.013338,
 1775, 0.437510, 0.014133,
 1776, 0.437880, 0.014317,
 1777, 0.438150, 0.013916,
 1778, 0.437850, 0.014729,
 1779, 0.437140, 0.013618,
 1780, 0.437750, 0.014268,
 1781, 0.437070, 0.013545,
 1782, 0.437690, 0.014767,
 1783, 0.437500, 0.014355,
 1784, 0.437250, 0.013079,
 1785, 0.437090, 0.013713,
 1786, 0.437520, 0.013212,
 1787, 0.437730, 0.014337,
 1788, 0.437050, 0.014681,
 1789, 0.438090, 0.013266,
 1790, 0.437240, 0.014627,
 1791, 0.437660, 0.013635,
 1792, 0.438400, 0.014533,
 1793, 0.437590, 0.014020,
 1794, 0.438100, 0.013984,
 1795, 0.437030, 0.014522,
 1796, 0.437600, 0.014724,
 1797, 0.437200, 0.013476,
 1798, 0.437300, 0.014731,
 1799, 0.437280, 0.013631,
 1800, 0.436760, 0.013824,
 1801, 0.437520, 0.014166,
 1802, 0.437390, 0.013804,
 1803, 0.437400, 0.014612,
 1804, 0.437420, 0.014067,
 1805, 0.437640, 0.014380,
 1806, 0.437600, 0.014295,
 1807, 0.437970, 0.013363,
 1808, 0.437400, 0.013595,
 1809, 0.437080, 0.013494,
 1810, 0.437480, 0.013942,
 1811, 0.437890, 0.014807,
 1812, 0.437800, 0.014061,
 1813, 0.437540, 0.014440,
 1814, 0.437340, 0.013874,
 1815, 0.437970, 0.014180,
 1816, 0.436970, 0.014303,
 1817, 0.437630, 0.013792,
 1818, 0.436450, 0.014399,
 1819, 0.437940, 0.014273,
 1820, 0.437820, 0.013873,
 1821, 0.437350, 0.013952,
 1822, 0.437630, 0.013865,
 1823, 0.437370, 0.013625,
 1824, 0.438270, 0.013708,
 1825, 0.437520, 0.014558,
 1826, 0.437330, 0.014736,
 1827, 0.437940, 0.013488,
 1828, 0.437150, 0.014094,
 1829, 0.437910, 0.013859,
 1830, 0.436960, 0.013671,
 1831, 0.437550, 0.014321,
 1832, 0.437760, 0.013488,
 1833, 0.437530, 0.014602,
 1834, 0.437510, 0.013390,
 1835, 0.437790, 0.014938,
 1836, 0.437620, 0.014040,
 1837, 0.437830, 0.013980,
 1838, 0.437540, 0.014518,
 1839, 0.437070, 0.013878,
 1840, 0.437830, 0.014080,
 1841, 0.436910, 0.014801,
 1842, 0.437770, 0.013174,
 1843, 0.437100, 0.014402,
 1844, 0.437100, 0.013542,
 1845, 0.437460, 0.014078,
 1846, 0.437060, 0.015264,
 1847, 0.437690, 0.014026,
 1848, 0.437610, 0.014413,
 1849, 0.436980, 0.013651,
 1850, 0.437950, 0.014287,
 1851, 0.437400, 0.014323,
 1852, 0.437250, 0.014100,
 1853, 0.437810, 0.014196,
 1854, 0.437000, 0.013544,
 1855, 0.437620, 0.014700,
 1856, 0.437510, 0.014512,
 1857, 0.437270, 0.013273,
 1858, 0.437520, 0.014573,
 1859, 0.437310, 0.013711,
 1860, 0.437930, 0.014454,
 1861, 0.437590, 0.014872,
 1862, 0.437170, 0.014784,
 1863, 0.437690, 0.014330,
 1864, 0.436830, 0.014173,
 1865, 0.437900, 0.014481,
 1866, 0.437670, 0.014262,
 1867, 0.437480, 0.013566,
 1868, 0.438610, 0.014356,
 1869, 0.437610, 0.014322,
 1870, 0.438060, 0.014304,
 1871, 0.436720, 0.014557,
 1872, 0.437790, 0.013879,
 1873, 0.437650, 0.014422,
 1874, 0.437770, 0.013886,
 1875, 0.437720, 0.014232,
 1876, 0.437220, 0.014837,
 1877, 0.437420, 0.013744,
 1878, 0.437540, 0.014815,
 1879, 0.437430, 0.013646,
 1880, 0.438150, 0.013796,
 1881, 0.437670, 0.014333,
 1882, 0.437490, 0.013923,
 1883, 0.437740, 0.014325,
 1884, 0.437380, 0.014185,
 1885, 0.437840, 0.014222,
 1886, 0.437740, 0.014703,
 1887, 0.437840, 0.013881,
 1888, 0.437280, 0.014883,
 1889, 0.437320, 0.013722,
 1890, 0.437020, 0.013849,
 1891, 0.437690, 0.015196,
 1892, 0.437450, 0.013541,
 1893, 0.437540, 0.014333,
 1894, 0.437640, 0.014069,
 1895, 0.437450, 0.013939,
 1896, 0.437200, 0.014246,
 1897, 0.437510, 0.013471,
 1898, 0.437290, 0.014320,
 1899, 0.436750, 0.013227,
 1900, 0.437500, 0.014663,
 1901, 0.437470, 0.014320,
 1902, 0.437580, 0.013396,
 1903, 0.436470, 0.014104,
 1904, 0.436540, 0.013650,
 1905, 0.437430, 0.014101,
 1906, 0.437500, 0.014404,
 1907, 0.437370, 0.014222,
 1908, 0.437760, 0.014246,
 1909, 0.437400, 0.013783,
 1910, 0.437460, 0.013888,
 1911, 0.437220, 0.014770,
 1912, 0.437350, 0.013696,
 1913, 0.437450, 0.013891,
 1914, 0.437330, 0.014099,
 1915, 0.437790, 0.014442,
 1916, 0.437810, 0.014475,
 1917, 0.436820, 0.014103,
 1918, 0.437600, 0.014857,
 1919, 0.437000, 0.013938,
 1920, 0.437080, 0.014344,
 1921, 0.437470, 0.014357,
 1922, 0.436710, 0.013862,
 1923, 0.437210, 0.014022,
 1924, 0.437270, 0.014468,
 1925, 0.437900, 0.014393,
 1926, 0.437650, 0.014507,
 1927, 0.437500, 0.013566,
 1928, 0.437980, 0.014527,
 1929, 0.437280, 0.013267,
 1930, 0.437820, 0.013817,
 1931, 0.437490, 0.014327,
 1932, 0.437390, 0.013413,
 1933, 0.436990, 0.014198,
 1934, 0.437970, 0.014351,
 1935, 0.437040, 0.013989,
 1936, 0.437300, 0.014728,
 1937, 0.437110, 0.013590,
 1938, 0.437610, 0.014100,
 1939, 0.437230, 0.013888,
 1940, 0.436980, 0.014196,
 1941, 0.437120, 0.014884,
 1942, 0.437720, 0.013596,
 1943, 0.437950, 0.013959,
 1944, 0.436620, 0.014038,
 1945, 0.436790, 0.014478,
 1946, 0.437140, 0.014096,
 1947, 0.436710, 0.013472,
 1948, 0.437820, 0.014853,
 1949, 0.436950, 0.013487,
 1950, 0.437130, 0.014097,
 1951, 0.437300, 0.013756,
 1952, 0.437840, 0.013968,
 1953, 0.437450, 0.013957,
 1954, 0.436540, 0.013893,
 1955, 0.436930, 0.014673,
 1956, 0.436690, 0.014451,
 1957, 0.437570, 0.013567,
 1958, 0.437340, 0.014607,
 1959, 0.437520, 0.013478,
 1960, 0.437150, 0.014294,
 1961, 0.436720, 0.014385,
 1962, 0.437730, 0.014161,
 1963, 0.437260, 0.014305,
 1964, 0.437840, 0.013905,
 1965, 0.437140, 0.014730,
 1966, 0.436860, 0.014130,
 1967, 0.437390, 0.013886,
 1968, 0.437050, 0.014139,
 1969, 0.437000, 0.013785,
 1970, 0.436940, 0.014879,
 1971, 0.437300, 0.014235,
 1972, 0.437300, 0.013818,
 1973, 0.437530, 0.014231,
 1974, 0.437480, 0.013146,
 1975, 0.436900, 0.014477,
 1976, 0.436870, 0.014004,
 1977, 0.437170, 0.013679,
 1978, 0.436690, 0.013595,
 1979, 0.436810, 0.013434,
 1980, 0.437150, 0.014726,
 1981, 0.436660, 0.014171,
 1982, 0.437710, 0.013399,
 1983, 0.436930, 0.014768,
 1984, 0.437160, 0.014888,
 1985, 0.437390, 0.013453,
 1986, 0.436980, 0.014247,
 1987, 0.437450, 0.013270,
 1988, 0.436970, 0.014532,
 1989, 0.437620, 0.014618,
 1990, 0.437150, 0.013184,
 1991, 0.437160, 0.014871,
 1992, 0.437660, 0.013599,
 1993, 0.436810, 0.014262,
 1994, 0.437360, 0.013967,
 1995, 0.437730, 0.013108,
 1996, 0.436580, 0.014063,
 1997, 0.437720, 0.013834,
 1998, 0.436840, 0.014550,
 1999, 0.437720, 0.014521,
 2000, 0.437350, 0.013099,
 2001, 0.437380, 0.014227,
