Container_size, 1048576,key_space, 4626
request bin, mean_latency, sd
0, 2.166710, 0.247221
1, 0.320110, 0.005550
2, 0.316750, 0.005419
3, 0.315710, 0.005925
4, 0.314760, 0.005804
5, 0.314480, 0.005456
6, 0.314080, 0.005317
7, 0.313050, 0.005754
8, 0.305990, 0.007437
9, 0.299260, 0.006878
10, 0.298000, 0.005880
11, 0.297900, 0.006292
12, 0.297710, 0.005918
13, 0.297920, 0.005513
14, 0.297810, 0.006227
15, 0.297500, 0.005467
16, 0.297700, 0.005823
17, 0.297840, 0.005418
18, 0.297550, 0.005735
19, 0.297540, 0.005893
20, 0.297050, 0.005414
21, 0.297600, 0.006790
22, 0.297290, 0.005708
23, 0.297280, 0.005629
24, 0.297270, 0.006083
25, 0.297150, 0.005728
26, 0.297480, 0.005742
27, 0.297530, 0.005842
28, 0.297230, 0.005690
29, 0.297390, 0.006045
30, 0.297320, 0.005455
31, 0.297030, 0.005982
32, 0.297120, 0.005507
33, 0.297580, 0.005948
34, 0.297480, 0.006217
35, 0.297280, 0.005275
36, 0.297390, 0.005873
37, 0.297150, 0.005474
38, 0.297200, 0.005809
39, 0.297260, 0.006038
40, 0.297590, 0.005931
41, 0.297480, 0.005897
42, 0.297150, 0.005670
43, 0.297340, 0.005932
44, 0.297560, 0.006173
45, 0.296920, 0.005357
46, 0.297400, 0.006007
47, 0.296840, 0.005594
48, 0.296980, 0.005791
49, 0.297330, 0.006158
50, 0.297100, 0.005726
51, 0.297030, 0.005726
52, 0.297320, 0.005585
53, 0.297300, 0.005601
54, 0.297300, 0.006002
55, 0.296980, 0.005625
56, 0.297320, 0.005887
57, 0.297240, 0.005454
58, 0.297120, 0.005987
59, 0.296940, 0.005988
60, 0.297170, 0.005496
61, 0.296700, 0.005780
62, 0.297130, 0.005431
63, 0.297220, 0.005563
64, 0.297100, 0.005885
65, 0.297650, 0.005597
66, 0.297870, 0.005784
67, 0.297500, 0.005754
68, 0.297460, 0.005969
69, 0.297220, 0.005895
70, 0.297440, 0.005636
71, 0.297230, 0.005996
72, 0.297140, 0.005422
73, 0.297050, 0.005714
74, 0.296970, 0.005949
75, 0.296960, 0.005411
76, 0.297300, 0.005778
77, 0.297160, 0.005491
78, 0.296930, 0.005814
79, 0.297100, 0.005820
80, 0.297260, 0.005714
81, 0.297280, 0.005899
82, 0.297030, 0.005809
83, 0.297300, 0.005957
84, 0.297050, 0.005832
85, 0.296790, 0.005362
86, 0.297160, 0.005846
87, 0.296880, 0.005631
88, 0.296970, 0.005792
89, 0.297280, 0.005840
90, 0.296650, 0.005649
91, 0.297000, 0.005760
92, 0.296910, 0.005566
93, 0.297290, 0.005778
94, 0.297410, 0.005904
95, 0.297120, 0.005568
96, 0.297230, 0.005625
97, 0.296960, 0.005490
98, 0.297200, 0.005841
99, 0.297140, 0.006086
100, 0.296970, 0.005419
101, 0.296840, 0.005763
102, 0.296590, 0.005699
103, 0.297290, 0.005641
104, 0.296830, 0.005781
105, 0.296860, 0.005579
106, 0.297050, 0.005745
107, 0.297030, 0.006062
108, 0.297150, 0.005790
109, 0.296830, 0.005920
110, 0.297090, 0.005452
111, 0.297030, 0.005777
112, 0.296750, 0.005583
113, 0.296920, 0.005734
114, 0.297040, 0.005751
115, 0.296850, 0.005570
116, 0.296800, 0.005798
117, 0.296760, 0.005528
118, 0.296960, 0.005845
119, 0.297030, 0.005984
120, 0.297120, 0.005707
121, 0.297150, 0.005714
122, 0.296990, 0.005438
123, 0.297100, 0.005900
124, 0.296960, 0.005909
125, 0.296900, 0.005462
126, 0.297020, 0.005745
127, 0.296700, 0.005613
128, 0.296830, 0.005850
129, 0.297550, 0.005900
130, 0.297550, 0.005460
131, 0.297300, 0.005930
132, 0.296940, 0.005657
133, 0.297310, 0.005787
134, 0.297190, 0.005851
135, 0.296980, 0.005614
136, 0.297190, 0.005583
137, 0.297370, 0.005569
138, 0.296990, 0.005765
139, 0.297080, 0.005917
140, 0.297090, 0.005577
141, 0.296780, 0.005876
142, 0.296850, 0.005649
143, 0.297100, 0.005818
144, 0.296930, 0.005656
145, 0.296890, 0.005577
146, 0.296810, 0.005580
147, 0.296950, 0.005684
148, 0.297250, 0.005832
149, 0.297020, 0.005802
150, 0.297190, 0.005560
151, 0.296960, 0.005603
152, 0.296920, 0.005777
153, 0.296770, 0.005906
154, 0.296900, 0.005742
155, 0.296940, 0.005781
156, 0.296930, 0.005773
157, 0.296980, 0.005685
158, 0.296890, 0.005879
159, 0.296880, 0.005811
160, 0.296980, 0.005655
161, 0.297200, 0.005671
162, 0.297110, 0.005497
163, 0.296920, 0.005818
164, 0.297240, 0.005960
165, 0.297130, 0.005555
166, 0.296920, 0.005746
167, 0.296940, 0.005479
168, 0.296940, 0.005976
169, 0.296850, 0.005710
170, 0.296940, 0.005665
171, 0.296850, 0.005649
172, 0.296710, 0.005480
173, 0.297020, 0.005795
174, 0.297150, 0.006064
175, 0.297100, 0.005574
176, 0.297070, 0.005686
177, 0.296770, 0.005530
178, 0.297150, 0.005844
179, 0.297180, 0.006075
180, 0.296930, 0.005631
181, 0.296970, 0.005804
182, 0.296650, 0.005634
183, 0.296930, 0.005722
184, 0.297100, 0.005908
185, 0.296720, 0.005701
186, 0.296870, 0.005734
187, 0.297260, 0.005637
188, 0.297310, 0.006583
189, 0.297200, 0.006585
190, 0.296890, 0.005566
191, 0.297170, 0.005788
192, 0.297090, 0.005930
193, 0.297040, 0.005783
194, 0.296960, 0.005868
195, 0.296690, 0.005517
196, 0.296740, 0.005681
197, 0.297030, 0.005536
198, 0.296960, 0.005810
199, 0.296890, 0.005873
200, 0.296980, 0.005618
201, 0.297480, 0.006782
202, 0.297150, 0.005726
203, 0.297150, 0.005731
204, 0.297250, 0.006116
205, 0.297020, 0.005764
206, 0.296940, 0.005557
207, 0.296850, 0.005929
208, 0.296740, 0.005401
209, 0.296870, 0.005739
210, 0.296820, 0.005534
211, 0.297060, 0.005429
212, 0.297020, 0.005936
213, 0.296970, 0.005465
214, 0.296990, 0.005724
215, 0.297070, 0.005666
216, 0.297050, 0.005768
217, 0.297060, 0.006089
218, 0.297140, 0.005426
219, 0.297080, 0.005953
220, 0.296830, 0.005629
221, 0.297030, 0.005787
222, 0.296900, 0.005883
223, 0.297000, 0.005325
224, 0.297110, 0.005890
225, 0.296850, 0.005516
226, 0.296860, 0.005618
227, 0.297210, 0.006083
228, 0.296970, 0.005454
229, 0.297150, 0.005991
230, 0.297020, 0.005725
231, 0.297150, 0.005835
232, 0.297050, 0.006100
233, 0.296870, 0.005477
234, 0.296860, 0.005697
235, 0.296820, 0.005624
236, 0.296760, 0.005783
237, 0.296870, 0.006126
238, 0.296900, 0.005462
239, 0.296940, 0.005685
240, 0.296920, 0.005412
241, 0.296960, 0.005819
242, 0.297220, 0.006095
243, 0.297030, 0.005569
244, 0.297000, 0.005678
245, 0.297060, 0.005499
246, 0.297100, 0.005718
247, 0.296650, 0.005908
248, 0.296780, 0.005560
249, 0.296910, 0.005632
250, 0.296670, 0.005465
251, 0.296980, 0.005600
252, 0.296900, 0.005947
253, 0.296750, 0.005680
254, 0.297170, 0.005588
255, 0.297180, 0.005658
256, 0.297100, 0.005635
257, 0.297980, 0.006051
258, 0.297680, 0.005403
259, 0.297540, 0.005878
260, 0.297220, 0.005599
261, 0.297240, 0.005764
262, 0.297100, 0.005846
263, 0.296840, 0.005601
264, 0.297000, 0.005814
265, 0.297170, 0.005918
266, 0.296960, 0.005623
267, 0.297070, 0.005898
268, 0.297080, 0.005623
269, 0.297180, 0.005749
270, 0.297010, 0.005460
271, 0.297180, 0.005594
272, 0.297100, 0.006102
273, 0.296780, 0.005283
274, 0.296970, 0.005806
275, 0.296860, 0.005477
276, 0.296630, 0.005718
277, 0.297080, 0.006148
278, 0.296920, 0.005522
279, 0.297000, 0.005655
280, 0.296890, 0.005521
281, 0.297050, 0.005689
282, 0.297000, 0.005983
283, 0.296990, 0.005590
284, 0.297120, 0.005584
285, 0.297160, 0.005412
286, 0.297150, 0.005828
287, 0.296750, 0.005861
288, 0.296750, 0.005563
289, 0.296790, 0.005799
290, 0.296800, 0.005746
291, 0.296980, 0.005923
292, 0.296850, 0.005797
293, 0.296810, 0.005700
294, 0.296840, 0.005711
295, 0.297020, 0.005612
296, 0.297170, 0.005666
297, 0.297210, 0.006044
298, 0.296950, 0.005577
299, 0.297030, 0.005738
300, 0.297020, 0.005609
301, 0.296970, 0.005833
302, 0.297100, 0.005898
303, 0.296780, 0.005556
304, 0.296900, 0.005681
305, 0.297010, 0.005782
306, 0.296920, 0.005989
307, 0.296780, 0.005668
308, 0.297140, 0.005591
309, 0.297070, 0.005593
310, 0.297050, 0.005735
311, 0.297060, 0.005848
312, 0.296950, 0.006024
313, 0.297100, 0.005406
314, 0.296840, 0.005837
315, 0.297010, 0.005654
316, 0.296910, 0.005821
317, 0.296740, 0.005746
318, 0.297040, 0.005440
319, 0.296810, 0.005585
320, 0.296780, 0.005681
321, 0.296890, 0.005803
322, 0.297090, 0.005845
323, 0.297110, 0.005609
324, 0.296830, 0.005729
325, 0.296980, 0.005632
326, 0.296920, 0.006058
327, 0.297050, 0.005996
328, 0.296820, 0.005476
329, 0.296890, 0.005769
330, 0.296630, 0.005478
331, 0.296790, 0.005682
332, 0.297030, 0.005733
333, 0.296920, 0.005756
334, 0.297030, 0.005672
335, 0.296930, 0.005693
336, 0.297160, 0.005806
337, 0.296980, 0.005795
338, 0.297090, 0.005785
339, 0.297110, 0.005829
340, 0.296940, 0.005621
341, 0.297070, 0.005995
342, 0.296910, 0.005781
343, 0.296770, 0.005506
344, 0.296840, 0.005626
345, 0.297070, 0.005691
346, 0.296800, 0.005822
347, 0.296940, 0.005801
348, 0.296780, 0.005749
349, 0.296980, 0.005753
350, 0.297000, 0.005514
351, 0.297060, 0.005980
352, 0.297110, 0.005815
353, 0.296820, 0.005478
354, 0.297000, 0.005718
355, 0.296740, 0.005542
356, 0.296810, 0.005810
357, 0.296580, 0.005790
358, 0.296930, 0.005530
359, 0.297000, 0.005512
360, 0.296840, 0.005438
361, 0.297110, 0.005931
362, 0.296920, 0.005924
363, 0.297060, 0.005817
364, 0.297100, 0.005667
365, 0.297020, 0.005637
366, 0.297100, 0.005989
367, 0.297010, 0.005905
368, 0.296800, 0.005641
369, 0.296940, 0.005782
370, 0.296750, 0.005408
371, 0.296680, 0.005831
372, 0.297130, 0.006033
373, 0.296880, 0.005694
374, 0.297030, 0.005522
375, 0.296980, 0.005802
376, 0.297280, 0.006023
377, 0.297350, 0.005859
378, 0.296950, 0.005726
379, 0.297020, 0.005674
380, 0.296990, 0.005636
381, 0.296970, 0.005738
382, 0.296870, 0.005846
383, 0.296900, 0.005454
384, 0.296970, 0.005638
385, 0.296580, 0.005741
386, 0.296980, 0.005831
387, 0.297010, 0.005892
388, 0.296980, 0.005671
389, 0.297070, 0.005677
390, 0.297040, 0.005669
391, 0.297250, 0.006040
392, 0.296880, 0.005800
393, 0.296970, 0.005543
394, 0.297130, 0.005628
395, 0.296890, 0.005479
396, 0.296950, 0.005770
397, 0.296650, 0.005689
398, 0.296750, 0.005594
399, 0.296950, 0.005752
400, 0.296830, 0.005512
401, 0.296960, 0.005877
402, 0.296840, 0.005998
403, 0.297100, 0.005704
404, 0.297060, 0.005584
405, 0.296930, 0.005620
406, 0.297140, 0.005824
407, 0.297090, 0.005901
408, 0.296910, 0.005534
409, 0.296760, 0.005752
410, 0.296710, 0.005443
411, 0.296860, 0.005925
412, 0.296970, 0.006126
413, 0.296920, 0.005707
414, 0.296850, 0.005581
415, 0.296880, 0.006050
416, 0.297010, 0.005405
417, 0.297110, 0.005953
418, 0.297100, 0.005654
419, 0.296920, 0.005628
420, 0.297150, 0.006052
421, 0.297000, 0.005322
422, 0.296800, 0.005809
423, 0.296870, 0.005660
424, 0.296800, 0.005901
425, 0.297040, 0.006073
426, 0.296940, 0.005383
427, 0.296850, 0.005668
428, 0.296720, 0.005662
429, 0.297090, 0.005669
430, 0.297210, 0.006045
431, 0.297070, 0.005496
432, 0.297150, 0.006014
433, 0.296920, 0.005444
434, 0.297020, 0.005667
435, 0.296970, 0.005840
436, 0.296840, 0.005585
437, 0.296820, 0.005742
438, 0.296670, 0.005669
439, 0.296890, 0.005616
440, 0.296930, 0.005985
441, 0.296810, 0.005791
442, 0.296990, 0.005804
443, 0.296910, 0.005662
444, 0.297200, 0.005715
445, 0.297170, 0.006109
446, 0.296970, 0.005434
447, 0.297010, 0.005719
448, 0.296970, 0.005775
449, 0.296730, 0.005665
450, 0.296940, 0.005820
451, 0.296780, 0.005495
452, 0.296910, 0.005790
453, 0.296920, 0.005589
454, 0.296950, 0.005723
455, 0.296980, 0.005911
456, 0.297100, 0.005677
457, 0.297150, 0.005654
458, 0.296870, 0.005508
459, 0.297040, 0.005625
460, 0.297070, 0.006292
461, 0.296870, 0.005342
462, 0.297020, 0.005993
463, 0.296790, 0.005631
464, 0.296810, 0.005720
465, 0.296900, 0.005854
466, 0.296730, 0.005336
467, 0.297180, 0.005771
468, 0.297000, 0.005550
469, 0.296970, 0.005820
470, 0.296910, 0.006035
471, 0.296950, 0.005624
472, 0.297020, 0.005822
473, 0.297000, 0.005552
474, 0.297060, 0.005725
475, 0.296960, 0.005990
476, 0.296920, 0.005592
477, 0.296870, 0.005786
478, 0.296730, 0.005650
479, 0.297010, 0.005474
480, 0.297040, 0.006021
481, 0.296810, 0.005569
482, 0.296910, 0.005764
483, 0.296870, 0.005592
484, 0.296900, 0.005608
485, 0.297110, 0.006167
486, 0.296880, 0.005491
487, 0.297150, 0.005709
488, 0.296850, 0.005572
489, 0.296720, 0.005582
490, 0.296750, 0.006009
491, 0.296740, 0.005556
492, 0.296680, 0.005578
493, 0.296950, 0.005705
494, 0.296970, 0.005818
495, 0.296860, 0.005722
496, 0.296820, 0.005586
497, 0.297210, 0.005850
498, 0.297180, 0.005606
499, 0.297070, 0.005940
500, 0.297210, 0.006070
501, 0.296950, 0.005317
502, 0.297010, 0.005897
503, 0.296850, 0.005565
504, 0.297000, 0.005745
505, 0.296820, 0.005756
506, 0.296730, 0.005568
507, 0.296930, 0.005802
508, 0.296950, 0.005552
509, 0.297020, 0.006056
510, 0.297070, 0.005714
511, 0.296840, 0.005651
512, 0.296950, 0.005654
513, 0.297970, 0.005633
514, 0.297770, 0.005827
515, 0.297500, 0.005875
516, 0.297140, 0.005348
517, 0.296910, 0.005705
518, 0.296960, 0.005472
519, 0.297000, 0.005803
520, 0.297150, 0.006016
521, 0.297000, 0.005614
522, 0.296920, 0.005830
523, 0.297080, 0.005544
524, 0.297260, 0.005844
525, 0.297120, 0.005891
526, 0.297070, 0.005463
527, 0.297130, 0.005747
528, 0.297010, 0.005560
529, 0.297050, 0.005724
530, 0.296980, 0.005807
531, 0.296890, 0.005544
532, 0.296710, 0.005811
533, 0.296900, 0.005885
534, 0.297020, 0.005850
535, 0.296990, 0.005787
536, 0.296940, 0.005444
537, 0.296940, 0.005758
538, 0.296940, 0.005558
539, 0.297050, 0.005947
540, 0.296990, 0.005740
541, 0.297250, 0.005305
542, 0.297010, 0.005885
543, 0.296780, 0.005471
544, 0.296890, 0.005746
545, 0.296820, 0.005789
546, 0.296860, 0.005621
547, 0.297170, 0.005936
548, 0.296810, 0.005637
549, 0.296970, 0.005861
550, 0.296900, 0.005747
551, 0.297000, 0.005646
552, 0.297140, 0.005729
553, 0.297070, 0.005633
554, 0.297170, 0.005985
555, 0.296950, 0.005898
556, 0.296940, 0.005414
557, 0.296670, 0.005738
558, 0.296770, 0.005743
559, 0.296810, 0.005909
560, 0.296760, 0.005891
561, 0.297010, 0.005847
562, 0.296940, 0.005558
563, 0.296730, 0.005667
564, 0.297160, 0.005848
565, 0.297000, 0.005725
566, 0.297140, 0.005561
567, 0.296880, 0.005747
568, 0.296860, 0.005562
569, 0.296960, 0.005826
570, 0.296900, 0.005992
571, 0.297020, 0.005584
572, 0.296840, 0.005725
573, 0.296720, 0.005589
574, 0.296980, 0.005771
575, 0.297010, 0.005801
576, 0.296850, 0.005695
577, 0.297110, 0.005774
578, 0.297270, 0.005555
579, 0.297000, 0.005911
580, 0.297020, 0.005951
581, 0.296910, 0.005494
582, 0.297000, 0.005711
583, 0.296990, 0.005533
584, 0.296750, 0.005806
585, 0.296880, 0.005729
586, 0.296680, 0.005772
587, 0.296890, 0.005541
588, 0.297080, 0.005782
589, 0.297030, 0.005821
590, 0.296840, 0.006008
591, 0.296980, 0.005532
592, 0.297010, 0.005432
593, 0.296940, 0.005493
594, 0.297070, 0.006078
595, 0.297050, 0.006090
596, 0.296890, 0.005526
597, 0.296970, 0.005595
598, 0.296730, 0.005377
599, 0.296830, 0.005795
600, 0.296910, 0.005752
601, 0.297230, 0.005855
602, 0.296980, 0.005559
603, 0.296970, 0.005423
604, 0.296890, 0.005798
605, 0.297100, 0.005922
606, 0.296890, 0.005596
607, 0.297020, 0.005660
608, 0.296990, 0.005574
609, 0.296990, 0.005844
610, 0.296950, 0.006050
611, 0.296720, 0.005575
612, 0.296780, 0.005780
613, 0.296950, 0.005642
614, 0.296960, 0.005605
615, 0.297130, 0.005964
616, 0.297050, 0.005787
617, 0.297020, 0.005653
618, 0.296940, 0.005488
619, 0.297020, 0.006129
620, 0.297170, 0.005769
621, 0.297020, 0.005532
622, 0.297050, 0.005820
623, 0.296980, 0.005948
624, 0.296820, 0.005362
625, 0.297010, 0.006141
626, 0.296870, 0.005654
627, 0.296920, 0.005672
628, 0.297270, 0.006141
629, 0.296910, 0.005383
630, 0.297040, 0.005695
631, 0.296870, 0.005542
632, 0.297100, 0.005622
633, 0.297010, 0.005892
634, 0.297030, 0.005226
635, 0.297140, 0.005732
636, 0.296870, 0.005502
637, 0.297120, 0.005684
638, 0.297030, 0.006098
639, 0.297030, 0.005496
640, 0.296870, 0.005617
641, 0.296770, 0.005598
642, 0.296960, 0.005550
643, 0.297010, 0.005969
644, 0.297010, 0.005375
645, 0.297030, 0.005717
646, 0.296970, 0.005569
647, 0.297080, 0.005585
648, 0.297020, 0.005955
649, 0.296960, 0.005389
650, 0.297040, 0.005762
651, 0.296830, 0.005514
652, 0.296910, 0.005816
653, 0.296800, 0.005851
654, 0.296860, 0.005486
655, 0.296960, 0.005838
656, 0.296890, 0.005420
657, 0.297010, 0.005629
658, 0.296910, 0.005918
659, 0.297180, 0.005541
660, 0.297090, 0.005698
661, 0.296830, 0.005637
662, 0.297140, 0.005667
663, 0.296980, 0.006038
664, 0.296880, 0.005494
665, 0.296960, 0.005776
666, 0.296750, 0.005622
667, 0.296920, 0.005709
668, 0.296970, 0.006196
669, 0.296920, 0.005658
670, 0.297120, 0.005611
671, 0.296850, 0.005362
672, 0.297020, 0.005596
673, 0.297070, 0.005932
674, 0.296810, 0.005405
675, 0.297030, 0.005794
676, 0.297140, 0.005409
677, 0.297070, 0.005633
678, 0.296910, 0.006104
679, 0.296650, 0.005541
680, 0.296850, 0.005944
681, 0.296810, 0.005714
682, 0.297030, 0.005570
683, 0.296930, 0.006015
684, 0.297000, 0.005459
685, 0.296770, 0.005832
686, 0.297020, 0.005570
687, 0.297010, 0.005552
688, 0.297160, 0.005916
689, 0.296810, 0.005359
690, 0.297090, 0.005764
691, 0.296870, 0.005560
692, 0.296780, 0.005887
693, 0.296940, 0.005924
694, 0.296740, 0.005518
695, 0.296880, 0.005745
696, 0.296980, 0.005561
697, 0.296950, 0.005710
698, 0.296860, 0.006027
699, 0.296940, 0.005511
700, 0.297200, 0.005553
701, 0.297080, 0.005469
702, 0.297060, 0.005928
703, 0.297200, 0.006068
704, 0.296950, 0.005594
705, 0.297020, 0.005697
706, 0.296810, 0.005488
707, 0.297150, 0.006188
708, 0.296900, 0.005785
709, 0.297010, 0.005587
710, 0.296960, 0.005708
711, 0.296910, 0.005463
712, 0.296920, 0.005793
713, 0.297120, 0.005813
714, 0.296850, 0.005627
715, 0.296940, 0.005648
716, 0.297110, 0.005788
717, 0.296960, 0.005936
718, 0.296950, 0.005867
719, 0.296710, 0.005501
720, 0.296880, 0.005766
721, 0.296710, 0.005590
722, 0.296860, 0.005887
723, 0.296860, 0.005826
724, 0.296990, 0.005656
725, 0.296930, 0.005896
726, 0.296900, 0.005635
727, 0.297150, 0.005977
728, 0.297100, 0.006236
729, 0.297060, 0.005427
730, 0.296980, 0.005732
731, 0.296970, 0.005619
732, 0.296910, 0.005909
733, 0.296840, 0.005895
734, 0.296740, 0.005487
735, 0.297000, 0.005790
736, 0.297010, 0.005533
737, 0.297010, 0.005780
738, 0.297060, 0.005763
739, 0.296880, 0.005448
740, 0.296980, 0.005676
741, 0.297070, 0.005728
742, 0.297050, 0.005964
743, 0.297110, 0.005820
744, 0.297120, 0.005512
745, 0.296840, 0.005878
746, 0.296810, 0.005538
747, 0.296730, 0.005807
748, 0.296940, 0.005681
749, 0.296940, 0.005482
750, 0.297060, 0.005623
751, 0.296930, 0.005539
752, 0.296940, 0.005944
753, 0.296970, 0.005989
754, 0.297060, 0.005539
755, 0.297180, 0.005686
756, 0.297030, 0.005514
757, 0.297000, 0.005812
758, 0.296970, 0.005907
759, 0.296680, 0.005411
760, 0.297010, 0.005828
761, 0.296810, 0.005457
762, 0.296850, 0.005719
763, 0.297000, 0.005788
764, 0.296820, 0.005619
765, 0.297010, 0.005761
766, 0.296820, 0.005563
767, 0.297040, 0.005690
768, 0.296990, 0.005834
769, 0.296930, 0.005671
770, 0.297020, 0.005623
771, 0.296860, 0.005562
772, 0.296950, 0.005761
773, 0.296940, 0.006013
774, 0.296840, 0.005479
775, 0.296790, 0.005496
776, 0.296880, 0.005663
777, 0.296880, 0.006077
778, 0.297080, 0.005520
779, 0.296990, 0.005718
780, 0.297160, 0.005605
781, 0.297040, 0.005551
782, 0.297050, 0.005959
783, 0.297080, 0.005846
784, 0.296740, 0.005592
785, 0.297090, 0.005750
786, 0.296750, 0.005550
787, 0.296890, 0.005963
788, 0.296900, 0.005738
789, 0.296810, 0.005679
790, 0.297000, 0.005546
791, 0.296950, 0.005364
792, 0.296910, 0.005857
793, 0.296990, 0.005773
794, 0.297010, 0.005782
795, 0.297130, 0.005558
796, 0.297080, 0.005601
797, 0.297090, 0.005824
798, 0.296840, 0.005883
799, 0.296930, 0.005731
800, 0.296910, 0.005710
801, 0.296680, 0.005409
802, 0.296960, 0.006030
803, 0.296910, 0.005860
804, 0.296840, 0.005741
805, 0.296930, 0.005670
806, 0.296810, 0.005513
807, 0.297130, 0.005706
808, 0.296900, 0.005842
809, 0.297030, 0.005545
810, 0.297100, 0.005691
811, 0.296860, 0.005474
812, 0.296850, 0.005785
813, 0.296790, 0.005850
814, 0.296760, 0.006402
815, 0.296880, 0.005842
816, 0.296820, 0.005507
817, 0.296990, 0.005740
818, 0.297070, 0.005754
819, 0.296770, 0.005628
820, 0.297070, 0.005624
821, 0.296910, 0.005650
822, 0.297140, 0.005803
823, 0.297140, 0.006063
824, 0.296890, 0.005508
825, 0.297010, 0.005489
826, 0.296800, 0.005605
827, 0.296910, 0.005819
828, 0.296940, 0.005795
829, 0.296900, 0.005749
830, 0.296940, 0.005637
831, 0.296930, 0.005942
832, 0.296910, 0.005376
833, 0.296780, 0.005844
834, 0.297000, 0.005734
835, 0.296940, 0.005551
836, 0.297010, 0.006164
837, 0.296960, 0.005357
838, 0.296930, 0.005828
839, 0.296730, 0.005619
840, 0.296780, 0.005679
841, 0.296970, 0.005929
842, 0.296890, 0.005533
843, 0.296830, 0.005855
844, 0.296830, 0.005685
845, 0.296830, 0.005699
846, 0.296840, 0.006087
847, 0.296940, 0.005531
848, 0.297080, 0.005667
849, 0.296720, 0.005650
850, 0.297030, 0.005972
851, 0.297120, 0.006090
852, 0.296890, 0.005440
853, 0.297000, 0.005779
854, 0.296750, 0.005613
855, 0.296840, 0.005695
856, 0.296880, 0.006010
857, 0.296880, 0.005556
858, 0.296840, 0.005735
859, 0.296880, 0.005547
860, 0.296870, 0.005784
861, 0.296980, 0.006086
862, 0.297100, 0.005705
863, 0.297050, 0.005935
864, 0.297020, 0.005474
865, 0.297080, 0.005895
866, 0.296990, 0.006012
867, 0.296850, 0.005432
868, 0.296870, 0.005765
869, 0.296920, 0.005628
870, 0.296870, 0.005704
871, 0.297050, 0.006170
872, 0.297020, 0.005722
873, 0.297070, 0.005977
874, 0.296870, 0.005573
875, 0.297180, 0.005873
876, 0.297060, 0.006132
877, 0.296850, 0.005373
878, 0.297150, 0.005656
879, 0.296970, 0.005613
880, 0.296810, 0.005713
881, 0.297030, 0.005932
882, 0.296750, 0.005574
883, 0.296840, 0.005681
884, 0.297080, 0.005649
885, 0.296890, 0.005508
886, 0.296980, 0.005897
887, 0.296790, 0.005684
888, 0.296900, 0.005601
889, 0.296940, 0.005632
890, 0.297020, 0.005571
891, 0.297110, 0.006161
892, 0.296990, 0.005371
893, 0.296920, 0.005841
894, 0.296840, 0.005544
895, 0.297110, 0.005848
896, 0.297010, 0.005892
897, 0.296670, 0.005322
898, 0.297100, 0.005670
899, 0.296910, 0.005886
900, 0.296890, 0.005723
901, 0.297070, 0.006049
902, 0.297020, 0.005706
903, 0.297180, 0.005749
904, 0.297100, 0.005540
905, 0.297150, 0.005735
906, 0.297000, 0.006065
907, 0.296720, 0.005508
908, 0.296830, 0.005843
909, 0.296900, 0.005578
910, 0.296970, 0.005842
911, 0.296950, 0.005987
912, 0.296870, 0.005669
913, 0.296970, 0.005770
914, 0.296780, 0.005581
915, 0.297140, 0.005769
916, 0.297100, 0.006031
917, 0.296940, 0.005481
918, 0.297050, 0.005808
919, 0.296890, 0.005519
920, 0.296810, 0.005765
921, 0.296950, 0.005813
922, 0.296720, 0.005564
923, 0.296800, 0.005627
924, 0.296940, 0.005772
925, 0.297070, 0.005999
926, 0.297000, 0.005591
927, 0.296840, 0.005598
928, 0.297070, 0.005764
929, 0.296900, 0.005587
930, 0.296880, 0.005761
931, 0.297090, 0.005870
932, 0.296930, 0.005474
933, 0.296990, 0.005789
934, 0.296910, 0.005563
935, 0.296840, 0.005774
936, 0.296780, 0.006395
937, 0.296830, 0.005450
938, 0.297100, 0.005806
939, 0.296920, 0.005502
940, 0.297060, 0.005884
941, 0.296820, 0.005976
942, 0.297190, 0.005610
943, 0.297080, 0.005770
944, 0.297000, 0.005557
945, 0.296960, 0.005831
946, 0.297030, 0.005940
947, 0.296770, 0.005506
948, 0.296710, 0.005972
949, 0.296960, 0.005680
950, 0.296880, 0.005979
951, 0.297230, 0.005706
952, 0.296950, 0.005634
953, 0.297030, 0.005652
954, 0.296800, 0.005557
955, 0.296950, 0.005862
956, 0.297050, 0.005707
957, 0.296870, 0.005436
958, 0.297080, 0.005820
959, 0.297010, 0.005709
960, 0.296960, 0.005924
961, 0.296920, 0.005818
962, 0.296800, 0.005655
963, 0.296810, 0.005774
964, 0.296920, 0.005725
965, 0.296870, 0.005746
966, 0.296810, 0.005735
967, 0.296980, 0.005731
968, 0.296850, 0.005556
969, 0.297200, 0.005718
970, 0.297020, 0.005998
971, 0.297020, 0.005953
972, 0.297030, 0.005852
973, 0.297090, 0.005678
974, 0.296760, 0.005570
975, 0.296840, 0.005676
976, 0.296810, 0.005808
977, 0.296870, 0.005649
978, 0.296890, 0.005653
979, 0.296870, 0.005744
980, 0.296950, 0.005876
981, 0.296820, 0.005850
982, 0.297130, 0.005635
983, 0.297150, 0.005574
984, 0.297080, 0.005734
985, 0.297090, 0.005945
986, 0.297100, 0.005910
987, 0.296900, 0.005561
988, 0.297040, 0.005658
989, 0.296750, 0.005512
990, 0.296940, 0.005960
991, 0.297020, 0.005745
992, 0.296940, 0.005672
993, 0.296900, 0.005698
994, 0.297000, 0.005446
995, 0.296800, 0.005767
996, 0.297140, 0.005833
997, 0.297210, 0.005819
998, 0.297160, 0.005621
999, 0.296980, 0.005625
1000, 0.297040, 0.005746
1001, 0.296920, 0.005951
1002, 0.296810, 0.005674
1003, 0.296770, 0.005660
1004, 0.296900, 0.005504
1005, 0.296950, 0.005634
1006, 0.296840, 0.005824
1007, 0.296950, 0.005682
1008, 0.296990, 0.005667
1009, 0.296990, 0.005670
1010, 0.297020, 0.005919
1011, 0.297130, 0.005895
1012, 0.296820, 0.005549
1013, 0.297100, 0.005456
1014, 0.296830, 0.005809
1015, 0.296930, 0.005788
1016, 0.296910, 0.005771
1017, 0.296660, 0.005701
1018, 0.296880, 0.005494
1019, 0.297050, 0.005604
1020, 0.296960, 0.005850
1021, 0.297040, 0.006028
1022, 0.296730, 0.005612
1023, 0.297200, 0.005582
1024, 0.297010, 0.005797
1025, 0.299260, 0.005749
1026, 0.298130, 0.005837
1027, 0.297580, 0.005492
1028, 0.297340, 0.005682
1029, 0.297250, 0.005536
1030, 0.297130, 0.005751
1031, 0.297090, 0.005676
1032, 0.296940, 0.005569
1033, 0.297150, 0.005799
1034, 0.297090, 0.006030
1035, 0.296840, 0.005366
1036, 0.297220, 0.005765
1037, 0.297170, 0.005646
1038, 0.297140, 0.005523
1039, 0.297140, 0.006111
1040, 0.296940, 0.005232
1041, 0.296840, 0.005812
1042, 0.296880, 0.005548
1043, 0.296800, 0.005731
1044, 0.296890, 0.005933
1045, 0.296790, 0.005516
1046, 0.297100, 0.005809
1047, 0.296780, 0.005599
1048, 0.297000, 0.005746
1049, 0.296950, 0.006065
1050, 0.296920, 0.005582
1051, 0.297020, 0.005921
1052, 0.296980, 0.005474
1053, 0.296990, 0.005789
1054, 0.296900, 0.006047
1055, 0.296960, 0.005488
1056, 0.296990, 0.005777
1057, 0.296720, 0.005584
1058, 0.296920, 0.005824
1059, 0.297160, 0.006113
1060, 0.296770, 0.005497
1061, 0.297000, 0.005680
1062, 0.296790, 0.005443
1063, 0.297180, 0.005545
1064, 0.297070, 0.006025
1065, 0.297020, 0.005441
1066, 0.297060, 0.005924
1067, 0.297070, 0.005503
1068, 0.296930, 0.005641
1069, 0.296910, 0.005952
1070, 0.296950, 0.005574
1071, 0.296840, 0.005748
1072, 0.296820, 0.005474
1073, 0.297110, 0.005539
1074, 0.296990, 0.005827
1075, 0.296890, 0.005365
1076, 0.296970, 0.005893
1077, 0.296970, 0.005554
1078, 0.296990, 0.005495
1079, 0.296980, 0.005980
1080, 0.297080, 0.005458
1081, 0.297000, 0.005869
1082, 0.296870, 0.005614
1083, 0.296850, 0.005663
1084, 0.296840, 0.006058
1085, 0.296650, 0.005547
1086, 0.297130, 0.005686
1087, 0.296760, 0.005622
1088, 0.296990, 0.005707
1089, 0.296950, 0.006159
1090, 0.296970, 0.005529
1091, 0.297070, 0.005785
1092, 0.296900, 0.005645
1093, 0.297200, 0.005708
1094, 0.297050, 0.006298
1095, 0.296980, 0.005431
1096, 0.296780, 0.005798
1097, 0.296810, 0.005599
1098, 0.296850, 0.005665
1099, 0.296910, 0.005990
1100, 0.296950, 0.005570
1101, 0.296980, 0.005846
1102, 0.296670, 0.005586
1103, 0.297190, 0.005582
1104, 0.297190, 0.005937
1105, 0.296930, 0.005472
1106, 0.297080, 0.005899
1107, 0.296980, 0.005553
1108, 0.296980, 0.005891
1109, 0.297040, 0.006008
1110, 0.296840, 0.005598
1111, 0.297010, 0.005997
1112, 0.296820, 0.005638
1113, 0.297030, 0.005629
1114, 0.296950, 0.006002
1115, 0.296860, 0.005687
1116, 0.296880, 0.005840
1117, 0.297130, 0.005746
1118, 0.297110, 0.005817
1119, 0.297010, 0.006044
1120, 0.296830, 0.005530
1121, 0.297050, 0.005634
1122, 0.296890, 0.005618
1123, 0.296920, 0.005739
1124, 0.297090, 0.006023
1125, 0.296800, 0.005573
1126, 0.296830, 0.005736
1127, 0.297020, 0.005537
1128, 0.296950, 0.005886
1129, 0.297010, 0.005864
1130, 0.296850, 0.005577
1131, 0.297290, 0.005831
1132, 0.296920, 0.005589
1133, 0.297160, 0.005856
1134, 0.296980, 0.005795
1135, 0.296850, 0.005412
1136, 0.297090, 0.005845
1137, 0.296820, 0.005478
1138, 0.296880, 0.005797
1139, 0.296900, 0.005910
1140, 0.296920, 0.005573
1141, 0.296800, 0.005667
1142, 0.297120, 0.005755
1143, 0.297090, 0.005948
1144, 0.297100, 0.005959
1145, 0.297030, 0.005533
1146, 0.297110, 0.005814
1147, 0.296990, 0.005473
1148, 0.297050, 0.005747
1149, 0.296920, 0.005683
1150, 0.296710, 0.005426
1151, 0.297100, 0.005771
1152, 0.296750, 0.005631
1153, 0.296820, 0.005723
1154, 0.297160, 0.005798
1155, 0.297010, 0.005787
1156, 0.296740, 0.005587
1157, 0.296820, 0.005645
1158, 0.297050, 0.005856
1159, 0.297090, 0.005840
1160, 0.297070, 0.005489
1161, 0.296880, 0.005638
1162, 0.296930, 0.005608
1163, 0.296760, 0.005879
1164, 0.296990, 0.005770
1165, 0.296740, 0.005633
1166, 0.296920, 0.005647
1167, 0.296920, 0.005805
1168, 0.296930, 0.005928
1169, 0.296960, 0.005798
1170, 0.296760, 0.005361
1171, 0.297140, 0.005685
1172, 0.296880, 0.005532
1173, 0.297080, 0.005714
1174, 0.296960, 0.006061
1175, 0.296900, 0.005491
1176, 0.296930, 0.005811
1177, 0.296840, 0.005542
1178, 0.296840, 0.005803
1179, 0.296890, 0.005685
1180, 0.296890, 0.005776
1181, 0.297020, 0.005484
1182, 0.296950, 0.005509
1183, 0.296940, 0.005812
1184, 0.296980, 0.006017
1185, 0.297100, 0.005681
1186, 0.297080, 0.005644
1187, 0.296920, 0.005655
1188, 0.297120, 0.005813
1189, 0.296760, 0.005921
1190, 0.297000, 0.005580
1191, 0.296830, 0.005778
1192, 0.296760, 0.005669
1193, 0.296840, 0.005808
1194, 0.297070, 0.005911
1195, 0.297000, 0.005690
1196, 0.296980, 0.005634
1197, 0.296850, 0.005373
1198, 0.297100, 0.005738
1199, 0.297040, 0.005723
1200, 0.296940, 0.005567
1201, 0.297030, 0.005601
1202, 0.296990, 0.005581
1203, 0.296890, 0.005623
1204, 0.296780, 0.006128
1205, 0.296900, 0.005670
1206, 0.296850, 0.005703
1207, 0.296930, 0.005622
1208, 0.296960, 0.005822
1209, 0.297090, 0.005731
1210, 0.296970, 0.005585
1211, 0.297020, 0.005690
1212, 0.297080, 0.005513
1213, 0.297200, 0.005926
1214, 0.297010, 0.005984
1215, 0.297100, 0.005696
1216, 0.297040, 0.005845
1217, 0.296840, 0.005587
1218, 0.296850, 0.005776
1219, 0.296900, 0.005730
1220, 0.296810, 0.005713
1221, 0.297070, 0.005710
1222, 0.297080, 0.005549
1223, 0.297020, 0.005831
1224, 0.296860, 0.005836
1225, 0.297110, 0.005596
1226, 0.297110, 0.005618
1227, 0.297030, 0.005640
1228, 0.297040, 0.005956
1229, 0.297040, 0.006025
1230, 0.296700, 0.005569
1231, 0.296890, 0.005680
1232, 0.296860, 0.005479
1233, 0.296840, 0.005909
1234, 0.297250, 0.005925
1235, 0.296870, 0.005747
1236, 0.297050, 0.005728
1237, 0.296750, 0.005536
1238, 0.297180, 0.005761
1239, 0.297100, 0.005714
1240, 0.296900, 0.005667
1241, 0.297180, 0.005922
1242, 0.296980, 0.005924
1243, 0.296780, 0.005281
1244, 0.297030, 0.005991
1245, 0.296850, 0.005604
1246, 0.296820, 0.005687
1247, 0.296780, 0.006054
1248, 0.296970, 0.005207
1249, 0.296880, 0.005780
1250, 0.297080, 0.005702
1251, 0.296860, 0.005530
1252, 0.297190, 0.006004
1253, 0.297120, 0.005629
1254, 0.296980, 0.005757
1255, 0.296820, 0.005585
1256, 0.296980, 0.005729
1257, 0.296850, 0.006152
1258, 0.296920, 0.005392
1259, 0.296910, 0.005618
1260, 0.296880, 0.005664
1261, 0.296830, 0.005492
1262, 0.296910, 0.006012
1263, 0.297070, 0.005604
1264, 0.296940, 0.005758
1265, 0.296820, 0.005891
1266, 0.297070, 0.005675
1267, 0.296970, 0.006186
1268, 0.297040, 0.005381
1269, 0.297140, 0.005745
1270, 0.296960, 0.005764
1271, 0.296960, 0.005612
1272, 0.297000, 0.005948
1273, 0.296790, 0.005434
1274, 0.296860, 0.005788
1275, 0.296990, 0.005606
1276, 0.296770, 0.005832
1277, 0.297140, 0.006256
1278, 0.296990, 0.005469
1279, 0.297050, 0.005775
1280, 0.297110, 0.005504
1281, 0.296950, 0.005595
1282, 0.296950, 0.005940
1283, 0.297090, 0.005598
1284, 0.296940, 0.005817
1285, 0.296700, 0.005682
1286, 0.296840, 0.005746
1287, 0.296920, 0.006014
1288, 0.296810, 0.005359
1289, 0.296930, 0.005790
1290, 0.296850, 0.005808
1291, 0.296830, 0.005779
1292, 0.297060, 0.006130
1293, 0.296990, 0.005751
1294, 0.297130, 0.005907
1295, 0.296980, 0.005530
1296, 0.297160, 0.005789
1297, 0.296900, 0.006111
1298, 0.296940, 0.005493
1299, 0.296820, 0.005747
1300, 0.296730, 0.005591
1301, 0.296950, 0.005658
1302, 0.297110, 0.006155
1303, 0.297080, 0.005720
1304, 0.296870, 0.005777
1305, 0.296880, 0.005579
1306, 0.297240, 0.005666
1307, 0.297010, 0.006017
1308, 0.296940, 0.005327
1309, 0.296940, 0.005716
1310, 0.296890, 0.005704
1311, 0.296930, 0.005620
1312, 0.296940, 0.006023
1313, 0.296770, 0.005593
1314, 0.297040, 0.005961
1315, 0.296900, 0.005647
1316, 0.296920, 0.005699
1317, 0.296990, 0.005756
1318, 0.296830, 0.005546
1319, 0.297140, 0.005759
1320, 0.296930, 0.005556
1321, 0.297060, 0.005704
1322, 0.297030, 0.005976
1323, 0.296950, 0.005595
1324, 0.296940, 0.005832
1325, 0.296900, 0.005434
1326, 0.296790, 0.005967
1327, 0.296830, 0.005671
1328, 0.296760, 0.005446
1329, 0.297150, 0.005808
1330, 0.296890, 0.005580
1331, 0.296970, 0.005845
1332, 0.296940, 0.005965
1333, 0.297110, 0.005586
1334, 0.296890, 0.005706
1335, 0.297020, 0.005577
1336, 0.297150, 0.005915
1337, 0.297200, 0.006099
1338, 0.296800, 0.005494
1339, 0.297030, 0.005782
1340, 0.296720, 0.005570
1341, 0.296940, 0.005701
1342, 0.297040, 0.006015
1343, 0.296890, 0.005683
1344, 0.297030, 0.005719
1345, 0.296940, 0.005573
1346, 0.297120, 0.005650
1347, 0.297150, 0.005974
1348, 0.297040, 0.005253
1349, 0.296920, 0.005716
1350, 0.297070, 0.005640
1351, 0.297000, 0.005855
1352, 0.296730, 0.005858
1353, 0.296900, 0.005423
1354, 0.296810, 0.005861
1355, 0.297040, 0.005798
1356, 0.297240, 0.005872
1357, 0.297020, 0.005682
1358, 0.296800, 0.005526
1359, 0.297170, 0.005766
1360, 0.297160, 0.005617
1361, 0.296960, 0.005667
1362, 0.297090, 0.005862
1363, 0.297120, 0.005842
1364, 0.296960, 0.005681
1365, 0.296860, 0.005424
1366, 0.296970, 0.005825
1367, 0.296920, 0.005763
1368, 0.296850, 0.005549
1369, 0.297050, 0.005842
1370, 0.296950, 0.005428
1371, 0.296800, 0.005764
1372, 0.296980, 0.005772
1373, 0.297060, 0.005626
1374, 0.297070, 0.005726
1375, 0.296980, 0.005941
1376, 0.296840, 0.005902
1377, 0.296940, 0.005851
1378, 0.296940, 0.005346
1379, 0.296940, 0.005737
1380, 0.296870, 0.005777
1381, 0.296770, 0.005861
1382, 0.296870, 0.005956
1383, 0.297090, 0.005689
1384, 0.297090, 0.005508
1385, 0.297050, 0.005611
1386, 0.296960, 0.005753
1387, 0.297210, 0.005947
1388, 0.297190, 0.005692
1389, 0.297070, 0.005768
1390, 0.296920, 0.005626
1391, 0.297110, 0.005744
1392, 0.296970, 0.005761
1393, 0.296970, 0.005640
1394, 0.296760, 0.005766
1395, 0.296740, 0.005517
1396, 0.297080, 0.005670
1397, 0.296950, 0.005679
1398, 0.296950, 0.005570
1399, 0.296870, 0.005978
1400, 0.297050, 0.005726
1401, 0.297140, 0.005943
1402, 0.297120, 0.005949
1403, 0.297000, 0.005474
1404, 0.296960, 0.005577
1405, 0.296920, 0.005458
1406, 0.297070, 0.005736
1407, 0.297040, 0.005741
1408, 0.296780, 0.005716
1409, 0.296900, 0.005723
1410, 0.297050, 0.005522
1411, 0.296950, 0.005937
1412, 0.296960, 0.005961
1413, 0.297150, 0.005634
1414, 0.297080, 0.005599
1415, 0.297070, 0.005583
1416, 0.296800, 0.005598
1417, 0.297030, 0.005789
1418, 0.297000, 0.005417
1419, 0.296890, 0.005690
1420, 0.296770, 0.005444
1421, 0.296810, 0.005824
1422, 0.296840, 0.005688
1423, 0.297140, 0.005573
1424, 0.297170, 0.005852
1425, 0.296820, 0.005458
1426, 0.297000, 0.005824
1427, 0.297160, 0.005948
1428, 0.296930, 0.005710
1429, 0.297150, 0.005606
1430, 0.296970, 0.005534
1431, 0.297030, 0.005794
1432, 0.296780, 0.006001
1433, 0.296800, 0.005618
1434, 0.296970, 0.005745
1435, 0.296910, 0.005476
1436, 0.297130, 0.006033
1437, 0.297110, 0.005890
1438, 0.296880, 0.005818
1439, 0.296960, 0.005753
1440, 0.297080, 0.005592
1441, 0.297210, 0.005945
1442, 0.296980, 0.006053
1443, 0.296890, 0.005577
1444, 0.297050, 0.005773
1445, 0.296980, 0.005674
1446, 0.297070, 0.005866
1447, 0.296830, 0.005582
1448, 0.296580, 0.005689
1449, 0.296990, 0.005636
1450, 0.297060, 0.006200
1451, 0.296850, 0.005415
1452, 0.297090, 0.005802
1453, 0.297010, 0.005721
1454, 0.297080, 0.005567
1455, 0.297060, 0.005961
1456, 0.297010, 0.005137
1457, 0.296940, 0.005788
1458, 0.297060, 0.005502
1459, 0.296950, 0.005794
1460, 0.297050, 0.006205
1461, 0.296880, 0.005311
1462, 0.296930, 0.005563
1463, 0.296830, 0.005708
1464, 0.297010, 0.005604
1465, 0.297070, 0.006093
1466, 0.297030, 0.005516
1467, 0.297240, 0.005685
1468, 0.296970, 0.005644
1469, 0.296970, 0.005738
1470, 0.296950, 0.006042
1471, 0.297020, 0.005577
1472, 0.297130, 0.006303
1473, 0.296740, 0.005571
1474, 0.296940, 0.005715
1475, 0.296960, 0.005897
1476, 0.296830, 0.005454
1477, 0.297260, 0.005946
1478, 0.296860, 0.005605
1479, 0.297070, 0.005677
1480, 0.296860, 0.006208
1481, 0.297030, 0.005522
1482, 0.296880, 0.005754
1483, 0.297070, 0.005643
1484, 0.296970, 0.005898
1485, 0.297060, 0.006101
1486, 0.297120, 0.005579
1487, 0.296670, 0.005864
1488, 0.296830, 0.005564
1489, 0.296780, 0.005765
1490, 0.296970, 0.006128
1491, 0.297000, 0.005648
1492, 0.296910, 0.005639
1493, 0.296620, 0.005385
1494, 0.297160, 0.005542
1495, 0.296850, 0.006036
1496, 0.297100, 0.005414
1497, 0.297100, 0.005929
1498, 0.296780, 0.005638
1499, 0.296890, 0.005591
1500, 0.296930, 0.005938
1501, 0.296620, 0.005626
1502, 0.296890, 0.005669
1503, 0.296910, 0.005652
1504, 0.297070, 0.005575
1505, 0.297000, 0.006040
1506, 0.297020, 0.005781
1507, 0.296850, 0.005787
1508, 0.297140, 0.005521
1509, 0.297190, 0.005663
1510, 0.297100, 0.006014
1511, 0.296940, 0.005431
1512, 0.297010, 0.006006
1513, 0.296880, 0.005478
1514, 0.296960, 0.005602
1515, 0.296830, 0.005987
1516, 0.296740, 0.005635
1517, 0.296950, 0.005888
1518, 0.296880, 0.005597
1519, 0.297040, 0.005666
1520, 0.297070, 0.006030
1521, 0.297080, 0.005677
1522, 0.297170, 0.005767
1523, 0.296950, 0.005567
1524, 0.296820, 0.005782
1525, 0.297140, 0.006027
1526, 0.296700, 0.005347
1527, 0.296940, 0.005743
1528, 0.296730, 0.005515
1529, 0.296870, 0.005614
1530, 0.296980, 0.006010
1531, 0.296890, 0.005591
1532, 0.296890, 0.005709
1533, 0.297070, 0.005617
1534, 0.296980, 0.005779
1535, 0.297140, 0.005834
1536, 0.296920, 0.005585
1537, 0.297090, 0.005860
1538, 0.296810, 0.005542
1539, 0.297100, 0.005851
1540, 0.297020, 0.005886
1541, 0.296860, 0.005550
1542, 0.296780, 0.005806
1543, 0.296930, 0.005556
1544, 0.297130, 0.005760
1545, 0.296950, 0.005888
1546, 0.297040, 0.005907
1547, 0.296910, 0.005676
1548, 0.297000, 0.005673
1549, 0.297260, 0.005912
1550, 0.297280, 0.005970
1551, 0.296890, 0.005479
1552, 0.297080, 0.005589
1553, 0.296920, 0.005540
1554, 0.296820, 0.005876
1555, 0.296790, 0.005809
1556, 0.296770, 0.005582
1557, 0.296820, 0.005783
1558, 0.297010, 0.005816
1559, 0.297020, 0.005841
1560, 0.296860, 0.005595
1561, 0.296870, 0.005549
1562, 0.297020, 0.005829
1563, 0.297130, 0.005542
1564, 0.297170, 0.006040
1565, 0.296920, 0.005817
1566, 0.296870, 0.005471
1567, 0.297050, 0.005747
1568, 0.296800, 0.005497
1569, 0.296660, 0.005862
1570, 0.297040, 0.005774
1571, 0.297000, 0.005466
1572, 0.296840, 0.005841
1573, 0.297050, 0.005550
1574, 0.297050, 0.005969
1575, 0.297060, 0.005772
1576, 0.297010, 0.005421
1577, 0.297000, 0.005703
1578, 0.296950, 0.005543
1579, 0.296900, 0.005859
1580, 0.297060, 0.005763
1581, 0.296890, 0.005504
1582, 0.296990, 0.005986
1583, 0.296730, 0.005457
1584, 0.296780, 0.005723
1585, 0.297090, 0.005657
1586, 0.297000, 0.005767
1587, 0.296970, 0.005737
1588, 0.296840, 0.005607
1589, 0.297230, 0.006112
1590, 0.296910, 0.005886
1591, 0.297180, 0.005613
1592, 0.297160, 0.005619
1593, 0.297070, 0.005494
1594, 0.296960, 0.006026
1595, 0.296910, 0.005804
1596, 0.296860, 0.005521
1597, 0.296890, 0.005646
1598, 0.296840, 0.005616
1599, 0.297010, 0.005914
1600, 0.296920, 0.005751
1601, 0.296900, 0.005563
1602, 0.297030, 0.005638
1603, 0.296850, 0.005684
1604, 0.297180, 0.005823
1605, 0.296870, 0.005851
1606, 0.297010, 0.005613
1607, 0.296880, 0.005719
1608, 0.296850, 0.005556
1609, 0.296880, 0.005776
1610, 0.297050, 0.005668
1611, 0.296890, 0.005542
1612, 0.297190, 0.005716
1613, 0.296940, 0.005616
1614, 0.296980, 0.005803
1615, 0.296960, 0.005826
1616, 0.297030, 0.005714
1617, 0.297240, 0.005618
1618, 0.297020, 0.005486
1619, 0.296970, 0.006142
1620, 0.296920, 0.005885
1621, 0.296890, 0.005577
1622, 0.296830, 0.005591
1623, 0.296940, 0.005455
1624, 0.296900, 0.005847
1625, 0.297140, 0.005970
1626, 0.296910, 0.005696
1627, 0.296730, 0.005625
1628, 0.297030, 0.005665
1629, 0.297090, 0.005807
1630, 0.297380, 0.006028
1631, 0.297160, 0.005614
1632, 0.297070, 0.005581
1633, 0.296940, 0.005692
1634, 0.296960, 0.005822
1635, 0.296970, 0.005801
1636, 0.296790, 0.005584
1637, 0.296920, 0.005674
1638, 0.296950, 0.005789
1639, 0.297050, 0.006007
1640, 0.296910, 0.005759
1641, 0.296960, 0.005732
1642, 0.296980, 0.005466
1643, 0.297250, 0.005915
1644, 0.297130, 0.005813
1645, 0.296950, 0.005920
1646, 0.296830, 0.005639
1647, 0.296920, 0.005674
1648, 0.296990, 0.005414
1649, 0.296890, 0.005755
1650, 0.296970, 0.005730
1651, 0.296720, 0.005588
1652, 0.297090, 0.005683
1653, 0.296910, 0.005595
1654, 0.297010, 0.005799
1655, 0.296990, 0.005967
1656, 0.297040, 0.005727
1657, 0.297270, 0.005621
1658, 0.296920, 0.006029
1659, 0.296910, 0.005481
1660, 0.297060, 0.005839
1661, 0.296910, 0.005466
1662, 0.296700, 0.005496
1663, 0.296890, 0.005909
1664, 0.296890, 0.005394
1665, 0.296980, 0.005998
1666, 0.297050, 0.005684
1667, 0.296900, 0.005768
1668, 0.296950, 0.006101
1669, 0.296990, 0.005445
1670, 0.297100, 0.005796
1671, 0.296950, 0.005583
1672, 0.297020, 0.005644
1673, 0.296950, 0.005950
1674, 0.296910, 0.005359
1675, 0.297070, 0.005965
1676, 0.296790, 0.005593
1677, 0.296790, 0.005757
1678, 0.296980, 0.006075
1679, 0.297110, 0.005560
1680, 0.297050, 0.005813
1681, 0.296810, 0.005482
1682, 0.296800, 0.005836
1683, 0.297140, 0.006025
1684, 0.297110, 0.005420
1685, 0.297060, 0.005727
1686, 0.296800, 0.005503
1687, 0.297000, 0.005625
1688, 0.296960, 0.005868
1689, 0.296940, 0.005444
1690, 0.296920, 0.005700
1691, 0.296850, 0.005670
1692, 0.296940, 0.005885
1693, 0.297080, 0.006244
1694, 0.297020, 0.005555
1695, 0.296770, 0.005812
1696, 0.296910, 0.005554
1697, 0.297090, 0.005760
1698, 0.297050, 0.005896
1699, 0.296950, 0.005436
1700, 0.296890, 0.005956
1701, 0.296890, 0.005651
1702, 0.297010, 0.005688
1703, 0.296940, 0.005789
1704, 0.296920, 0.005808
1705, 0.296850, 0.005698
1706, 0.296940, 0.005701
1707, 0.296980, 0.005725
1708, 0.296930, 0.005757
1709, 0.296900, 0.005801
1710, 0.297360, 0.005728
1711, 0.297250, 0.005759
1712, 0.297060, 0.005593
1713, 0.296890, 0.005929
1714, 0.296930, 0.005316
1715, 0.296810, 0.005894
1716, 0.296880, 0.005684
1717, 0.296950, 0.005785
1718, 0.296760, 0.005860
1719, 0.296910, 0.005516
1720, 0.296900, 0.005599
1721, 0.296840, 0.005493
1722, 0.297000, 0.005623
1723, 0.297130, 0.006014
1724, 0.297010, 0.005558
1725, 0.297180, 0.006045
1726, 0.296940, 0.005431
1727, 0.297030, 0.005693
1728, 0.297120, 0.006257
1729, 0.296710, 0.005417
1730, 0.296840, 0.005873
1731, 0.296870, 0.005488
1732, 0.296700, 0.005737
1733, 0.297040, 0.006038
1734, 0.296810, 0.005591
1735, 0.296910, 0.005762
1736, 0.296840, 0.005616
1737, 0.297040, 0.005618
1738, 0.297130, 0.006021
1739, 0.296890, 0.005428
1740, 0.296940, 0.005746
1741, 0.297020, 0.005643
1742, 0.296870, 0.005772
1743, 0.296800, 0.005913
1744, 0.296900, 0.005689
1745, 0.297040, 0.005596
1746, 0.296940, 0.005594
1747, 0.296970, 0.005813
1748, 0.296960, 0.005739
1749, 0.296890, 0.005623
1750, 0.296880, 0.005649
1751, 0.297040, 0.005715
1752, 0.297160, 0.005861
1753, 0.296890, 0.006015
1754, 0.296630, 0.005445
1755, 0.297010, 0.005735
1756, 0.296960, 0.005457
1757, 0.296920, 0.005979
1758, 0.296910, 0.005729
1759, 0.296730, 0.005542
1760, 0.297250, 0.005801
1761, 0.297020, 0.005512
1762, 0.297050, 0.005945
1763, 0.296870, 0.005799
1764, 0.297150, 0.005554
1765, 0.297030, 0.005881
1766, 0.296900, 0.005542
1767, 0.296850, 0.005763
1768, 0.296970, 0.006051
1769, 0.296910, 0.005322
1770, 0.296930, 0.005743
1771, 0.296890, 0.005673
1772, 0.297050, 0.005907
1773, 0.297160, 0.005927
1774, 0.297030, 0.005742
1775, 0.297070, 0.005703
1776, 0.296830, 0.005548
1777, 0.296890, 0.005970
1778, 0.297120, 0.005935
1779, 0.296890, 0.005387
1780, 0.296850, 0.005888
1781, 0.296860, 0.005593
1782, 0.296910, 0.005724
1783, 0.296980, 0.005884
1784, 0.296820, 0.005568
1785, 0.296860, 0.005764
1786, 0.296910, 0.005629
1787, 0.297030, 0.005759
1788, 0.296970, 0.005927
1789, 0.297140, 0.005627
1790, 0.296960, 0.005710
1791, 0.296990, 0.005399
1792, 0.297150, 0.005618
1793, 0.296780, 0.005842
1794, 0.296930, 0.005423
1795, 0.297100, 0.005615
1796, 0.297150, 0.005509
1797, 0.296870, 0.005863
1798, 0.296830, 0.005774
1799, 0.296900, 0.005667
1800, 0.297110, 0.005788
1801, 0.296990, 0.005552
1802, 0.297000, 0.006042
1803, 0.296900, 0.005859
1804, 0.297030, 0.005661
1805, 0.297200, 0.005734
1806, 0.296920, 0.005782
1807, 0.297080, 0.005909
1808, 0.297110, 0.005914
1809, 0.296940, 0.005501
1810, 0.296910, 0.005862
1811, 0.296630, 0.005511
1812, 0.296940, 0.005798
1813, 0.297000, 0.006063
1814, 0.297140, 0.005884
1815, 0.296940, 0.005672
1816, 0.296860, 0.005552
1817, 0.296750, 0.005613
1818, 0.297260, 0.005770
1819, 0.297090, 0.005600
1820, 0.297150, 0.005586
1821, 0.296720, 0.005680
1822, 0.297120, 0.005773
1823, 0.296900, 0.005908
1824, 0.296720, 0.005586
1825, 0.296850, 0.005756
1826, 0.296920, 0.005582
1827, 0.296900, 0.005677
1828, 0.297020, 0.005901
1829, 0.296890, 0.005722
1830, 0.296850, 0.005757
1831, 0.297050, 0.005491
1832, 0.297070, 0.005850
1833, 0.297190, 0.005921
1834, 0.296910, 0.005579
1835, 0.297020, 0.005673
1836, 0.296860, 0.005537
1837, 0.297010, 0.005869
1838, 0.296930, 0.005923
1839, 0.296820, 0.005615
1840, 0.297060, 0.005734
1841, 0.296840, 0.005509
1842, 0.296970, 0.005868
1843, 0.297100, 0.005849
1844, 0.296760, 0.005648
1845, 0.297290, 0.005700
1846, 0.296940, 0.005531
1847, 0.296770, 0.005801
1848, 0.296770, 0.005734
1849, 0.297000, 0.005690
1850, 0.297110, 0.005805
1851, 0.296910, 0.005488
1852, 0.296860, 0.005745
1853, 0.296840, 0.005763
1854, 0.296900, 0.005522
1855, 0.296920, 0.005398
1856, 0.296860, 0.005433
1857, 0.297120, 0.005708
1858, 0.297210, 0.005901
1859, 0.296850, 0.005572
1860, 0.296970, 0.005644
1861, 0.296890, 0.005497
1862, 0.297230, 0.005683
1863, 0.297060, 0.006094
1864, 0.296750, 0.005552
1865, 0.296940, 0.005720
1866, 0.296830, 0.005958
1867, 0.296750, 0.005334
1868, 0.297070, 0.005840
1869, 0.296840, 0.005667
1870, 0.297050, 0.005658
1871, 0.296980, 0.006145
1872, 0.297190, 0.005416
1873, 0.297050, 0.005888
1874, 0.296850, 0.005670
1875, 0.297100, 0.006391
1876, 0.297120, 0.006054
1877, 0.296970, 0.005405
1878, 0.296870, 0.005688
1879, 0.296700, 0.005665
1880, 0.297060, 0.005651
1881, 0.296960, 0.006073
1882, 0.297030, 0.005494
1883, 0.297010, 0.005723
1884, 0.296730, 0.005433
1885, 0.297050, 0.005686
1886, 0.297200, 0.006061
1887, 0.296940, 0.005637
1888, 0.297170, 0.005822
1889, 0.296880, 0.005523
1890, 0.296940, 0.005569
1891, 0.297000, 0.005896
1892, 0.296810, 0.005431
1893, 0.296890, 0.005605
1894, 0.296820, 0.005626
1895, 0.297040, 0.005611
1896, 0.296850, 0.005922
1897, 0.296950, 0.005606
1898, 0.296940, 0.005795
1899, 0.297200, 0.005675
1900, 0.296950, 0.005559
1901, 0.297040, 0.006117
1902, 0.297020, 0.005413
1903, 0.296920, 0.005926
1904, 0.296870, 0.005504
1905, 0.296770, 0.005732
1906, 0.296830, 0.005877
1907, 0.296840, 0.005416
1908, 0.297140, 0.005791
1909, 0.296820, 0.005559
1910, 0.296910, 0.005673
1911, 0.297010, 0.006236
1912, 0.297370, 0.005704
1913, 0.297100, 0.005792
1914, 0.297020, 0.005634
1915, 0.296610, 0.005702
1916, 0.297060, 0.006071
1917, 0.296880, 0.005365
1918, 0.296840, 0.005624
1919, 0.296740, 0.005614
1920, 0.296920, 0.005665
1921, 0.296940, 0.006038
1922, 0.297010, 0.005714
1923, 0.296850, 0.005886
1924, 0.296960, 0.005459
1925, 0.297020, 0.005537
1926, 0.297090, 0.006101
1927, 0.296940, 0.005353
1928, 0.296780, 0.005758
1929, 0.296960, 0.005450
1930, 0.297110, 0.005711
1931, 0.297150, 0.005982
1932, 0.296730, 0.005453
1933, 0.296890, 0.005757
1934, 0.296810, 0.005640
1935, 0.296900, 0.005652
1936, 0.297190, 0.006143
1937, 0.296850, 0.005680
1938, 0.297130, 0.005870
1939, 0.297140, 0.005605
1940, 0.297000, 0.005697
1941, 0.297010, 0.006041
1942, 0.296900, 0.005399
1943, 0.297040, 0.005741
1944, 0.296950, 0.005480
1945, 0.296830, 0.005671
1946, 0.296950, 0.005910
1947, 0.296830, 0.005834
1948, 0.297000, 0.006055
1949, 0.297080, 0.005615
1950, 0.296840, 0.005735
1951, 0.296920, 0.005841
1952, 0.296920, 0.005624
1953, 0.297220, 0.005732
1954, 0.297040, 0.005653
1955, 0.296910, 0.005935
1956, 0.296860, 0.005797
1957, 0.297020, 0.005396
1958, 0.296820, 0.005895
1959, 0.296880, 0.005552
1960, 0.296950, 0.005939
1961, 0.297040, 0.005770
1962, 0.296960, 0.005523
1963, 0.296900, 0.005656
1964, 0.296890, 0.005462
1965, 0.296870, 0.005799
1966, 0.297430, 0.006050
1967, 0.296790, 0.005501
1968, 0.297010, 0.005668
1969, 0.296830, 0.005501
1970, 0.297210, 0.005684
1971, 0.296820, 0.005961
1972, 0.296890, 0.005501
1973, 0.296920, 0.005810
1974, 0.296840, 0.005444
1975, 0.297020, 0.005831
1976, 0.296830, 0.005778
1977, 0.296950, 0.005749
1978, 0.296860, 0.005752
1979, 0.296970, 0.005652
1980, 0.297210, 0.005819
1981, 0.297210, 0.005917
1982, 0.296730, 0.005598
1983, 0.296870, 0.005619
1984, 0.296960, 0.005725
1985, 0.296940, 0.005882
1986, 0.297000, 0.005738
1987, 0.296880, 0.005541
1988, 0.296890, 0.005868
1989, 0.296880, 0.005814
1990, 0.296960, 0.005850
1991, 0.297030, 0.005766
1992, 0.296890, 0.005658
1993, 0.297200, 0.005662
1994, 0.296980, 0.005657
1995, 0.297010, 0.005934
1996, 0.296870, 0.005834
1997, 0.297070, 0.005677
1998, 0.296930, 0.005740
1999, 0.296640, 0.005658
2000, 0.296980, 0.005755
2001, 0.296890, 0.005800
