Container_size, 16777216,key_space, 74017
request bin, mean_latency, sd
0, 23.934630, 1.598374
1, 2.876700, 1.146416
2, 1.241480, 0.736675
3, 0.758970, 0.368906
4, 0.487340, 0.185911
5, 0.453050, 0.094708
6, 0.448890, 0.088512
7, 0.441990, 0.055663
8, 0.437730, 0.030604
9, 0.432690, 0.007981
10, 0.429840, 0.007103
11, 0.428560, 0.008317
12, 0.426010, 0.007441
13, 0.424820, 0.007512
14, 0.423640, 0.006596
15, 0.420050, 0.006074
16, 0.420350, 0.006715
17, 0.418760, 0.006808
18, 0.417990, 0.006801
19, 0.417270, 0.007191
20, 0.415100, 0.005919
21, 0.412470, 0.006426
22, 0.410310, 0.006180
23, 0.409050, 0.006274
24, 0.407230, 0.006892
25, 0.405320, 0.005986
26, 0.404350, 0.006670
27, 0.402710, 0.005862
28, 0.401730, 0.006425
29, 0.400470, 0.006985
30, 0.398560, 0.006082
31, 0.398030, 0.006390
32, 0.396870, 0.006322
33, 0.396480, 0.006336
34, 0.394710, 0.006558
35, 0.393600, 0.006623
36, 0.393470, 0.007434
37, 0.391910, 0.006847
38, 0.390770, 0.006974
39, 0.390450, 0.007096
40, 0.389610, 0.006266
41, 0.388560, 0.006483
42, 0.387340, 0.006249
43, 0.385380, 0.006140
44, 0.384380, 0.007189
45, 0.382440, 0.006001
46, 0.382720, 0.007150
47, 0.381350, 0.006372
48, 0.380050, 0.006234
49, 0.379540, 0.007065
50, 0.378640, 0.006032
51, 0.378060, 0.006699
52, 0.377160, 0.006906
53, 0.376350, 0.007169
54, 0.376850, 0.007709
55, 0.375090, 0.006510
56, 0.375250, 0.007324
57, 0.374320, 0.007501
58, 0.373370, 0.006706
59, 0.372970, 0.007386
60, 0.371730, 0.006343
61, 0.372170, 0.007196
62, 0.371620, 0.006468
63, 0.370410, 0.007210
64, 0.370470, 0.007142
65, 0.370340, 0.006323
66, 0.368580, 0.006760
67, 0.367920, 0.006773
68, 0.367280, 0.007805
69, 0.366760, 0.007798
70, 0.366290, 0.006353
71, 0.365050, 0.006885
72, 0.365200, 0.006907
73, 0.364400, 0.007503
74, 0.364850, 0.006949
75, 0.363940, 0.006797
76, 0.363350, 0.007057
77, 0.363140, 0.007125
78, 0.362170, 0.006859
79, 0.362650, 0.007125
80, 0.361610, 0.006589
81, 0.360660, 0.006819
82, 0.361700, 0.007202
83, 0.360700, 0.007201
84, 0.360620, 0.007059
85, 0.360780, 0.006492
86, 0.359700, 0.006984
87, 0.359940, 0.006660
88, 0.359200, 0.006699
89, 0.359070, 0.007086
90, 0.358450, 0.006778
91, 0.357580, 0.007119
92, 0.357330, 0.006800
93, 0.356390, 0.007591
94, 0.355260, 0.008171
95, 0.353640, 0.007928
96, 0.352690, 0.009443
97, 0.351620, 0.009291
98, 0.350810, 0.010937
99, 0.349200, 0.010821
100, 0.348550, 0.010527
101, 0.347100, 0.011772
102, 0.346760, 0.010792
103, 0.346190, 0.011851
104, 0.345270, 0.011669
105, 0.344140, 0.011384
106, 0.342720, 0.012855
107, 0.342370, 0.011159
108, 0.340540, 0.011985
109, 0.338310, 0.011818
110, 0.338320, 0.010834
111, 0.336770, 0.011563
112, 0.335750, 0.009704
113, 0.334510, 0.010605
114, 0.332640, 0.009602
115, 0.332220, 0.008148
116, 0.331550, 0.008959
117, 0.331280, 0.007485
118, 0.331030, 0.008750
119, 0.330310, 0.008527
120, 0.330860, 0.008042
121, 0.330260, 0.008863
122, 0.330370, 0.007712
123, 0.329630, 0.008607
124, 0.329250, 0.008406
125, 0.329370, 0.007459
126, 0.329100, 0.008605
127, 0.328560, 0.007275
128, 0.328860, 0.008553
129, 0.328700, 0.008414
130, 0.328620, 0.007532
131, 0.328200, 0.008379
132, 0.328250, 0.007665
133, 0.327960, 0.008503
134, 0.327980, 0.008665
135, 0.327490, 0.007507
136, 0.327430, 0.008544
137, 0.327290, 0.007565
138, 0.327280, 0.008476
139, 0.326850, 0.008301
140, 0.326930, 0.007497
141, 0.327220, 0.008282
142, 0.326610, 0.007447
143, 0.326820, 0.008178
144, 0.326680, 0.008407
145, 0.326510, 0.007517
146, 0.326740, 0.008454
147, 0.325880, 0.007534
148, 0.326150, 0.007979
149, 0.326110, 0.008384
150, 0.325940, 0.007630
151, 0.326060, 0.008089
152, 0.325370, 0.007425
153, 0.325830, 0.007844
154, 0.325420, 0.008536
155, 0.325680, 0.007359
156, 0.325490, 0.007971
157, 0.325290, 0.007653
158, 0.325640, 0.008432
159, 0.325580, 0.008637
160, 0.325150, 0.007645
161, 0.325330, 0.008096
162, 0.324800, 0.007559
163, 0.325150, 0.008351
164, 0.324970, 0.008196
165, 0.325040, 0.007595
166, 0.325370, 0.008519
167, 0.324470, 0.007873
168, 0.325020, 0.008415
169, 0.324950, 0.008219
170, 0.324660, 0.007555
171, 0.325020, 0.008540
172, 0.324430, 0.007628
173, 0.324780, 0.008419
174, 0.324620, 0.008547
175, 0.324430, 0.007764
176, 0.324470, 0.008194
177, 0.324190, 0.007460
178, 0.324570, 0.008268
179, 0.324450, 0.008318
180, 0.323970, 0.007693
181, 0.324420, 0.008222
182, 0.324460, 0.008518
183, 0.324610, 0.008508
184, 0.324570, 0.008507
185, 0.323550, 0.007618
186, 0.324420, 0.008403
187, 0.323930, 0.007411
188, 0.323960, 0.008291
189, 0.324160, 0.008142
190, 0.324180, 0.008416
191, 0.324310, 0.008200
192, 0.323740, 0.007570
193, 0.323930, 0.008422
194, 0.324400, 0.008478
195, 0.323540, 0.007752
196, 0.324320, 0.008577
197, 0.323900, 0.007488
198, 0.323650, 0.008264
199, 0.324010, 0.008270
200, 0.323260, 0.007513
201, 0.323950, 0.008334
202, 0.323600, 0.007486
203, 0.323910, 0.008572
204, 0.323820, 0.008186
205, 0.323530, 0.008004
206, 0.324090, 0.008371
207, 0.323560, 0.008198
208, 0.323690, 0.007486
209, 0.323800, 0.008244
210, 0.323350, 0.007667
211, 0.323800, 0.008317
212, 0.323680, 0.007922
213, 0.323270, 0.007937
214, 0.323690, 0.008239
215, 0.323350, 0.007909
216, 0.323850, 0.008402
217, 0.323540, 0.008214
218, 0.323300, 0.007512
219, 0.323710, 0.008271
220, 0.323380, 0.007568
221, 0.323690, 0.008047
222, 0.323640, 0.008077
223, 0.323160, 0.007699
224, 0.323670, 0.008151
225, 0.323180, 0.007882
226, 0.323600, 0.007923
227, 0.323690, 0.008438
228, 0.322940, 0.007396
229, 0.323580, 0.008108
230, 0.323140, 0.007629
231, 0.323620, 0.008056
232, 0.323650, 0.008071
233, 0.323210, 0.007781
234, 0.323460, 0.008083
235, 0.323170, 0.007550
236, 0.323580, 0.008481
237, 0.323330, 0.008009
238, 0.322900, 0.007545
239, 0.323710, 0.008124
240, 0.323320, 0.007413
241, 0.323380, 0.008081
242, 0.323490, 0.008287
243, 0.323150, 0.007938
244, 0.323670, 0.008210
245, 0.323600, 0.007519
246, 0.323170, 0.008209
247, 0.323320, 0.008146
248, 0.323110, 0.007389
249, 0.323410, 0.008090
250, 0.323430, 0.007600
251, 0.323110, 0.008465
252, 0.323580, 0.008296
253, 0.323140, 0.007879
254, 0.323420, 0.008255
255, 0.323590, 0.007475
256, 0.323180, 0.008399
257, 0.324090, 0.008319
258, 0.323070, 0.007549
259, 0.323360, 0.007803
260, 0.323210, 0.007238
261, 0.322900, 0.008314
262, 0.323460, 0.008134
263, 0.322880, 0.007506
264, 0.323770, 0.008431
265, 0.323430, 0.007737
266, 0.322970, 0.008448
267, 0.323390, 0.008673
268, 0.323430, 0.007704
269, 0.323340, 0.008356
270, 0.323300, 0.007564
271, 0.323110, 0.008031
272, 0.323390, 0.008234
273, 0.323620, 0.007476
274, 0.322890, 0.008222
275, 0.323280, 0.007489
276, 0.323170, 0.008324
277, 0.323640, 0.008289
278, 0.323210, 0.007413
279, 0.322810, 0.008498
280, 0.323550, 0.007561
281, 0.322960, 0.008144
282, 0.323850, 0.007736
283, 0.323210, 0.007327
284, 0.322760, 0.008345
285, 0.323390, 0.007419
286, 0.322930, 0.008063
287, 0.323580, 0.008208
288, 0.323060, 0.007339
289, 0.323110, 0.008464
290, 0.323250, 0.007260
291, 0.323000, 0.008109
292, 0.323270, 0.008026
293, 0.323380, 0.007536
294, 0.322990, 0.007935
295, 0.323420, 0.007256
296, 0.322970, 0.008168
297, 0.323380, 0.008466
298, 0.323310, 0.007502
299, 0.322900, 0.008186
300, 0.323210, 0.007582
301, 0.323420, 0.008175
302, 0.323030, 0.007834
303, 0.323180, 0.007372
304, 0.322700, 0.008252
305, 0.323470, 0.007369
306, 0.323430, 0.008135
307, 0.323130, 0.008318
308, 0.323310, 0.007794
309, 0.322750, 0.007960
310, 0.323480, 0.007544
311, 0.323160, 0.008242
312, 0.322870, 0.008163
313, 0.323370, 0.007363
314, 0.323260, 0.008670
315, 0.323350, 0.007256
316, 0.323090, 0.008215
317, 0.322840, 0.007976
318, 0.323390, 0.007659
319, 0.323250, 0.008083
320, 0.323210, 0.007228
321, 0.323050, 0.008075
322, 0.323120, 0.008060
323, 0.323350, 0.007417
324, 0.323240, 0.008104
325, 0.322970, 0.007322
326, 0.323460, 0.008188
327, 0.322890, 0.008449
328, 0.323380, 0.007498
329, 0.323080, 0.008110
330, 0.323250, 0.007421
331, 0.323210, 0.008339
332, 0.322950, 0.008171
333, 0.323200, 0.007160
334, 0.323100, 0.008042
335, 0.323060, 0.007322
336, 0.323210, 0.008151
337, 0.322850, 0.008022
338, 0.323300, 0.007230
339, 0.323350, 0.008384
340, 0.322930, 0.007147
341, 0.323350, 0.008177
342, 0.323180, 0.008180
343, 0.323020, 0.007351
344, 0.323640, 0.008224
345, 0.322950, 0.007570
346, 0.323290, 0.008220
347, 0.322890, 0.008068
348, 0.323060, 0.007374
349, 0.323570, 0.008796
350, 0.322990, 0.007471
351, 0.323320, 0.007737
352, 0.323020, 0.008085
353, 0.323180, 0.007228
354, 0.323340, 0.008215
355, 0.323120, 0.007615
356, 0.323120, 0.007891
357, 0.323160, 0.008089
358, 0.323160, 0.007420
359, 0.323300, 0.008043
360, 0.323050, 0.007460
361, 0.323040, 0.007970
362, 0.323030, 0.007901
363, 0.323340, 0.007480
364, 0.323290, 0.007954
365, 0.322730, 0.007396
366, 0.323140, 0.007918
367, 0.323550, 0.008102
368, 0.323030, 0.007453
369, 0.323590, 0.008226
370, 0.322700, 0.007778
371, 0.323390, 0.008190
372, 0.323260, 0.008229
373, 0.323050, 0.007415
374, 0.323240, 0.008425
375, 0.322890, 0.007760
376, 0.323410, 0.008152
377, 0.323140, 0.008205
378, 0.323070, 0.007387
379, 0.323180, 0.007869
380, 0.322970, 0.007812
381, 0.323620, 0.008236
382, 0.323260, 0.008057
383, 0.322820, 0.007180
384, 0.323270, 0.008167
385, 0.322980, 0.007308
386, 0.323190, 0.007798
387, 0.323330, 0.008430
388, 0.322960, 0.007385
389, 0.323350, 0.008101
390, 0.322920, 0.007589
391, 0.323180, 0.008111
392, 0.323620, 0.007862
393, 0.322600, 0.007362
394, 0.323840, 0.008545
395, 0.322840, 0.007321
396, 0.323280, 0.008195
397, 0.323350, 0.008232
398, 0.322650, 0.007750
399, 0.323500, 0.007830
400, 0.323190, 0.007602
401, 0.323160, 0.008306
402, 0.323260, 0.008229
403, 0.322630, 0.007536
404, 0.323760, 0.008212
405, 0.322930, 0.007100
406, 0.323250, 0.008085
407, 0.323280, 0.008095
408, 0.322830, 0.007338
409, 0.323370, 0.008068
410, 0.323230, 0.008327
411, 0.322940, 0.007806
412, 0.323950, 0.009196
413, 0.323030, 0.007525
414, 0.323680, 0.008540
415, 0.323250, 0.008090
416, 0.323010, 0.007422
417, 0.323280, 0.008025
418, 0.323020, 0.007254
419, 0.323340, 0.008100
420, 0.323000, 0.008179
421, 0.323030, 0.007861
422, 0.323200, 0.008663
423, 0.322900, 0.007815
424, 0.323230, 0.007839
425, 0.323600, 0.008260
426, 0.322890, 0.007439
427, 0.323340, 0.008192
428, 0.322730, 0.007695
429, 0.323610, 0.008021
430, 0.323410, 0.008082
431, 0.323040, 0.007884
432, 0.323350, 0.008535
433, 0.323110, 0.007592
434, 0.323410, 0.008250
435, 0.323160, 0.008323
436, 0.322770, 0.007604
437, 0.323440, 0.008302
438, 0.323000, 0.007501
439, 0.323370, 0.008071
440, 0.323230, 0.008072
441, 0.322900, 0.007413
442, 0.323500, 0.008496
443, 0.323380, 0.007610
444, 0.323030, 0.008390
445, 0.323190, 0.008490
446, 0.322840, 0.007428
447, 0.323410, 0.008221
448, 0.323200, 0.007530
449, 0.323040, 0.008508
450, 0.323210, 0.008206
451, 0.322880, 0.007562
452, 0.323340, 0.008274
453, 0.323270, 0.007539
454, 0.322970, 0.008171
455, 0.323390, 0.008157
456, 0.323050, 0.007776
457, 0.323240, 0.008401
458, 0.323490, 0.007473
459, 0.322890, 0.008136
460, 0.323580, 0.008946
461, 0.322840, 0.007468
462, 0.323600, 0.008426
463, 0.323060, 0.007579
464, 0.322950, 0.008288
465, 0.323330, 0.008328
466, 0.323060, 0.007573
467, 0.323460, 0.008159
468, 0.323400, 0.007510
469, 0.322740, 0.008225
470, 0.323360, 0.008130
471, 0.323080, 0.007597
472, 0.323320, 0.008834
473, 0.323310, 0.008151
474, 0.322880, 0.008695
475, 0.323440, 0.008633
476, 0.323280, 0.007986
477, 0.323050, 0.008574
478, 0.323240, 0.007719
479, 0.322920, 0.008648
480, 0.323740, 0.008644
481, 0.323380, 0.007957
482, 0.322840, 0.008746
483, 0.323330, 0.008163
484, 0.322750, 0.008632
485, 0.323660, 0.008673
486, 0.323060, 0.007931
487, 0.322890, 0.008450
488, 0.323320, 0.008110
489, 0.322850, 0.008549
490, 0.323560, 0.008363
491, 0.323430, 0.008058
492, 0.323010, 0.008893
493, 0.323620, 0.008006
494, 0.322970, 0.008848
495, 0.323420, 0.008669
496, 0.323190, 0.007908
497, 0.322940, 0.008792
498, 0.323290, 0.008075
499, 0.323430, 0.008833
500, 0.323220, 0.008911
501, 0.323360, 0.007984
502, 0.322720, 0.008724
503, 0.323620, 0.008225
504, 0.323410, 0.008660
505, 0.323120, 0.008584
506, 0.323260, 0.008000
507, 0.322850, 0.008578
508, 0.323330, 0.007996
509, 0.323420, 0.008621
510, 0.322890, 0.008585
511, 0.323390, 0.007499
512, 0.323060, 0.008861
513, 0.323800, 0.007842
514, 0.323330, 0.008536
515, 0.323370, 0.008768
516, 0.323460, 0.008032
517, 0.323210, 0.008800
518, 0.323290, 0.007667
519, 0.323250, 0.008692
520, 0.323040, 0.008893
521, 0.323310, 0.007788
522, 0.323100, 0.008542
523, 0.323290, 0.007979
524, 0.323430, 0.008821
525, 0.322920, 0.008725
526, 0.323340, 0.007988
527, 0.323080, 0.008587
528, 0.323260, 0.008180
529, 0.323320, 0.008533
530, 0.323130, 0.009058
531, 0.323180, 0.007843
532, 0.323290, 0.008755
533, 0.323180, 0.008237
534, 0.323290, 0.008731
535, 0.322770, 0.008654
536, 0.323560, 0.007733
537, 0.323190, 0.008474
538, 0.323020, 0.007933
539, 0.323270, 0.008672
540, 0.323110, 0.008726
541, 0.323210, 0.007945
542, 0.323600, 0.009049
543, 0.323020, 0.008036
544, 0.323300, 0.009110
545, 0.323130, 0.008490
546, 0.323170, 0.008106
547, 0.323380, 0.008872
548, 0.323060, 0.007880
549, 0.323360, 0.008635
550, 0.323140, 0.008738
551, 0.323220, 0.007816
552, 0.323530, 0.008739
553, 0.323110, 0.007832
554, 0.323420, 0.009029
555, 0.323230, 0.008703
556, 0.323130, 0.007722
557, 0.323370, 0.008542
558, 0.323010, 0.008001
559, 0.323410, 0.009112
560, 0.323120, 0.008678
561, 0.323410, 0.007765
562, 0.323470, 0.008711
563, 0.323260, 0.008288
564, 0.323280, 0.008926
565, 0.323270, 0.008661
566, 0.323370, 0.007881
567, 0.323610, 0.008783
568, 0.322870, 0.007924
569, 0.323220, 0.008767
570, 0.323320, 0.008949
571, 0.323080, 0.007853
572, 0.323340, 0.008766
573, 0.323080, 0.007944
574, 0.323520, 0.008859
575, 0.323080, 0.008611
576, 0.323180, 0.007722
577, 0.323520, 0.008623
578, 0.322680, 0.007991
579, 0.323610, 0.008412
580, 0.323280, 0.009201
581, 0.323060, 0.007866
582, 0.323200, 0.008504
583, 0.322890, 0.007644
584, 0.323430, 0.008899
585, 0.323330, 0.008693
586, 0.322990, 0.007603
587, 0.323380, 0.008763
588, 0.322900, 0.007712
589, 0.323470, 0.008654
590, 0.323530, 0.008538
591, 0.322810, 0.007751
592, 0.323480, 0.008609
593, 0.322890, 0.007884
594, 0.323340, 0.008770
595, 0.323850, 0.009006
596, 0.322580, 0.007754
597, 0.323360, 0.008329
598, 0.323240, 0.007736
599, 0.323270, 0.008393
600, 0.323410, 0.008414
601, 0.322850, 0.008176
602, 0.323660, 0.008558
603, 0.323010, 0.007792
604, 0.323520, 0.008738
605, 0.323290, 0.009103
606, 0.322660, 0.007780
607, 0.323540, 0.008603
608, 0.322950, 0.008000
609, 0.323070, 0.008766
610, 0.323320, 0.008632
611, 0.322900, 0.007913
612, 0.323390, 0.008185
613, 0.323230, 0.008627
614, 0.323050, 0.007995
615, 0.323470, 0.008492
616, 0.322910, 0.007944
617, 0.323450, 0.008568
618, 0.323190, 0.008391
619, 0.322980, 0.007869
620, 0.323460, 0.008977
621, 0.322950, 0.007705
622, 0.323350, 0.008548
623, 0.323350, 0.008865
624, 0.323090, 0.007994
625, 0.323350, 0.009126
626, 0.322920, 0.008069
627, 0.323750, 0.008416
628, 0.323450, 0.008845
629, 0.323030, 0.008043
630, 0.323420, 0.008362
631, 0.322850, 0.007926
632, 0.323470, 0.008667
633, 0.323330, 0.008537
634, 0.322680, 0.007894
635, 0.323610, 0.008677
636, 0.322940, 0.007886
637, 0.323330, 0.008633
638, 0.323290, 0.008676
639, 0.322920, 0.007866
640, 0.323380, 0.008525
641, 0.323110, 0.007747
642, 0.323440, 0.008402
643, 0.323050, 0.008574
644, 0.322850, 0.007866
645, 0.323270, 0.008599
646, 0.323220, 0.007686
647, 0.323090, 0.008576
648, 0.323180, 0.008181
649, 0.323010, 0.007969
650, 0.323390, 0.008384
651, 0.323210, 0.007705
652, 0.323100, 0.008459
653, 0.323360, 0.008722
654, 0.323070, 0.008123
655, 0.323340, 0.008796
656, 0.323370, 0.007636
657, 0.322990, 0.008649
658, 0.323360, 0.008899
659, 0.322850, 0.007632
660, 0.323600, 0.008814
661, 0.323180, 0.007735
662, 0.322990, 0.008671
663, 0.323430, 0.008521
664, 0.323230, 0.007880
665, 0.323390, 0.008728
666, 0.323570, 0.008044
667, 0.322850, 0.008823
668, 0.323430, 0.008593
669, 0.322980, 0.007743
670, 0.323450, 0.008657
671, 0.323330, 0.007758
672, 0.322860, 0.008492
673, 0.323450, 0.008840
674, 0.322900, 0.007872
675, 0.323210, 0.008443
676, 0.323330, 0.007868
677, 0.322930, 0.008658
678, 0.323480, 0.008378
679, 0.323090, 0.007654
680, 0.323080, 0.008937
681, 0.323340, 0.007685
682, 0.322930, 0.008483
683, 0.323520, 0.008473
684, 0.323370, 0.007915
685, 0.323120, 0.008718
686, 0.323360, 0.008079
687, 0.322860, 0.008707
688, 0.323610, 0.008649
689, 0.323290, 0.007864
690, 0.322780, 0.008447
691, 0.323500, 0.007758
692, 0.322810, 0.008431
693, 0.323610, 0.008710
694, 0.323180, 0.007761
695, 0.322990, 0.008323
696, 0.323360, 0.007863
697, 0.323130, 0.008527
698, 0.323520, 0.008585
699, 0.323160, 0.007865
700, 0.322840, 0.008799
701, 0.323530, 0.008011
702, 0.323170, 0.008431
703, 0.323590, 0.008481
704, 0.323450, 0.007650
705, 0.323040, 0.008665
706, 0.323610, 0.008563
707, 0.323300, 0.008863
708, 0.322920, 0.008470
709, 0.323340, 0.007841
710, 0.322960, 0.008613
711, 0.323430, 0.007754
712, 0.323160, 0.008624
713, 0.323480, 0.009123
714, 0.323480, 0.007862
715, 0.323000, 0.008872
716, 0.323560, 0.008035
717, 0.323240, 0.008651
718, 0.323120, 0.009060
719, 0.323200, 0.008073
720, 0.322840, 0.008700
721, 0.323470, 0.007955
722, 0.323350, 0.008765
723, 0.322900, 0.008679
724, 0.323110, 0.007272
725, 0.323110, 0.008131
726, 0.323390, 0.007161
727, 0.323160, 0.008226
728, 0.323230, 0.008483
729, 0.323220, 0.007448
730, 0.323330, 0.008307
731, 0.323160, 0.007536
732, 0.323160, 0.008321
733, 0.322870, 0.008235
734, 0.323450, 0.007110
735, 0.323380, 0.008179
736, 0.323140, 0.007647
737, 0.323450, 0.008475
738, 0.323070, 0.008215
739, 0.323650, 0.007554
740, 0.323320, 0.008247
741, 0.323130, 0.007432
742, 0.323260, 0.007736
743, 0.323170, 0.008410
744, 0.323060, 0.007543
745, 0.323400, 0.008398
746, 0.323050, 0.007722
747, 0.323350, 0.008399
748, 0.323040, 0.008006
749, 0.323270, 0.007845
750, 0.323600, 0.008442
751, 0.323180, 0.007752
752, 0.323580, 0.008471
753, 0.323310, 0.008249
754, 0.323030, 0.007485
755, 0.323340, 0.008216
756, 0.323200, 0.007767
757, 0.323210, 0.008262
758, 0.322940, 0.008650
759, 0.323280, 0.007738
760, 0.323280, 0.008285
761, 0.322980, 0.007393
762, 0.323290, 0.008115
763, 0.323120, 0.008094
764, 0.323290, 0.007766
765, 0.323600, 0.008268
766, 0.322740, 0.007717
767, 0.323340, 0.008251
768, 0.323210, 0.008455
769, 0.323150, 0.007560
770, 0.323350, 0.008180
771, 0.322860, 0.007759
772, 0.323320, 0.008392
773, 0.323230, 0.008193
774, 0.322970, 0.007259
775, 0.323470, 0.008287
776, 0.323080, 0.007626
777, 0.323340, 0.008251
778, 0.323450, 0.008681
779, 0.322910, 0.007566
780, 0.323370, 0.008127
781, 0.322910, 0.007893
782, 0.323470, 0.008266
783, 0.323030, 0.008078
784, 0.323210, 0.007294
785, 0.323290, 0.008367
786, 0.322840, 0.007721
787, 0.323290, 0.008285
788, 0.323410, 0.008241
789, 0.323000, 0.007827
790, 0.323550, 0.008425
791, 0.322850, 0.007497
792, 0.323460, 0.008343
793, 0.323330, 0.008499
794, 0.322840, 0.007304
795, 0.323360, 0.008319
796, 0.323150, 0.007564
797, 0.323210, 0.008162
798, 0.323470, 0.007882
799, 0.323120, 0.008344
800, 0.323420, 0.008211
801, 0.323120, 0.007867
802, 0.323640, 0.008292
803, 0.323310, 0.008245
804, 0.322690, 0.007927
805, 0.323550, 0.008025
806, 0.323010, 0.007713
807, 0.323260, 0.008604
808, 0.323360, 0.008263
809, 0.322910, 0.008138
810, 0.323350, 0.007926
811, 0.323010, 0.007426
812, 0.323140, 0.008362
813, 0.323340, 0.008277
814, 0.322940, 0.007668
815, 0.323530, 0.008121
816, 0.323080, 0.007849
817, 0.323010, 0.008059
818, 0.323380, 0.008275
819, 0.322910, 0.007600
820, 0.323320, 0.008224
821, 0.323190, 0.008087
822, 0.323060, 0.007909
823, 0.323370, 0.008052
824, 0.322960, 0.007655
825, 0.323560, 0.008305
826, 0.323150, 0.008459
827, 0.323130, 0.007510
828, 0.323200, 0.008131
829, 0.322960, 0.008489
830, 0.323380, 0.008484
831, 0.323270, 0.008017
832, 0.322820, 0.007415
833, 0.323320, 0.008152
834, 0.322980, 0.007755
835, 0.323500, 0.008430
836, 0.323320, 0.008093
837, 0.322890, 0.007494
838, 0.323490, 0.008229
839, 0.322890, 0.007539
840, 0.323530, 0.008654
841, 0.323140, 0.008307
842, 0.322770, 0.007562
843, 0.323390, 0.008115
844, 0.323060, 0.007623
845, 0.323260, 0.008347
846, 0.323350, 0.008338
847, 0.322860, 0.007368
848, 0.323760, 0.010502
849, 0.323210, 0.007598
850, 0.323350, 0.009224
851, 0.323360, 0.008580
852, 0.323210, 0.008032
853, 0.323250, 0.008180
854, 0.323290, 0.007611
855, 0.323120, 0.008335
856, 0.323290, 0.008558
857, 0.322780, 0.007751
858, 0.323500, 0.008642
859, 0.323240, 0.007762
860, 0.322990, 0.008819
861, 0.323320, 0.008422
862, 0.323080, 0.007987
863, 0.323390, 0.008705
864, 0.323430, 0.007658
865, 0.322920, 0.008655
866, 0.323490, 0.008722
867, 0.322900, 0.007460
868, 0.323250, 0.008305
869, 0.323210, 0.007662
870, 0.323020, 0.009302
871, 0.323350, 0.008464
872, 0.323100, 0.007994
873, 0.323390, 0.008516
874, 0.323200, 0.007702
875, 0.323090, 0.008573
876, 0.323410, 0.008607
877, 0.323050, 0.007722
878, 0.323380, 0.008639
879, 0.323370, 0.007578
880, 0.322910, 0.008850
881, 0.323340, 0.008530
882, 0.323330, 0.008003
883, 0.323120, 0.008381
884, 0.323290, 0.007877
885, 0.322930, 0.008423
886, 0.323280, 0.008687
887, 0.323540, 0.007757
888, 0.322980, 0.008356
889, 0.323660, 0.007724
890, 0.322810, 0.008277
891, 0.323740, 0.008645
892, 0.323060, 0.007554
893, 0.322780, 0.008477
894, 0.323330, 0.007854
895, 0.323020, 0.008726
896, 0.323600, 0.008393
897, 0.323190, 0.007565
898, 0.322730, 0.008466
899, 0.323540, 0.007376
900, 0.323090, 0.008446
901, 0.323780, 0.008896
902, 0.322960, 0.007479
903, 0.322850, 0.008598
904, 0.323370, 0.007776
905, 0.322970, 0.008383
906, 0.323190, 0.008505
907, 0.323160, 0.007579
908, 0.323070, 0.008568
909, 0.323250, 0.007741
910, 0.323250, 0.008402
911, 0.323170, 0.008756
912, 0.323500, 0.007968
913, 0.323010, 0.008660
914, 0.323400, 0.007489
915, 0.323330, 0.008515
916, 0.323070, 0.008722
917, 0.323510, 0.007957
918, 0.322790, 0.008320
919, 0.323390, 0.007689
920, 0.323450, 0.008060
921, 0.322900, 0.008996
922, 0.323490, 0.008084
923, 0.322880, 0.008773
924, 0.323710, 0.007746
925, 0.323300, 0.008459
926, 0.323130, 0.008119
927, 0.323220, 0.007740
928, 0.323090, 0.008671
929, 0.323420, 0.008151
930, 0.323210, 0.008771
931, 0.322900, 0.008798
932, 0.323420, 0.007675
933, 0.323170, 0.008411
934, 0.323210, 0.007586
935, 0.323040, 0.008473
936, 0.323140, 0.008573
937, 0.323530, 0.007704
938, 0.323310, 0.008471
939, 0.323200, 0.008001
940, 0.323300, 0.008300
941, 0.322830, 0.008499
942, 0.323230, 0.008114
943, 0.323230, 0.008566
944, 0.323100, 0.007475
945, 0.323640, 0.008689
946, 0.323000, 0.008442
947, 0.323280, 0.007656
948, 0.323250, 0.008216
949, 0.323050, 0.007706
950, 0.323360, 0.008271
951, 0.323330, 0.008681
952, 0.322940, 0.008184
953, 0.323350, 0.008660
954, 0.323040, 0.007684
955, 0.323260, 0.008744
956, 0.323070, 0.008606
957, 0.323330, 0.007469
958, 0.323530, 0.008374
959, 0.323180, 0.007789
960, 0.323300, 0.008450
961, 0.323220, 0.008334
962, 0.323220, 0.007971
963, 0.323640, 0.008493
964, 0.322840, 0.007534
965, 0.323180, 0.008380
966, 0.323240, 0.008855
967, 0.323060, 0.007732
968, 0.323290, 0.008204
969, 0.322960, 0.007579
970, 0.323330, 0.008491
971, 0.323120, 0.008222
972, 0.323050, 0.008236
973, 0.323390, 0.008608
974, 0.323020, 0.007712
975, 0.323290, 0.008666
976, 0.323520, 0.008443
977, 0.322920, 0.007905
978, 0.323470, 0.008328
979, 0.322820, 0.007935
980, 0.323370, 0.008436
981, 0.323100, 0.008474
982, 0.323290, 0.007811
983, 0.323360, 0.008492
984, 0.322840, 0.007678
985, 0.323600, 0.008022
986, 0.323530, 0.008535
987, 0.322980, 0.007609
988, 0.323470, 0.008337
989, 0.322790, 0.007807
990, 0.323560, 0.008164
991, 0.323060, 0.008573
992, 0.323000, 0.007742
993, 0.323420, 0.008840
994, 0.323080, 0.007805
995, 0.323380, 0.008329
996, 0.323670, 0.008563
997, 0.322700, 0.007949
998, 0.323280, 0.008235
999, 0.323050, 0.007930
1000, 0.323310, 0.008699
1001, 0.323450, 0.008295
1002, 0.322750, 0.007868
1003, 0.323410, 0.008518
1004, 0.322970, 0.007509
1005, 0.323480, 0.008227
1006, 0.323310, 0.008240
1007, 0.322720, 0.007277
1008, 0.323410, 0.008139
1009, 0.323150, 0.007490
1010, 0.323280, 0.008494
1011, 0.323400, 0.008529
1012, 0.322800, 0.007506
1013, 0.323630, 0.008357
1014, 0.323020, 0.007314
1015, 0.323240, 0.008318
1016, 0.323350, 0.008335
1017, 0.322730, 0.007888
1018, 0.323530, 0.008533
1019, 0.323330, 0.008216
1020, 0.323000, 0.007591
1021, 0.323360, 0.008561
1022, 0.322850, 0.007763
1023, 0.323690, 0.008546
1024, 0.323070, 0.008084
1025, 0.324210, 0.008015
1026, 0.323340, 0.008117
1027, 0.323080, 0.007545
1028, 0.323490, 0.008372
1029, 0.323340, 0.008471
1030, 0.323150, 0.007422
1031, 0.323430, 0.008166
1032, 0.322960, 0.007620
1033, 0.323320, 0.008118
1034, 0.323350, 0.008520
1035, 0.322790, 0.007594
1036, 0.323260, 0.008105
1037, 0.323110, 0.007869
1038, 0.323510, 0.008231
1039, 0.323280, 0.008047
1040, 0.322790, 0.007485
1041, 0.323300, 0.008359
1042, 0.322940, 0.007427
1043, 0.323430, 0.007941
1044, 0.323280, 0.008471
1045, 0.322710, 0.007522
1046, 0.323350, 0.008367
1047, 0.323030, 0.007513
1048, 0.323350, 0.008230
1049, 0.323160, 0.008393
1050, 0.323000, 0.007794
1051, 0.323300, 0.008436
1052, 0.323280, 0.007530
1053, 0.323080, 0.008297
1054, 0.323340, 0.008406
1055, 0.322780, 0.007559
1056, 0.323430, 0.008313
1057, 0.323180, 0.007307
1058, 0.323200, 0.008316
1059, 0.323470, 0.008377
1060, 0.322940, 0.007588
1061, 0.323410, 0.008232
1062, 0.323520, 0.007485
1063, 0.322880, 0.008181
1064, 0.323550, 0.008677
1065, 0.322790, 0.007691
1066, 0.323400, 0.008169
1067, 0.323410, 0.007772
1068, 0.322870, 0.008254
1069, 0.323510, 0.008147
1070, 0.322890, 0.007612
1071, 0.323310, 0.008449
1072, 0.323270, 0.007450
1073, 0.322980, 0.008257
1074, 0.323490, 0.008091
1075, 0.323120, 0.007691
1076, 0.323230, 0.008291
1077, 0.323250, 0.007407
1078, 0.322870, 0.008457
1079, 0.323400, 0.008311
1080, 0.323040, 0.007673
1081, 0.323320, 0.008457
1082, 0.323230, 0.007370
1083, 0.322730, 0.008536
1084, 0.323270, 0.008191
1085, 0.323450, 0.007736
1086, 0.322920, 0.008200
1087, 0.323560, 0.007238
1088, 0.322750, 0.008523
1089, 0.323410, 0.008172
1090, 0.323310, 0.007500
1091, 0.322840, 0.008063
1092, 0.323390, 0.007371
1093, 0.323110, 0.008329
1094, 0.323600, 0.008011
1095, 0.323340, 0.007932
1096, 0.322890, 0.008536
1097, 0.323330, 0.007393
1098, 0.323100, 0.008006
1099, 0.323680, 0.008067
1100, 0.323140, 0.007351
1101, 0.322870, 0.008434
1102, 0.323340, 0.007693
1103, 0.322970, 0.008150
1104, 0.323330, 0.008333
1105, 0.323210, 0.007437
1106, 0.322960, 0.008658
1107, 0.323300, 0.007539
1108, 0.323070, 0.008124
1109, 0.323200, 0.008056
1110, 0.323140, 0.007510
1111, 0.322910, 0.008114
1112, 0.323530, 0.007141
1113, 0.323110, 0.007880
1114, 0.323220, 0.008171
1115, 0.323050, 0.007373
1116, 0.323050, 0.008516
1117, 0.323250, 0.007181
1118, 0.323400, 0.008207
1119, 0.323060, 0.008166
1120, 0.323200, 0.007338
1121, 0.322840, 0.008338
1122, 0.323290, 0.007300
1123, 0.323540, 0.008295
1124, 0.323110, 0.008480
1125, 0.323260, 0.007385
1126, 0.322960, 0.008456
1127, 0.323490, 0.007407
1128, 0.323250, 0.008126
1129, 0.322950, 0.008262
1130, 0.323210, 0.007195
1131, 0.323080, 0.008041
1132, 0.323370, 0.007382
1133, 0.323050, 0.007853
1134, 0.322890, 0.008224
1135, 0.323470, 0.007449
1136, 0.323320, 0.008603
1137, 0.323120, 0.007496
1138, 0.323200, 0.008301
1139, 0.322700, 0.008086
1140, 0.323350, 0.007548
1141, 0.323090, 0.008107
1142, 0.323120, 0.007126
1143, 0.323390, 0.007892
1144, 0.322950, 0.008255
1145, 0.323060, 0.007358
1146, 0.323220, 0.008038
1147, 0.323170, 0.007681
1148, 0.323220, 0.008023
1149, 0.323360, 0.008338
1150, 0.322970, 0.007248
1151, 0.323250, 0.008153
1152, 0.322940, 0.007219
1153, 0.323220, 0.008046
1154, 0.323040, 0.008554
1155, 0.323060, 0.007119
1156, 0.323210, 0.007968
1157, 0.323020, 0.007523
1158, 0.323270, 0.008139
1159, 0.323080, 0.008023
1160, 0.323200, 0.007563
1161, 0.323320, 0.008119
1162, 0.323100, 0.007286
1163, 0.323200, 0.007984
1164, 0.323180, 0.008242
1165, 0.323180, 0.007432
1166, 0.323350, 0.008042
1167, 0.323060, 0.007712
1168, 0.323230, 0.007811
1169, 0.323170, 0.008161
1170, 0.323060, 0.007320
1171, 0.323160, 0.007919
1172, 0.322900, 0.007499
1173, 0.323370, 0.008169
1174, 0.323230, 0.008124
1175, 0.322960, 0.007268
1176, 0.323380, 0.008081
1177, 0.322800, 0.007196
1178, 0.323210, 0.008608
1179, 0.323130, 0.007807
1180, 0.323220, 0.007152
1181, 0.323210, 0.008121
1182, 0.322860, 0.007269
1183, 0.323160, 0.008051
1184, 0.323360, 0.008022
1185, 0.323040, 0.007327
1186, 0.323330, 0.008106
1187, 0.322540, 0.007424
1188, 0.323400, 0.008247
1189, 0.323190, 0.008147
1190, 0.322950, 0.007250
1191, 0.323370, 0.007802
1192, 0.323450, 0.009456
1193, 0.323260, 0.008096
1194, 0.323080, 0.007942
1195, 0.323030, 0.007554
1196, 0.323460, 0.008158
1197, 0.322780, 0.007224
1198, 0.323500, 0.008149
1199, 0.323220, 0.008330
1200, 0.322980, 0.007357
1201, 0.323430, 0.007944
1202, 0.322720, 0.007411
1203, 0.323280, 0.008132
1204, 0.323420, 0.007822
1205, 0.322720, 0.007266
1206, 0.323300, 0.008153
1207, 0.322810, 0.007076
1208, 0.323330, 0.008155
1209, 0.323520, 0.008017
1210, 0.322550, 0.007185
1211, 0.323510, 0.008132
1212, 0.323130, 0.007329
1213, 0.323240, 0.008155
1214, 0.323210, 0.008000
1215, 0.322680, 0.007234
1216, 0.323470, 0.007999
1217, 0.323120, 0.007592
1218, 0.323130, 0.008059
1219, 0.323270, 0.008322
1220, 0.322560, 0.007307
1221, 0.323610, 0.008108
1222, 0.323300, 0.008335
1223, 0.323050, 0.007549
1224, 0.323150, 0.008221
1225, 0.322680, 0.007405
1226, 0.323460, 0.008088
1227, 0.323140, 0.007812
1228, 0.323060, 0.007335
1229, 0.323250, 0.008054
1230, 0.322890, 0.007850
1231, 0.323360, 0.008093
1232, 0.323170, 0.008240
1233, 0.323000, 0.007519
1234, 0.323250, 0.007931
1235, 0.323000, 0.007507
1236, 0.323490, 0.008180
1237, 0.323330, 0.008257
1238, 0.322730, 0.007294
1239, 0.323150, 0.008204
1240, 0.323080, 0.007851
1241, 0.323500, 0.008170
1242, 0.323440, 0.008301
1243, 0.322840, 0.007404
1244, 0.323270, 0.008042
1245, 0.322850, 0.007540
1246, 0.323580, 0.007812
1247, 0.323270, 0.008164
1248, 0.323200, 0.007584
1249, 0.323280, 0.008052
1250, 0.322980, 0.007663
1251, 0.323200, 0.007950
1252, 0.323130, 0.008073
1253, 0.322810, 0.007353
1254, 0.323490, 0.008094
1255, 0.323010, 0.007164
1256, 0.323250, 0.008347
1257, 0.323240, 0.008218
1258, 0.322860, 0.007440
1259, 0.323340, 0.007762
1260, 0.323390, 0.007436
1261, 0.323040, 0.008190
1262, 0.323420, 0.008214
1263, 0.322890, 0.007630
1264, 0.323380, 0.008153
1265, 0.323190, 0.007259
1266, 0.323090, 0.008285
1267, 0.323220, 0.008064
1268, 0.322780, 0.007308
1269, 0.323260, 0.008092
1270, 0.323260, 0.007127
1271, 0.323030, 0.008422
1272, 0.323520, 0.008501
1273, 0.322990, 0.007307
1274, 0.323210, 0.008129
1275, 0.323250, 0.007541
1276, 0.322830, 0.008151
1277, 0.323270, 0.008068
1278, 0.322970, 0.007468
1279, 0.323380, 0.008073
1280, 0.323110, 0.007119
1281, 0.323070, 0.008313
1282, 0.323210, 0.007849
1283, 0.323010, 0.007394
1284, 0.323290, 0.008116
1285, 0.323560, 0.007309
1286, 0.322780, 0.008275
1287, 0.323410, 0.008119
1288, 0.323260, 0.007402
1289, 0.322860, 0.008011
1290, 0.323330, 0.007403
1291, 0.323180, 0.009086
1292, 0.323270, 0.008136
1293, 0.323350, 0.007205
1294, 0.322950, 0.008239
1295, 0.323300, 0.007391
1296, 0.322880, 0.008280
1297, 0.323430, 0.008045
1298, 0.323330, 0.007321
1299, 0.322910, 0.008397
1300, 0.323200, 0.007320
1301, 0.322810, 0.008127
1302, 0.323550, 0.008242
1303, 0.323260, 0.007726
1304, 0.322890, 0.008369
1305, 0.323400, 0.007299
1306, 0.322960, 0.008161
1307, 0.323430, 0.008046
1308, 0.323230, 0.007261
1309, 0.322710, 0.008042
1310, 0.323550, 0.007096
1311, 0.322970, 0.008229
1312, 0.323380, 0.008283
1313, 0.323060, 0.007351
1314, 0.322770, 0.008213
1315, 0.323230, 0.007151
1316, 0.323490, 0.008294
1317, 0.323130, 0.008243
1318, 0.323110, 0.007331
1319, 0.322790, 0.008397
1320, 0.323380, 0.007347
1321, 0.323290, 0.007741
1322, 0.323270, 0.008211
1323, 0.323300, 0.007087
1324, 0.322870, 0.008229
1325, 0.323230, 0.007178
1326, 0.323260, 0.008093
1327, 0.323060, 0.008322
1328, 0.323330, 0.007143
1329, 0.322990, 0.008459
1330, 0.323270, 0.007361
1331, 0.323210, 0.008137
1332, 0.322860, 0.007961
1333, 0.323410, 0.007676
1334, 0.323120, 0.008283
1335, 0.323360, 0.007297
1336, 0.323240, 0.007891
1337, 0.323070, 0.008716
1338, 0.323080, 0.007397
1339, 0.323080, 0.008073
1340, 0.323210, 0.007399
1341, 0.323310, 0.008093
1342, 0.322910, 0.008076
1343, 0.323210, 0.007386
1344, 0.322990, 0.007831
1345, 0.323180, 0.007334
1346, 0.323310, 0.007958
1347, 0.323190, 0.007963
1348, 0.322980, 0.007190
1349, 0.323160, 0.008048
1350, 0.323110, 0.007470
1351, 0.323170, 0.008082
1352, 0.322990, 0.007933
1353, 0.323200, 0.007545
1354, 0.323200, 0.008313
1355, 0.322990, 0.007194
1356, 0.323250, 0.007984
1357, 0.323100, 0.007835
1358, 0.323100, 0.007557
1359, 0.323540, 0.008360
1360, 0.323010, 0.007230
1361, 0.323660, 0.008781
1362, 0.322970, 0.008210
1363, 0.323050, 0.007383
1364, 0.323280, 0.008339
1365, 0.322970, 0.007450
1366, 0.323460, 0.008029
1367, 0.323030, 0.008047
1368, 0.323150, 0.007091
1369, 0.323390, 0.007926
1370, 0.323030, 0.007359
1371, 0.323220, 0.007967
1372, 0.323310, 0.008266
1373, 0.323000, 0.007362
1374, 0.323350, 0.008035
1375, 0.322740, 0.007049
1376, 0.323170, 0.008087
1377, 0.323250, 0.007967
1378, 0.323030, 0.007250
1379, 0.323360, 0.008135
1380, 0.322870, 0.007484
1381, 0.323200, 0.008089
1382, 0.323210, 0.008284
1383, 0.323170, 0.007568
1384, 0.323600, 0.008600
1385, 0.322880, 0.007353
1386, 0.323230, 0.008067
1387, 0.323120, 0.007915
1388, 0.323050, 0.007342
1389, 0.323400, 0.007982
1390, 0.322720, 0.007387
1391, 0.323390, 0.008040
1392, 0.323210, 0.008206
1393, 0.322890, 0.007303
1394, 0.323430, 0.007961
1395, 0.322810, 0.007552
1396, 0.323550, 0.007928
1397, 0.323120, 0.008086
1398, 0.323020, 0.007411
1399, 0.323400, 0.007831
1400, 0.322980, 0.007585
1401, 0.323310, 0.007867
1402, 0.323210, 0.008350
1403, 0.322900, 0.007230
1404, 0.323350, 0.008324
1405, 0.322840, 0.007330
1406, 0.323380, 0.007932
1407, 0.323670, 0.008096
1408, 0.322670, 0.007566
1409, 0.323560, 0.008147
1410, 0.322670, 0.007251
1411, 0.323430, 0.008022
1412, 0.323360, 0.008054
1413, 0.322520, 0.007226
1414, 0.323150, 0.007999
1415, 0.323200, 0.007719
1416, 0.323290, 0.007679
1417, 0.323440, 0.008342
1418, 0.322620, 0.007420
1419, 0.323330, 0.007947
1420, 0.323180, 0.007474
1421, 0.323370, 0.008752
1422, 0.323410, 0.008739
1423, 0.322660, 0.007963
1424, 0.323590, 0.008743
1425, 0.322950, 0.008515
1426, 0.323260, 0.008348
1427, 0.323320, 0.008546
1428, 0.322880, 0.007941
1429, 0.323580, 0.008855
1430, 0.323080, 0.008589
1431, 0.323100, 0.007966
1432, 0.323290, 0.009027
1433, 0.322810, 0.007596
1434, 0.323610, 0.008665
1435, 0.323220, 0.008820
1436, 0.323080, 0.008192
1437, 0.323280, 0.008784
1438, 0.323010, 0.008325
1439, 0.323500, 0.008711
1440, 0.323470, 0.008775
1441, 0.322820, 0.008060
1442, 0.323400, 0.008869
1443, 0.322980, 0.008128
1444, 0.323550, 0.008523
1445, 0.323480, 0.008823
1446, 0.323230, 0.008299
1447, 0.323220, 0.008388
1448, 0.322900, 0.007889
1449, 0.323400, 0.008841
1450, 0.323210, 0.008775
1451, 0.322880, 0.007790
1452, 0.323510, 0.008755
1453, 0.322990, 0.008179
1454, 0.323550, 0.008541
1455, 0.323150, 0.009068
1456, 0.323080, 0.008375
1457, 0.323380, 0.008470
1458, 0.323240, 0.008097
1459, 0.323420, 0.008716
1460, 0.323260, 0.008512
1461, 0.322910, 0.007676
1462, 0.323370, 0.008542
1463, 0.323180, 0.008104
1464, 0.323250, 0.008930
1465, 0.323450, 0.008595
1466, 0.322870, 0.008012
1467, 0.323430, 0.008678
1468, 0.323370, 0.007915
1469, 0.323140, 0.008890
1470, 0.323460, 0.008688
1471, 0.323030, 0.008376
1472, 0.323360, 0.008552
1473, 0.323390, 0.007902
1474, 0.322770, 0.008350
1475, 0.323350, 0.008360
1476, 0.322990, 0.008218
1477, 0.323650, 0.008593
1478, 0.323310, 0.008082
1479, 0.322910, 0.008588
1480, 0.323350, 0.008584
1481, 0.323030, 0.007986
1482, 0.323440, 0.008490
1483, 0.323600, 0.007835
1484, 0.322840, 0.008745
1485, 0.323610, 0.008837
1486, 0.323040, 0.007552
1487, 0.323210, 0.009066
1488, 0.323430, 0.007442
1489, 0.322860, 0.008572
1490, 0.323270, 0.008592
1491, 0.323440, 0.007883
1492, 0.323030, 0.008642
1493, 0.323400, 0.007903
1494, 0.322880, 0.008286
1495, 0.323520, 0.008691
1496, 0.323450, 0.007612
1497, 0.322900, 0.008645
1498, 0.323280, 0.007828
1499, 0.322850, 0.008515
1500, 0.323640, 0.008618
1501, 0.323410, 0.007878
1502, 0.322920, 0.008651
1503, 0.323440, 0.007784
1504, 0.323160, 0.008605
1505, 0.323480, 0.008334
1506, 0.323310, 0.007810
1507, 0.322930, 0.008736
1508, 0.323700, 0.007445
1509, 0.323090, 0.008712
1510, 0.323630, 0.008958
1511, 0.323170, 0.007879
1512, 0.322830, 0.008604
1513, 0.323440, 0.007438
1514, 0.323240, 0.008278
1515, 0.323310, 0.008551
1516, 0.323150, 0.007342
1517, 0.322960, 0.008869
1518, 0.323490, 0.007430
1519, 0.323370, 0.008601
1520, 0.323330, 0.008333
1521, 0.323160, 0.007827
1522, 0.322890, 0.008256
1523, 0.323190, 0.007443
1524, 0.323140, 0.008367
1525, 0.323280, 0.008449
1526, 0.323250, 0.007620
1527, 0.322990, 0.008445
1528, 0.323390, 0.007729
1529, 0.323410, 0.008264
1530, 0.322920, 0.008228
1531, 0.323450, 0.007654
1532, 0.322990, 0.008202
1533, 0.323490, 0.007124
1534, 0.323500, 0.008385
1535, 0.323000, 0.008417
1536, 0.323160, 0.007336
1537, 0.323060, 0.008167
1538, 0.323430, 0.007781
1539, 0.323400, 0.008401
1540, 0.322830, 0.008442
1541, 0.323300, 0.007485
1542, 0.322970, 0.008287
1543, 0.323420, 0.007435
1544, 0.323120, 0.008365
1545, 0.323300, 0.008403
1546, 0.323300, 0.007648
1547, 0.323040, 0.008022
1548, 0.323280, 0.007850
1549, 0.323140, 0.008021
1550, 0.323170, 0.008216
1551, 0.323130, 0.007486
1552, 0.323140, 0.008358
1553, 0.323280, 0.007377
1554, 0.323170, 0.008206
1555, 0.322960, 0.008217
1556, 0.323230, 0.007629
1557, 0.323430, 0.008279
1558, 0.323280, 0.007621
1559, 0.323300, 0.008367
1560, 0.322900, 0.008392
1561, 0.323060, 0.007378
1562, 0.323530, 0.008099
1563, 0.323050, 0.007514
1564, 0.323470, 0.007913
1565, 0.322900, 0.008064
1566, 0.323110, 0.007035
1567, 0.323300, 0.008240
1568, 0.323030, 0.007536
1569, 0.323310, 0.008402
1570, 0.323190, 0.008460
1571, 0.323100, 0.007296
1572, 0.323360, 0.008448
1573, 0.322890, 0.007291
1574, 0.323080, 0.008113
1575, 0.323200, 0.008206
1576, 0.323360, 0.007591
1577, 0.323350, 0.008222
1578, 0.323060, 0.007560
1579, 0.323050, 0.008297
1580, 0.323300, 0.008112
1581, 0.323210, 0.007745
1582, 0.323620, 0.008538
1583, 0.322890, 0.007669
1584, 0.323280, 0.008400
1585, 0.323170, 0.008243
1586, 0.323120, 0.007574
1587, 0.323450, 0.008023
1588, 0.322750, 0.007371
1589, 0.323370, 0.008158
1590, 0.323250, 0.008202
1591, 0.322980, 0.007344
1592, 0.323530, 0.008330
1593, 0.322690, 0.007526
1594, 0.323600, 0.008010
1595, 0.323180, 0.008043
1596, 0.322890, 0.007439
1597, 0.323400, 0.007884
1598, 0.322690, 0.007287
1599, 0.323360, 0.008325
1600, 0.323150, 0.007975
1601, 0.323150, 0.007353
1602, 0.323250, 0.008323
1603, 0.322930, 0.007354
1604, 0.323160, 0.008150
1605, 0.323270, 0.008206
1606, 0.322900, 0.007336
1607, 0.323610, 0.008255
1608, 0.322820, 0.007380
1609, 0.323330, 0.008030
1610, 0.323410, 0.008401
1611, 0.322630, 0.007321
1612, 0.323310, 0.008122
1613, 0.322940, 0.007830
1614, 0.323340, 0.008243
1615, 0.323620, 0.008081
1616, 0.322600, 0.007551
1617, 0.323250, 0.008205
1618, 0.322790, 0.007529
1619, 0.323710, 0.007911
1620, 0.323370, 0.008371
1621, 0.322690, 0.007405
1622, 0.323430, 0.007941
1623, 0.322940, 0.007182
1624, 0.323310, 0.008069
1625, 0.323360, 0.007942
1626, 0.322900, 0.007230
1627, 0.323510, 0.008073
1628, 0.322830, 0.007412
1629, 0.323290, 0.008186
1630, 0.323640, 0.009046
1631, 0.322700, 0.007451
1632, 0.323500, 0.008168
1633, 0.323240, 0.008165
1634, 0.322950, 0.007357
1635, 0.323090, 0.007803
1636, 0.322740, 0.007602
1637, 0.323650, 0.007943
1638, 0.323220, 0.007831
1639, 0.322930, 0.007073
1640, 0.323230, 0.008245
1641, 0.322910, 0.007765
1642, 0.323530, 0.008115
1643, 0.323410, 0.008187
1644, 0.322950, 0.007202
1645, 0.323250, 0.008155
1646, 0.322970, 0.007414
1647, 0.323130, 0.007668
1648, 0.323260, 0.007870
1649, 0.322760, 0.007319
1650, 0.323400, 0.007681
1651, 0.322810, 0.007610
1652, 0.323660, 0.008256
1653, 0.323160, 0.007895
1654, 0.322850, 0.007331
1655, 0.323430, 0.007975
1656, 0.323060, 0.007340
1657, 0.323490, 0.007999
1658, 0.323110, 0.008079
1659, 0.322700, 0.007524
1660, 0.323340, 0.008084
1661, 0.323100, 0.007464
1662, 0.323140, 0.007912
1663, 0.323270, 0.008079
1664, 0.322870, 0.007592
1665, 0.323250, 0.008249
1666, 0.323210, 0.007409
1667, 0.323140, 0.008006
1668, 0.323320, 0.008015
1669, 0.322960, 0.007380
1670, 0.323270, 0.008203
1671, 0.323220, 0.007079
1672, 0.322790, 0.008336
1673, 0.323130, 0.007758
1674, 0.322880, 0.007403
1675, 0.323590, 0.007950
1676, 0.323200, 0.007297
1677, 0.322910, 0.008098
1678, 0.323320, 0.008218
1679, 0.322930, 0.007771
1680, 0.323580, 0.008036
1681, 0.323300, 0.007351
1682, 0.322870, 0.008262
1683, 0.323390, 0.008129
1684, 0.322930, 0.007458
1685, 0.323180, 0.007974
1686, 0.323280, 0.007372
1687, 0.322790, 0.008359
1688, 0.323590, 0.007874
1689, 0.323050, 0.007353
1690, 0.323100, 0.008012
1691, 0.323320, 0.007621
1692, 0.322890, 0.008077
1693, 0.323390, 0.008314
1694, 0.323550, 0.007223
1695, 0.323040, 0.008130
1696, 0.323310, 0.007441
1697, 0.322750, 0.007933
1698, 0.323150, 0.007631
1699, 0.323440, 0.007060
1700, 0.322900, 0.008481
1701, 0.323220, 0.007412
1702, 0.322820, 0.008092
1703, 0.323510, 0.008316
1704, 0.323360, 0.007213
1705, 0.322820, 0.008106
1706, 0.323420, 0.007185
1707, 0.323030, 0.008272
1708, 0.323390, 0.008161
1709, 0.323220, 0.007289
1710, 0.322740, 0.008170
1711, 0.323450, 0.007558
1712, 0.323130, 0.008294
1713, 0.323390, 0.008692
1714, 0.323110, 0.007403
1715, 0.322660, 0.008476
1716, 0.323840, 0.011675
1717, 0.323190, 0.008923
1718, 0.323470, 0.008753
1719, 0.323230, 0.008184
1720, 0.322940, 0.008534
1721, 0.323390, 0.008156
1722, 0.323210, 0.008893
1723, 0.323510, 0.008764
1724, 0.323140, 0.007894
1725, 0.323180, 0.008966
1726, 0.323280, 0.007940
1727, 0.323130, 0.008698
1728, 0.323230, 0.008462
1729, 0.323460, 0.008202
1730, 0.322920, 0.008591
1731, 0.323670, 0.007650
1732, 0.323310, 0.008907
1733, 0.323250, 0.009166
1734, 0.323210, 0.007914
1735, 0.323020, 0.008825
1736, 0.323260, 0.007775
1737, 0.323540, 0.008702
1738, 0.322910, 0.008728
1739, 0.323410, 0.007838
1740, 0.322990, 0.008746
1741, 0.323410, 0.008156
1742, 0.323400, 0.008675
1743, 0.323170, 0.008920
1744, 0.323290, 0.008082
1745, 0.323060, 0.008589
1746, 0.323290, 0.008173
1747, 0.323140, 0.008845
1748, 0.323260, 0.009007
1749, 0.323410, 0.007773
1750, 0.323080, 0.008915
1751, 0.323410, 0.007929
1752, 0.323150, 0.008541
1753, 0.323030, 0.008865
1754, 0.323260, 0.007937
1755, 0.323300, 0.008716
1756, 0.323430, 0.007746
1757, 0.323340, 0.008435
1758, 0.323020, 0.008674
1759, 0.323090, 0.007762
1760, 0.323370, 0.008668
1761, 0.323040, 0.007990
1762, 0.323420, 0.008268
1763, 0.323140, 0.008795
1764, 0.323190, 0.008129
1765, 0.323270, 0.008441
1766, 0.323020, 0.007833
1767, 0.323590, 0.008745
1768, 0.323040, 0.008628
1769, 0.323140, 0.007588
1770, 0.323390, 0.008392
1771, 0.322820, 0.007883
1772, 0.323320, 0.008580
1773, 0.323140, 0.008377
1774, 0.323350, 0.007650
1775, 0.323280, 0.008670
1776, 0.322980, 0.008004
1777, 0.323130, 0.008211
1778, 0.323330, 0.008579
1779, 0.323160, 0.007891
1780, 0.323680, 0.008706
1781, 0.322850, 0.007715
1782, 0.323100, 0.008495
1783, 0.323180, 0.008761
1784, 0.323180, 0.008207
1785, 0.323490, 0.008459
1786, 0.322930, 0.007691
1787, 0.323400, 0.008221
1788, 0.323370, 0.008704
1789, 0.323190, 0.007981
1790, 0.323350, 0.008090
1791, 0.322860, 0.007634
1792, 0.323520, 0.008316
1793, 0.323310, 0.008540
1794, 0.323230, 0.008322
1795, 0.323450, 0.008733
1796, 0.322680, 0.007774
1797, 0.323410, 0.008238
1798, 0.323230, 0.008579
1799, 0.322830, 0.007435
1800, 0.323420, 0.008340
1801, 0.323000, 0.007584
1802, 0.323340, 0.008228
1803, 0.323220, 0.008666
1804, 0.323080, 0.007976
1805, 0.323720, 0.008785
1806, 0.322970, 0.007944
1807, 0.323480, 0.008127
1808, 0.323140, 0.008065
1809, 0.323000, 0.007984
1810, 0.323640, 0.008694
1811, 0.322940, 0.007843
1812, 0.323380, 0.008427
1813, 0.323340, 0.008409
1814, 0.322710, 0.007500
1815, 0.323550, 0.008641
1816, 0.322980, 0.007808
1817, 0.323570, 0.008240
1818, 0.323490, 0.008335
1819, 0.322810, 0.007682
1820, 0.323200, 0.008210
1821, 0.322830, 0.007998
1822, 0.323660, 0.008292
1823, 0.323190, 0.008172
1824, 0.322870, 0.007643
1825, 0.323480, 0.008690
1826, 0.322820, 0.007665
1827, 0.323280, 0.008174
1828, 0.323340, 0.008363
1829, 0.322950, 0.007468
1830, 0.323650, 0.008175
1831, 0.323040, 0.007800
1832, 0.323210, 0.008128
1833, 0.323200, 0.008094
1834, 0.322770, 0.007609
1835, 0.323620, 0.008505
1836, 0.323010, 0.007299
1837, 0.323160, 0.008280
1838, 0.323480, 0.008439
1839, 0.322740, 0.007838
1840, 0.323600, 0.008447
1841, 0.323180, 0.008178
1842, 0.323140, 0.007586
1843, 0.323240, 0.008210
1844, 0.322830, 0.007692
1845, 0.323500, 0.008467
1846, 0.323400, 0.008515
1847, 0.323140, 0.007509
1848, 0.323200, 0.008034
1849, 0.322880, 0.007538
1850, 0.323340, 0.008551
1851, 0.323370, 0.008289
1852, 0.322830, 0.007693
1853, 0.323200, 0.008268
1854, 0.323110, 0.007852
1855, 0.323440, 0.008037
1856, 0.323140, 0.008358
1857, 0.322700, 0.007372
1858, 0.323260, 0.008070
1859, 0.323080, 0.007853
1860, 0.323290, 0.008095
1861, 0.323210, 0.008188
1862, 0.323040, 0.007521
1863, 0.323320, 0.008280
1864, 0.322850, 0.007649
1865, 0.323400, 0.008321
1866, 0.323390, 0.008563
1867, 0.323160, 0.007333
1868, 0.323320, 0.008151
1869, 0.323440, 0.007472
1870, 0.322730, 0.008082
1871, 0.323150, 0.008328
1872, 0.322890, 0.007471
1873, 0.323340, 0.008005
1874, 0.323470, 0.007669
1875, 0.322900, 0.008212
1876, 0.323210, 0.008588
1877, 0.323100, 0.007835
1878, 0.323350, 0.007758
1879, 0.323400, 0.007423
1880, 0.323050, 0.008249
1881, 0.323290, 0.008234
1882, 0.322960, 0.007605
1883, 0.323350, 0.008022
1884, 0.323260, 0.007548
1885, 0.322920, 0.008525
1886, 0.323550, 0.008238
1887, 0.323070, 0.007718
1888, 0.323200, 0.008060
1889, 0.323240, 0.007364
1890, 0.322770, 0.008169
1891, 0.323530, 0.008428
1892, 0.323110, 0.007630
1893, 0.323290, 0.008373
1894, 0.323200, 0.007490
1895, 0.322680, 0.008125
1896, 0.323400, 0.007984
1897, 0.323150, 0.007544
1898, 0.323160, 0.008174
1899, 0.323500, 0.007891
1900, 0.322950, 0.008371
1901, 0.323460, 0.008123
1902, 0.323320, 0.007617
1903, 0.322940, 0.008543
1904, 0.323510, 0.007260
1905, 0.322890, 0.008396
1906, 0.323380, 0.008082
1907, 0.323160, 0.007978
1908, 0.322690, 0.008052
1909, 0.323450, 0.007235
1910, 0.323080, 0.008100
1911, 0.323340, 0.008135
1912, 0.323360, 0.007537
1913, 0.322760, 0.008185
1914, 0.323500, 0.007421
1915, 0.323070, 0.008050
1916, 0.323390, 0.008140
1917, 0.323240, 0.007798
1918, 0.322790, 0.008191
1919, 0.323170, 0.007203
1920, 0.323000, 0.008168
1921, 0.323300, 0.007966
1922, 0.323070, 0.007294
1923, 0.323030, 0.008685
1924, 0.323340, 0.007659
1925, 0.323110, 0.008244
1926, 0.323120, 0.007910
1927, 0.323110, 0.007535
1928, 0.323040, 0.008349
1929, 0.323600, 0.007463
1930, 0.323100, 0.008174
1931, 0.323170, 0.008296
1932, 0.323180, 0.007430
1933, 0.322720, 0.008081
1934, 0.323470, 0.007426
1935, 0.323210, 0.008131
1936, 0.323200, 0.008331
1937, 0.323260, 0.007440
1938, 0.322880, 0.008227
1939, 0.323250, 0.007648
1940, 0.323390, 0.007906
1941, 0.323070, 0.008089
1942, 0.323580, 0.007311
1943, 0.323010, 0.008313
1944, 0.323200, 0.007697
1945, 0.323360, 0.008081
1946, 0.323140, 0.008260
1947, 0.323130, 0.007332
1948, 0.323170, 0.008318
1949, 0.323280, 0.007509
1950, 0.323020, 0.008130
1951, 0.323010, 0.008063
1952, 0.323270, 0.007344
1953, 0.323160, 0.008519
1954, 0.323460, 0.007359
1955, 0.323070, 0.008019
1956, 0.323040, 0.008168
1957, 0.323110, 0.007313
1958, 0.323230, 0.008084
1959, 0.323190, 0.007734
1960, 0.323250, 0.008076
1961, 0.323110, 0.008353
1962, 0.323600, 0.009267
1963, 0.323110, 0.008108
1964, 0.323090, 0.007415
1965, 0.323360, 0.008254
1966, 0.323110, 0.007992
1967, 0.323170, 0.007362
1968, 0.323320, 0.008097
1969, 0.322820, 0.007603
1970, 0.323450, 0.007972
1971, 0.323130, 0.008196
1972, 0.323130, 0.007269
1973, 0.323440, 0.008258
1974, 0.323220, 0.007489
1975, 0.322990, 0.008042
1976, 0.323240, 0.007777
1977, 0.323140, 0.007291
1978, 0.323400, 0.008072
1979, 0.323100, 0.007647
1980, 0.323210, 0.008058
1981, 0.323220, 0.008506
1982, 0.322980, 0.007250
1983, 0.323380, 0.008212
1984, 0.323050, 0.007813
1985, 0.323410, 0.008120
1986, 0.323190, 0.007912
1987, 0.323010, 0.007598
1988, 0.323390, 0.008005
1989, 0.322620, 0.007568
1990, 0.323400, 0.008460
1991, 0.323440, 0.008392
1992, 0.323010, 0.007603
1993, 0.323300, 0.008083
1994, 0.322710, 0.007728
1995, 0.323440, 0.008010
1996, 0.323120, 0.008094
1997, 0.323100, 0.007524
1998, 0.323480, 0.008310
1999, 0.322740, 0.007581
2000, 0.323400, 0.008722
2001, 0.323280, 0.008049
