Container_size, 67108864,key_space, 296068
request bin, mean_latency, sd
0, 54.921700, 2.919922
1, 22.630360, 1.568755
2, 13.738580, 1.216188
3, 9.292730, 1.253290
4, 5.641130, 1.316799
5, 3.460910, 1.298392
6, 2.185860, 1.081086
7, 1.556660, 1.019897
8, 1.365660, 0.950985
9, 1.205950, 0.794555
10, 1.093730, 0.693225
11, 0.986490, 0.622574
12, 0.889440, 0.492653
13, 0.827320, 0.470266
14, 0.795140, 0.399661
15, 0.754950, 0.371235
16, 0.688130, 0.325801
17, 0.611950, 0.191019
18, 0.573210, 0.202759
19, 0.543940, 0.178345
20, 0.522440, 0.110711
21, 0.518710, 0.102732
22, 0.514300, 0.075700
23, 0.512580, 0.071204
24, 0.516570, 0.119915
25, 0.511060, 0.085917
26, 0.508060, 0.066140
27, 0.508450, 0.077578
28, 0.504570, 0.060740
29, 0.503260, 0.059392
30, 0.500530, 0.038777
31, 0.497990, 0.030940
32, 0.496940, 0.035538
33, 0.495050, 0.021289
34, 0.493260, 0.012706
35, 0.491550, 0.012304
36, 0.490960, 0.012913
37, 0.489520, 0.012346
38, 0.488210, 0.013384
39, 0.487420, 0.012785
40, 0.486390, 0.012350
41, 0.485210, 0.012849
42, 0.483650, 0.012257
43, 0.482930, 0.013387
44, 0.482040, 0.013792
45, 0.480330, 0.009819
46, 0.479560, 0.010160
47, 0.478420, 0.010089
48, 0.477450, 0.010747
49, 0.476430, 0.010231
50, 0.475970, 0.009459
51, 0.475640, 0.010722
52, 0.474090, 0.009495
53, 0.473580, 0.010965
54, 0.473140, 0.010213
55, 0.472370, 0.009456
56, 0.471010, 0.010985
57, 0.470690, 0.009772
58, 0.469760, 0.010405
59, 0.468970, 0.010696
60, 0.468430, 0.009252
61, 0.467270, 0.010956
62, 0.466020, 0.009117
63, 0.465700, 0.010424
64, 0.465520, 0.010372
65, 0.465560, 0.010785
66, 0.464680, 0.010957
67, 0.463370, 0.010372
68, 0.463560, 0.011029
69, 0.463080, 0.011070
70, 0.461990, 0.010144
71, 0.461280, 0.010803
72, 0.460530, 0.010408
73, 0.460440, 0.011040
74, 0.460490, 0.010707
75, 0.459450, 0.010232
76, 0.458630, 0.011394
77, 0.458340, 0.009892
78, 0.458260, 0.011128
79, 0.458130, 0.010643
80, 0.456690, 0.010095
81, 0.456990, 0.011051
82, 0.455900, 0.010837
83, 0.456080, 0.010925
84, 0.456100, 0.010538
85, 0.454680, 0.010325
86, 0.455550, 0.011370
87, 0.454180, 0.010075
88, 0.454280, 0.010903
89, 0.453690, 0.010820
90, 0.453450, 0.010522
91, 0.453060, 0.010971
92, 0.452650, 0.010099
93, 0.452300, 0.010823
94, 0.452770, 0.011437
95, 0.452060, 0.010526
96, 0.451380, 0.010821
97, 0.451030, 0.010094
98, 0.451140, 0.010746
99, 0.450910, 0.010917
100, 0.450300, 0.010189
101, 0.450510, 0.010739
102, 0.449610, 0.010551
103, 0.449880, 0.011131
104, 0.449520, 0.010953
105, 0.448670, 0.010575
106, 0.448740, 0.011341
107, 0.448640, 0.010707
108, 0.448990, 0.010823
109, 0.448590, 0.011608
110, 0.447590, 0.010434
111, 0.447350, 0.011428
112, 0.447770, 0.010813
113, 0.447830, 0.011421
114, 0.447210, 0.011283
115, 0.446720, 0.010639
116, 0.446840, 0.011195
117, 0.446150, 0.010251
118, 0.446870, 0.011437
119, 0.446370, 0.011105
120, 0.446260, 0.010853
121, 0.445930, 0.011654
122, 0.446100, 0.010186
123, 0.446110, 0.011237
124, 0.445120, 0.011230
125, 0.445280, 0.010665
126, 0.445370, 0.011544
127, 0.445530, 0.010473
128, 0.445050, 0.012239
129, 0.445760, 0.011590
130, 0.445050, 0.011448
131, 0.444980, 0.011402
132, 0.445010, 0.010439
133, 0.444820, 0.011324
134, 0.444460, 0.011364
135, 0.444220, 0.010971
136, 0.443870, 0.011215
137, 0.444240, 0.010979
138, 0.443940, 0.010821
139, 0.443840, 0.011319
140, 0.443090, 0.010799
141, 0.444090, 0.010911
142, 0.443360, 0.011345
143, 0.443540, 0.011386
144, 0.443770, 0.011657
145, 0.443120, 0.010538
146, 0.443330, 0.011260
147, 0.443260, 0.010763
148, 0.443450, 0.011463
149, 0.442750, 0.011940
150, 0.442810, 0.010853
151, 0.442590, 0.011411
152, 0.443160, 0.010841
153, 0.442700, 0.011578
154, 0.442690, 0.011444
155, 0.442230, 0.010199
156, 0.442570, 0.010905
157, 0.442870, 0.011547
158, 0.443000, 0.011570
159, 0.442110, 0.011387
160, 0.441830, 0.010749
161, 0.442410, 0.011311
162, 0.442320, 0.010872
163, 0.442490, 0.011621
164, 0.442350, 0.011799
165, 0.441520, 0.010908
166, 0.442530, 0.011934
167, 0.442560, 0.010702
168, 0.441660, 0.011284
169, 0.441830, 0.011469
170, 0.441380, 0.010066
171, 0.442040, 0.011636
172, 0.441420, 0.010697
173, 0.441500, 0.011766
174, 0.441530, 0.011684
175, 0.441700, 0.010755
176, 0.442000, 0.011345
177, 0.441100, 0.010516
178, 0.441550, 0.012076
179, 0.441580, 0.011822
180, 0.441550, 0.011304
181, 0.441430, 0.011293
182, 0.441240, 0.010811
183, 0.441270, 0.011623
184, 0.441510, 0.011440
185, 0.441390, 0.011112
186, 0.441230, 0.011198
187, 0.441320, 0.011059
188, 0.441070, 0.011271
189, 0.441000, 0.011808
190, 0.441270, 0.011144
191, 0.441650, 0.011378
192, 0.440980, 0.011515
193, 0.440860, 0.010486
194, 0.441320, 0.012147
195, 0.441220, 0.011220
196, 0.440580, 0.011132
197, 0.440810, 0.011179
198, 0.440940, 0.011494
199, 0.441270, 0.011864
200, 0.441260, 0.010718
201, 0.440970, 0.011422
202, 0.441380, 0.011988
203, 0.440850, 0.011030
204, 0.441410, 0.011390
205, 0.440970, 0.010573
206, 0.441150, 0.011631
207, 0.440890, 0.011736
208, 0.440540, 0.010796
209, 0.441050, 0.011708
210, 0.440690, 0.011194
211, 0.440340, 0.011587
212, 0.440780, 0.012415
213, 0.440720, 0.010884
214, 0.440670, 0.011534
215, 0.440930, 0.010616
216, 0.440510, 0.011570
217, 0.440700, 0.012850
218, 0.440680, 0.011012
219, 0.440190, 0.011729
220, 0.440690, 0.010363
221, 0.440400, 0.011543
222, 0.440490, 0.011717
223, 0.440500, 0.010726
224, 0.440230, 0.012180
225, 0.440710, 0.010967
226, 0.440580, 0.011831
227, 0.440010, 0.011791
228, 0.440580, 0.011051
229, 0.440870, 0.011668
230, 0.440410, 0.010591
231, 0.440990, 0.011490
232, 0.440150, 0.011839
233, 0.440400, 0.010820
234, 0.440500, 0.011596
235, 0.440660, 0.010744
236, 0.440610, 0.012215
237, 0.439960, 0.011791
238, 0.439870, 0.010871
239, 0.440520, 0.012088
240, 0.439860, 0.010378
241, 0.440660, 0.011428
242, 0.440010, 0.011326
243, 0.440210, 0.010691
244, 0.440420, 0.011546
245, 0.440430, 0.010316
246, 0.440430, 0.011715
247, 0.440590, 0.011983
248, 0.440410, 0.010529
249, 0.440630, 0.011751
250, 0.440090, 0.010775
251, 0.440560, 0.011664
252, 0.439920, 0.010951
253, 0.440940, 0.011720
254, 0.440570, 0.012581
255, 0.439890, 0.010903
256, 0.440930, 0.011475
257, 0.440900, 0.011331
258, 0.440900, 0.010792
259, 0.440910, 0.011400
260, 0.440220, 0.010883
261, 0.440600, 0.011970
262, 0.440580, 0.011453
263, 0.440350, 0.010840
264, 0.440570, 0.010967
265, 0.440200, 0.010937
266, 0.440200, 0.011119
267, 0.440340, 0.011634
268, 0.440480, 0.010856
269, 0.439990, 0.011611
270, 0.440030, 0.010613
271, 0.440290, 0.011392
272, 0.440770, 0.011780
273, 0.439760, 0.010667
274, 0.440450, 0.011928
275, 0.440210, 0.011343
276, 0.440460, 0.011990
277, 0.440500, 0.011611
278, 0.440330, 0.011295
279, 0.440710, 0.011539
280, 0.440080, 0.010951
281, 0.440690, 0.011630
282, 0.440380, 0.011717
283, 0.440270, 0.010898
284, 0.440400, 0.011809
285, 0.439990, 0.010581
286, 0.440870, 0.011508
287, 0.440120, 0.011509
288, 0.440320, 0.010790
289, 0.440740, 0.011316
290, 0.439630, 0.010689
291, 0.440360, 0.011607
292, 0.440950, 0.011716
293, 0.440170, 0.010967
294, 0.440440, 0.011349
295, 0.440260, 0.010698
296, 0.440310, 0.012146
297, 0.440200, 0.011603
298, 0.440180, 0.011027
299, 0.439920, 0.011831
300, 0.440610, 0.010307
301, 0.440600, 0.011659
302, 0.440570, 0.011834
303, 0.440230, 0.010703
304, 0.440020, 0.011358
305, 0.439890, 0.010218
306, 0.440130, 0.011885
307, 0.439960, 0.011544
308, 0.440180, 0.010144
309, 0.440080, 0.011127
310, 0.440800, 0.010149
311, 0.440240, 0.011644
312, 0.440490, 0.011889
313, 0.440580, 0.011175
314, 0.440090, 0.011686
315, 0.440520, 0.010707
316, 0.440420, 0.011879
317, 0.440030, 0.012072
318, 0.439970, 0.010473
319, 0.440110, 0.011349
320, 0.440080, 0.011178
321, 0.440390, 0.011947
322, 0.440260, 0.011281
323, 0.439900, 0.010984
324, 0.439900, 0.011411
325, 0.440050, 0.010361
326, 0.440060, 0.011227
327, 0.440460, 0.011426
328, 0.440020, 0.011334
329, 0.440430, 0.012004
330, 0.440170, 0.011046
331, 0.440230, 0.011747
332, 0.440300, 0.011747
333, 0.440500, 0.010858
334, 0.440380, 0.011023
335, 0.440020, 0.010633
336, 0.440320, 0.011236
337, 0.440200, 0.011414
338, 0.440160, 0.010653
339, 0.440720, 0.011678
340, 0.440470, 0.010647
341, 0.440170, 0.011824
342, 0.440420, 0.011759
343, 0.440480, 0.011484
344, 0.440280, 0.011262
345, 0.440590, 0.010154
346, 0.440430, 0.011355
347, 0.439940, 0.011694
348, 0.439600, 0.011749
349, 0.439930, 0.012389
350, 0.439510, 0.011330
351, 0.439720, 0.012511
352, 0.438950, 0.012472
353, 0.438780, 0.011949
354, 0.439160, 0.012696
355, 0.438790, 0.011974
356, 0.438820, 0.012449
357, 0.437520, 0.013862
358, 0.437880, 0.013280
359, 0.437060, 0.013834
360, 0.436340, 0.013925
361, 0.435880, 0.014494
362, 0.435000, 0.015312
363, 0.434480, 0.014749
364, 0.434780, 0.014993
365, 0.434870, 0.015146
366, 0.434070, 0.016317
367, 0.433690, 0.015806
368, 0.433490, 0.015350
369, 0.433870, 0.015718
370, 0.433690, 0.015357
371, 0.432920, 0.016352
372, 0.433350, 0.016938
373, 0.431980, 0.016017
374, 0.431510, 0.016539
375, 0.430700, 0.016376
376, 0.429500, 0.017043
377, 0.429890, 0.017580
378, 0.429710, 0.016451
379, 0.429070, 0.017154
380, 0.428960, 0.017003
381, 0.428850, 0.016778
382, 0.428070, 0.017506
383, 0.428080, 0.016585
384, 0.427940, 0.017337
385, 0.428000, 0.017229
386, 0.427220, 0.016646
387, 0.426880, 0.017701
388, 0.426900, 0.017088
389, 0.426330, 0.017316
390, 0.426460, 0.017991
391, 0.425310, 0.016677
392, 0.424480, 0.017695
393, 0.424100, 0.016755
394, 0.423340, 0.017954
395, 0.423040, 0.017955
396, 0.422300, 0.016837
397, 0.421950, 0.018185
398, 0.421740, 0.016945
399, 0.421230, 0.017818
400, 0.421540, 0.017218
401, 0.420590, 0.016881
402, 0.420970, 0.018216
403, 0.420130, 0.016711
404, 0.419350, 0.017696
405, 0.418990, 0.017733
406, 0.418660, 0.016174
407, 0.418510, 0.017157
408, 0.418220, 0.016473
409, 0.417820, 0.017413
410, 0.417970, 0.017694
411, 0.417740, 0.016727
412, 0.416830, 0.016880
413, 0.417150, 0.016117
414, 0.416190, 0.016694
415, 0.416030, 0.016556
416, 0.414940, 0.015799
417, 0.414810, 0.015473
418, 0.413910, 0.014759
419, 0.413580, 0.015549
420, 0.412910, 0.014990
421, 0.413360, 0.014717
422, 0.412830, 0.015018
423, 0.412360, 0.014281
424, 0.412280, 0.014921
425, 0.411260, 0.014856
426, 0.411460, 0.014002
427, 0.411000, 0.014539
428, 0.410650, 0.013134
429, 0.411020, 0.014590
430, 0.410550, 0.014510
431, 0.410090, 0.012900
432, 0.410030, 0.014503
433, 0.409870, 0.014030
434, 0.410180, 0.013908
435, 0.409780, 0.014561
436, 0.409050, 0.013873
437, 0.409920, 0.014154
438, 0.409550, 0.013857
439, 0.409430, 0.014180
440, 0.409420, 0.014256
441, 0.408670, 0.013407
442, 0.409210, 0.014292
443, 0.408430, 0.013455
444, 0.408510, 0.013995
445, 0.408160, 0.014455
446, 0.408480, 0.013181
447, 0.408770, 0.015125
448, 0.407820, 0.013584
449, 0.407690, 0.014349
450, 0.407630, 0.014600
451, 0.407790, 0.013231
452, 0.407580, 0.014286
453, 0.407120, 0.013640
454, 0.407380, 0.014607
455, 0.406810, 0.014924
456, 0.407270, 0.013630
457, 0.407580, 0.015080
458, 0.406600, 0.013301
459, 0.406920, 0.014662
460, 0.406700, 0.014306
461, 0.406650, 0.013534
462, 0.406520, 0.014999
463, 0.405890, 0.014092
464, 0.406200, 0.014293
465, 0.406140, 0.014294
466, 0.405850, 0.013957
467, 0.405850, 0.014685
468, 0.405440, 0.013533
469, 0.406010, 0.014208
470, 0.405720, 0.014987
471, 0.405420, 0.013706
472, 0.405420, 0.014409
473, 0.404760, 0.013540
474, 0.405320, 0.014983
475, 0.405270, 0.014362
476, 0.404620, 0.013505
477, 0.405020, 0.014986
478, 0.404380, 0.013807
479, 0.405360, 0.014775
480, 0.404580, 0.015194
481, 0.403890, 0.013480
482, 0.405040, 0.015141
483, 0.404060, 0.013341
484, 0.404720, 0.014772
485, 0.404280, 0.015147
486, 0.403860, 0.014051
487, 0.403040, 0.015108
488, 0.403890, 0.013312
489, 0.403890, 0.014877
490, 0.403810, 0.015099
491, 0.403200, 0.013513
492, 0.403520, 0.015008
493, 0.403260, 0.013720
494, 0.403660, 0.014818
495, 0.403260, 0.015156
496, 0.403110, 0.013802
497, 0.402520, 0.014800
498, 0.403110, 0.013948
499, 0.403210, 0.014613
500, 0.402590, 0.015319
501, 0.402780, 0.013535
502, 0.402920, 0.015125
503, 0.402710, 0.014215
504, 0.402960, 0.014905
505, 0.402110, 0.014951
506, 0.402100, 0.013875
507, 0.402150, 0.015381
508, 0.402270, 0.014444
509, 0.402480, 0.014825
510, 0.402140, 0.015235
511, 0.401770, 0.013806
512, 0.401600, 0.015007
513, 0.402990, 0.013577
514, 0.402200, 0.014924
515, 0.401780, 0.014850
516, 0.401430, 0.013701
517, 0.401570, 0.015225
518, 0.402240, 0.014234
519, 0.402020, 0.015034
520, 0.401210, 0.015111
521, 0.401130, 0.014036
522, 0.401490, 0.015417
523, 0.401900, 0.014042
524, 0.401130, 0.014424
525, 0.401000, 0.014989
526, 0.401080, 0.013791
527, 0.400970, 0.014806
528, 0.401510, 0.014357
529, 0.401530, 0.015122
530, 0.400930, 0.014703
531, 0.400800, 0.013890
532, 0.401030, 0.015582
533, 0.401340, 0.014947
534, 0.400910, 0.014638
535, 0.400490, 0.015128
536, 0.400420, 0.014043
537, 0.400460, 0.015770
538, 0.401010, 0.014185
539, 0.400690, 0.015206
540, 0.400180, 0.015111
541, 0.400320, 0.014339
542, 0.400800, 0.014387
543, 0.400820, 0.013965
544, 0.400380, 0.014821
545, 0.400250, 0.014910
546, 0.400200, 0.013736
547, 0.400370, 0.015572
548, 0.400580, 0.014355
549, 0.400510, 0.014988
550, 0.400480, 0.014586
551, 0.400430, 0.014121
552, 0.400070, 0.015029
553, 0.400250, 0.013731
554, 0.400210, 0.014891
555, 0.399970, 0.014678
556, 0.399840, 0.013950
557, 0.400160, 0.015032
558, 0.399960, 0.013285
559, 0.400310, 0.015640
560, 0.399710, 0.015189
561, 0.399750, 0.014193
562, 0.399880, 0.015072
563, 0.399690, 0.014241
564, 0.399680, 0.015009
565, 0.399870, 0.014811
566, 0.399860, 0.014141
567, 0.399990, 0.015353
568, 0.399840, 0.013844
569, 0.399620, 0.015279
570, 0.399420, 0.014857
571, 0.399420, 0.013959
572, 0.400200, 0.014945
573, 0.400050, 0.014076
574, 0.399900, 0.015458
575, 0.399970, 0.015247
576, 0.399920, 0.013862
577, 0.400180, 0.015107
578, 0.399670, 0.015244
579, 0.399940, 0.014004
580, 0.399940, 0.014631
581, 0.399840, 0.014319
582, 0.399830, 0.015035
583, 0.400070, 0.014671
584, 0.399310, 0.013769
585, 0.399660, 0.014823
586, 0.399850, 0.014611
587, 0.399280, 0.015249
588, 0.399550, 0.014409
589, 0.399730, 0.014394
590, 0.399970, 0.014938
591, 0.399350, 0.013834
592, 0.399970, 0.014825
593, 0.399670, 0.014965
594, 0.399590, 0.013974
595, 0.399900, 0.015298
596, 0.399770, 0.014228
597, 0.399510, 0.015148
598, 0.399750, 0.015273
599, 0.399860, 0.014039
600, 0.400180, 0.014834
601, 0.399350, 0.014139
602, 0.399720, 0.015052
603, 0.399340, 0.015036
604, 0.399600, 0.014461
605, 0.399630, 0.014844
606, 0.399830, 0.014755
607, 0.399610, 0.015133
608, 0.399650, 0.015373
609, 0.399640, 0.013674
610, 0.399940, 0.015285
611, 0.398970, 0.014415
612, 0.399630, 0.015052
613, 0.399290, 0.015352
614, 0.399910, 0.013956
615, 0.399430, 0.015479
616, 0.399280, 0.013943
617, 0.399640, 0.015182
618, 0.399310, 0.015166
619, 0.400020, 0.014837
620, 0.399750, 0.014897
621, 0.399330, 0.014134
622, 0.399830, 0.014894
623, 0.399310, 0.014598
624, 0.399750, 0.014263
625, 0.399460, 0.014840
626, 0.399010, 0.014409
627, 0.399530, 0.015541
628, 0.399020, 0.014989
629, 0.399810, 0.014468
630, 0.399200, 0.014967
631, 0.399310, 0.014475
632, 0.399660, 0.014778
633, 0.399410, 0.015139
634, 0.399760, 0.014543
635, 0.399380, 0.014809
636, 0.399190, 0.014171
637, 0.399260, 0.015017
638, 0.399440, 0.015287
639, 0.399840, 0.013910
640, 0.399640, 0.015060
641, 0.399150, 0.014336
642, 0.398590, 0.015514
643, 0.399120, 0.015093
644, 0.399390, 0.014258
645, 0.399480, 0.014944
646, 0.398700, 0.013882
647, 0.399110, 0.015164
648, 0.399080, 0.015589
649, 0.399760, 0.014054
650, 0.399110, 0.015045
651, 0.399140, 0.014675
652, 0.399210, 0.014847
653, 0.399120, 0.014698
654, 0.399280, 0.014158
655, 0.399290, 0.014588
656, 0.398800, 0.015052
657, 0.399060, 0.015142
658, 0.399190, 0.015321
659, 0.399430, 0.014367
660, 0.399380, 0.014881
661, 0.398360, 0.014222
662, 0.398930, 0.015477
663, 0.399500, 0.014990
664, 0.399220, 0.013781
665, 0.399270, 0.015436
666, 0.398600, 0.013981
667, 0.399180, 0.015079
668, 0.399340, 0.015148
669, 0.399440, 0.014648
670, 0.399030, 0.015448
671, 0.399070, 0.014188
672, 0.399150, 0.014940
673, 0.398950, 0.015054
674, 0.398880, 0.013905
675, 0.398800, 0.014492
676, 0.398790, 0.014014
677, 0.399370, 0.015048
678, 0.399080, 0.015618
679, 0.398910, 0.013897
680, 0.398750, 0.015674
681, 0.398810, 0.014512
682, 0.399500, 0.015464
683, 0.398790, 0.014785
684, 0.399090, 0.014438
685, 0.399090, 0.015078
686, 0.399100, 0.014275
687, 0.399660, 0.014919
688, 0.399140, 0.015398
689, 0.398730, 0.014112
690, 0.399190, 0.014950
691, 0.399080, 0.013732
692, 0.399160, 0.014757
693, 0.399080, 0.015659
694, 0.399100, 0.014144
695, 0.398890, 0.015302
696, 0.399060, 0.014170
697, 0.399340, 0.014151
698, 0.398350, 0.015028
699, 0.399100, 0.014459
700, 0.399250, 0.015214
701, 0.399190, 0.014439
702, 0.399690, 0.015136
703, 0.398630, 0.015131
704, 0.399390, 0.014518
705, 0.399200, 0.015766
706, 0.399070, 0.014384
707, 0.398920, 0.014769
708, 0.398720, 0.015307
709, 0.398600, 0.014403
710, 0.398910, 0.015094
711, 0.399210, 0.014370
712, 0.399120, 0.015171
713, 0.399050, 0.015477
714, 0.399180, 0.014224
715, 0.398740, 0.015632
716, 0.398610, 0.013848
717, 0.399580, 0.015241
718, 0.398760, 0.015074
719, 0.398960, 0.014371
720, 0.398760, 0.014996
721, 0.398890, 0.014503
722, 0.399320, 0.015187
723, 0.398930, 0.015836
724, 0.399330, 0.014163
725, 0.399230, 0.015102
726, 0.399430, 0.014110
727, 0.399340, 0.014993
728, 0.398950, 0.014508
729, 0.399120, 0.014052
730, 0.399130, 0.015696
731, 0.398400, 0.014306
732, 0.399070, 0.015299
733, 0.399050, 0.015319
734, 0.398910, 0.014167
735, 0.399170, 0.014927
736, 0.399400, 0.014531
737, 0.399180, 0.014663
738, 0.398950, 0.015625
739, 0.398870, 0.014327
740, 0.398960, 0.014528
741, 0.398980, 0.014061
742, 0.398930, 0.014707
743, 0.398790, 0.015721
744, 0.398910, 0.014194
745, 0.399300, 0.015795
746, 0.398730, 0.014539
747, 0.399020, 0.015251
748, 0.398940, 0.014724
749, 0.399250, 0.014878
750, 0.398960, 0.014638
751, 0.398810, 0.014119
752, 0.399060, 0.014933
753, 0.399070, 0.015941
754, 0.399570, 0.014465
755, 0.399170, 0.014872
756, 0.398700, 0.013808
757, 0.399130, 0.015156
758, 0.398840, 0.014893
759, 0.399230, 0.013951
760, 0.399400, 0.015803
761, 0.398740, 0.014485
762, 0.399150, 0.014477
763, 0.398820, 0.015018
764, 0.399310, 0.014130
765, 0.399600, 0.015243
766, 0.398640, 0.014336
767, 0.399280, 0.015345
768, 0.399020, 0.015608
769, 0.398880, 0.014171
770, 0.399230, 0.014635
771, 0.399170, 0.014542
772, 0.398480, 0.013881
773, 0.398890, 0.015261
774, 0.399400, 0.013946
775, 0.398920, 0.015792
776, 0.399250, 0.014499
777, 0.398990, 0.014671
778, 0.399130, 0.014665
779, 0.399260, 0.014429
780, 0.398710, 0.015139
781, 0.398750, 0.015207
782, 0.398790, 0.014488
783, 0.399390, 0.015140
784, 0.399390, 0.014307
785, 0.398490, 0.015006
786, 0.398840, 0.014684
787, 0.399230, 0.014085
788, 0.398960, 0.015205
789, 0.399180, 0.014478
790, 0.399050, 0.015911
791, 0.399230, 0.014935
792, 0.398850, 0.014216
793, 0.398790, 0.015043
794, 0.398780, 0.014412
795, 0.399070, 0.015380
796, 0.398630, 0.014831
797, 0.398920, 0.014394
798, 0.399150, 0.015089
799, 0.399230, 0.014311
800, 0.399070, 0.014874
801, 0.398670, 0.014896
802, 0.398990, 0.014079
803, 0.399210, 0.015133
804, 0.398920, 0.014284
805, 0.399040, 0.015246
806, 0.398740, 0.015056
807, 0.399060, 0.014095
808, 0.398790, 0.014640
809, 0.399040, 0.013998
810, 0.398820, 0.014963
811, 0.398930, 0.015314
812, 0.398920, 0.014747
813, 0.398830, 0.014600
814, 0.399260, 0.014715
815, 0.398670, 0.015221
816, 0.398900, 0.014746
817, 0.399220, 0.013970
818, 0.399320, 0.015013
819, 0.398840, 0.014217
820, 0.399420, 0.015633
821, 0.398720, 0.015093
822, 0.399090, 0.013769
823, 0.399040, 0.014917
824, 0.398830, 0.014086
825, 0.398950, 0.014787
826, 0.398990, 0.014831
827, 0.398890, 0.014356
828, 0.398950, 0.015287
829, 0.399110, 0.014444
830, 0.399090, 0.014721
831, 0.398990, 0.015159
832, 0.399010, 0.014244
833, 0.399260, 0.015176
834, 0.399120, 0.013594
835, 0.399320, 0.015717
836, 0.399310, 0.015044
837, 0.399220, 0.014367
838, 0.399230, 0.014892
839, 0.398860, 0.014339
840, 0.398940, 0.015233
841, 0.399520, 0.015091
842, 0.399160, 0.014459
843, 0.399480, 0.015306
844, 0.398510, 0.014768
845, 0.398910, 0.014801
846, 0.399380, 0.015373
847, 0.399330, 0.014344
848, 0.399540, 0.014811
849, 0.398730, 0.014875
850, 0.399200, 0.015453
851, 0.399260, 0.014591
852, 0.398650, 0.014414
853, 0.399640, 0.015202
854, 0.398640, 0.014200
855, 0.399240, 0.015015
856, 0.399210, 0.014909
857, 0.398810, 0.014782
858, 0.399580, 0.015281
859, 0.398780, 0.014431
860, 0.399800, 0.015503
861, 0.399460, 0.015109
862, 0.399450, 0.014137
863, 0.399140, 0.015157
864, 0.398520, 0.014756
865, 0.399220, 0.015492
866, 0.399010, 0.014873
867, 0.399230, 0.014167
868, 0.399250, 0.015192
869, 0.399070, 0.014287
870, 0.399080, 0.015257
871, 0.399140, 0.015080
872, 0.398850, 0.013919
873, 0.399060, 0.015005
874, 0.398960, 0.014253
875, 0.399590, 0.015537
876, 0.398940, 0.014952
877, 0.398880, 0.014472
878, 0.399030, 0.014977
879, 0.399210, 0.014724
880, 0.399260, 0.015278
881, 0.399060, 0.014765
882, 0.399120, 0.013896
883, 0.399030, 0.014715
884, 0.398650, 0.014308
885, 0.399520, 0.014954
886, 0.398810, 0.015058
887, 0.398940, 0.014554
888, 0.398590, 0.015277
889, 0.399370, 0.014411
890, 0.399100, 0.015113
891, 0.399160, 0.015371
892, 0.399020, 0.014229
893, 0.398990, 0.015117
894, 0.399050, 0.014986
895, 0.399170, 0.015091
896, 0.398880, 0.014994
897, 0.398610, 0.014332
898, 0.399020, 0.015233
899, 0.398910, 0.014241
900, 0.399010, 0.015181
901, 0.398610, 0.015232
902, 0.398940, 0.015568
903, 0.398860, 0.015348
904, 0.399010, 0.013992
905, 0.399370, 0.014971
906, 0.398610, 0.015365
907, 0.398750, 0.014421
908, 0.399050, 0.014882
909, 0.399140, 0.014658
910, 0.398900, 0.015185
911, 0.398800, 0.014821
912, 0.398740, 0.014384
913, 0.399140, 0.014989
914, 0.398980, 0.014500
915, 0.399100, 0.015018
916, 0.398940, 0.015243
917, 0.398820, 0.014367
918, 0.398890, 0.014863
919, 0.399730, 0.014588
920, 0.398760, 0.014741
921, 0.398940, 0.015226
922, 0.398620, 0.014276
923, 0.399050, 0.014854
924, 0.398970, 0.014552
925, 0.399410, 0.014910
926, 0.398560, 0.014599
927, 0.398570, 0.014301
928, 0.399550, 0.014722
929, 0.399140, 0.014396
930, 0.398860, 0.014709
931, 0.398820, 0.015130
932, 0.398780, 0.014400
933, 0.399160, 0.014809
934, 0.398540, 0.014042
935, 0.398980, 0.014671
936, 0.398810, 0.014559
937, 0.398460, 0.013858
938, 0.399490, 0.015078
939, 0.399140, 0.014676
940, 0.399100, 0.014896
941, 0.399050, 0.015379
942, 0.399010, 0.013652
943, 0.399340, 0.014711
944, 0.399020, 0.013984
945, 0.399020, 0.015220
946, 0.398770, 0.015572
947, 0.398550, 0.014174
948, 0.399880, 0.016025
949, 0.399180, 0.014223
950, 0.398900, 0.015083
951, 0.399280, 0.014729
952, 0.398890, 0.013956
953, 0.399050, 0.015140
954, 0.399220, 0.014495
955, 0.399030, 0.014745
956, 0.398970, 0.014599
957, 0.399060, 0.014194
958, 0.399310, 0.015117
959, 0.398740, 0.014980
960, 0.398740, 0.014181
961, 0.398890, 0.015272
962, 0.398600, 0.013850
963, 0.399190, 0.014521
964, 0.398560, 0.014870
965, 0.398550, 0.013515
966, 0.398680, 0.014608
967, 0.399120, 0.013875
968, 0.399520, 0.015593
969, 0.399220, 0.015464
970, 0.399350, 0.014212
971, 0.398810, 0.015169
972, 0.398780, 0.014264
973, 0.399060, 0.015195
974, 0.398950, 0.014779
975, 0.398610, 0.014271
976, 0.398860, 0.015484
977, 0.398790, 0.014590
978, 0.398560, 0.015071
979, 0.398680, 0.014751
980, 0.398190, 0.013913
981, 0.399000, 0.015131
982, 0.398850, 0.013926
983, 0.398550, 0.014835
984, 0.398990, 0.015158
985, 0.398630, 0.013993
986, 0.399000, 0.015614
987, 0.398830, 0.015638
988, 0.398700, 0.015348
989, 0.399380, 0.015321
990, 0.398530, 0.013906
991, 0.399050, 0.015592
992, 0.398500, 0.014405
993, 0.398830, 0.014892
994, 0.398990, 0.014917
995, 0.399140, 0.013793
996, 0.399090, 0.015255
997, 0.398560, 0.014156
998, 0.399070, 0.015568
999, 0.398740, 0.015190
1000, 0.398990, 0.014035
1001, 0.398900, 0.014525
1002, 0.398980, 0.014337
1003, 0.398940, 0.014873
1004, 0.398710, 0.015517
1005, 0.399080, 0.014203
1006, 0.398980, 0.015507
1007, 0.398730, 0.014243
1008, 0.398760, 0.015212
1009, 0.398640, 0.015417
1010, 0.399380, 0.014393
1011, 0.399090, 0.015531
1012, 0.398460, 0.013633
1013, 0.398810, 0.015046
1014, 0.399030, 0.015238
1015, 0.399240, 0.014374
1016, 0.399430, 0.014889
1017, 0.398370, 0.014263
1018, 0.398800, 0.015691
1019, 0.398860, 0.015277
1020, 0.398930, 0.013900
1021, 0.398530, 0.015317
1022, 0.398990, 0.014257
1023, 0.398970, 0.014962
1024, 0.398800, 0.015098
1025, 0.400480, 0.014409
1026, 0.398940, 0.014418
1027, 0.399240, 0.014222
1028, 0.399270, 0.015339
1029, 0.399670, 0.015209
1030, 0.399020, 0.014292
1031, 0.399250, 0.014989
1032, 0.398810, 0.013999
1033, 0.399140, 0.014683
1034, 0.399400, 0.014910
1035, 0.399160, 0.014099
1036, 0.399580, 0.015988
1037, 0.398680, 0.013696
1038, 0.398990, 0.015438
1039, 0.400250, 0.014776
1040, 0.399140, 0.014319
1041, 0.399350, 0.015303
1042, 0.398870, 0.014276
1043, 0.399350, 0.015468
1044, 0.399450, 0.014787
1045, 0.399110, 0.014057
1046, 0.399350, 0.015374
1047, 0.398890, 0.014782
1048, 0.399330, 0.014700
1049, 0.399330, 0.015140
1050, 0.399220, 0.014154
1051, 0.399480, 0.015159
1052, 0.398730, 0.014397
1053, 0.399340, 0.014945
1054, 0.399750, 0.014984
1055, 0.399370, 0.014157
1056, 0.399610, 0.015388
1057, 0.399270, 0.013705
1058, 0.399370, 0.015696
1059, 0.399830, 0.014748
1060, 0.399550, 0.014467
1061, 0.399070, 0.014640
1062, 0.399170, 0.014249
1063, 0.399270, 0.014687
1064, 0.400060, 0.015379
1065, 0.398900, 0.014454
1066, 0.399450, 0.015338
1067, 0.398940, 0.013958
1068, 0.399110, 0.015131
1069, 0.399660, 0.015130
1070, 0.399490, 0.014151
1071, 0.399510, 0.015077
1072, 0.399180, 0.013925
1073, 0.399230, 0.015156
1074, 0.399340, 0.015292
1075, 0.398760, 0.013931
1076, 0.398720, 0.014978
1077, 0.399020, 0.013873
1078, 0.399420, 0.015827
1079, 0.399410, 0.014685
1080, 0.399530, 0.014865
1081, 0.398720, 0.015155
1082, 0.399170, 0.014213
1083, 0.399060, 0.014873
1084, 0.399630, 0.015380
1085, 0.399360, 0.014092
1086, 0.398970, 0.015257
1087, 0.399580, 0.014421
1088, 0.399120, 0.015433
1089, 0.399700, 0.014833
1090, 0.399070, 0.014150
1091, 0.399440, 0.015473
1092, 0.399190, 0.014160
1093, 0.399300, 0.015282
1094, 0.399600, 0.015014
1095, 0.399060, 0.014984
1096, 0.399160, 0.015162
1097, 0.399560, 0.014453
1098, 0.399240, 0.014958
1099, 0.399060, 0.015021
1100, 0.398890, 0.014372
1101, 0.398970, 0.015229
1102, 0.399480, 0.013957
1103, 0.399220, 0.015468
1104, 0.398980, 0.015330
1105, 0.398910, 0.014059
1106, 0.398890, 0.015186
1107, 0.399410, 0.014436
1108, 0.399080, 0.015267
1109, 0.399190, 0.015467
1110, 0.399450, 0.015079
1111, 0.398960, 0.014947
1112, 0.399210, 0.013801
1113, 0.399050, 0.015276
1114, 0.399480, 0.014762
1115, 0.398760, 0.013710
1116, 0.398990, 0.014501
1117, 0.398720, 0.014175
1118, 0.399120, 0.014730
1119, 0.398790, 0.015091
1120, 0.399150, 0.014238
1121, 0.399290, 0.014548
1122, 0.398990, 0.014138
1123, 0.399020, 0.014842
1124, 0.399220, 0.015046
1125, 0.399000, 0.014744
1126, 0.399180, 0.015295
1127, 0.398780, 0.014042
1128, 0.398660, 0.015304
1129, 0.399290, 0.015223
1130, 0.398760, 0.014108
1131, 0.399530, 0.015308
1132, 0.399180, 0.014649
1133, 0.398970, 0.015463
1134, 0.399330, 0.015360
1135, 0.399200, 0.013725
1136, 0.399340, 0.014916
1137, 0.399070, 0.014055
1138, 0.398940, 0.015222
1139, 0.399040, 0.015192
1140, 0.399050, 0.014775
1141, 0.399780, 0.015236
1142, 0.398570, 0.014363
1143, 0.399070, 0.015400
1144, 0.399430, 0.015104
1145, 0.399020, 0.014286
1146, 0.399000, 0.015426
1147, 0.398950, 0.014169
1148, 0.398930, 0.014900
1149, 0.399240, 0.015338
1150, 0.399400, 0.014351
1151, 0.399580, 0.015170
1152, 0.399060, 0.014213
1153, 0.399230, 0.015149
1154, 0.399590, 0.015104
1155, 0.399060, 0.014592
1156, 0.399420, 0.015426
1157, 0.399350, 0.014720
1158, 0.398870, 0.013881
1159, 0.399270, 0.015128
1160, 0.399090, 0.014071
1161, 0.398900, 0.014854
1162, 0.399600, 0.016279
1163, 0.398190, 0.014339
1164, 0.399490, 0.014942
1165, 0.398930, 0.014345
1166, 0.398950, 0.015174
1167, 0.399020, 0.015172
1168, 0.398510, 0.014077
1169, 0.399380, 0.015324
1170, 0.399010, 0.014831
1171, 0.398890, 0.014757
1172, 0.398730, 0.014690
1173, 0.398740, 0.014245
1174, 0.399460, 0.015019
1175, 0.399050, 0.014209
1176, 0.398930, 0.015713
1177, 0.399060, 0.015369
1178, 0.398410, 0.014146
1179, 0.398810, 0.015599
1180, 0.398830, 0.014200
1181, 0.399020, 0.015025
1182, 0.398340, 0.015314
1183, 0.398880, 0.014342
1184, 0.399490, 0.015132
1185, 0.398850, 0.013938
1186, 0.398860, 0.014728
1187, 0.398820, 0.014859
1188, 0.398830, 0.014921
1189, 0.399240, 0.014107
1190, 0.398520, 0.014217
1191, 0.399160, 0.015319
1192, 0.398860, 0.015428
1193, 0.398600, 0.014355
1194, 0.398800, 0.015100
1195, 0.399000, 0.014244
1196, 0.398660, 0.015030
1197, 0.398720, 0.014732
1198, 0.398240, 0.014093
1199, 0.398980, 0.014765
1200, 0.398760, 0.013913
1201, 0.399040, 0.015058
1202, 0.398180, 0.015612
1203, 0.398980, 0.014647
1204, 0.398880, 0.015400
1205, 0.398520, 0.013803
1206, 0.398960, 0.015001
1207, 0.398950, 0.015328
1208, 0.398450, 0.014401
1209, 0.398800, 0.015501
1210, 0.398860, 0.014253
1211, 0.399290, 0.014949
1212, 0.398830, 0.014954
1213, 0.399140, 0.014574
1214, 0.399050, 0.015250
1215, 0.398640, 0.014366
1216, 0.399190, 0.015579
1217, 0.399050, 0.015426
1218, 0.398450, 0.014137
1219, 0.398700, 0.015385
1220, 0.398590, 0.014337
1221, 0.398650, 0.015355
1222, 0.398680, 0.015206
1223, 0.399000, 0.014319
1224, 0.399090, 0.015437
1225, 0.398870, 0.014259
1226, 0.398460, 0.015081
1227, 0.399110, 0.015120
1228, 0.398660, 0.014573
1229, 0.399100, 0.015269
1230, 0.398480, 0.014507
1231, 0.399280, 0.015072
1232, 0.398370, 0.014976
1233, 0.398620, 0.013901
1234, 0.398800, 0.014978
1235, 0.398610, 0.013946
1236, 0.398530, 0.015158
1237, 0.398760, 0.015155
1238, 0.398630, 0.014033
1239, 0.398810, 0.014982
1240, 0.398200, 0.013923
1241, 0.399030, 0.014855
1242, 0.398450, 0.015081
1243, 0.398590, 0.014688
1244, 0.398850, 0.015414
1245, 0.398740, 0.014457
1246, 0.398920, 0.015184
1247, 0.398710, 0.015207
1248, 0.398290, 0.014118
1249, 0.398930, 0.015629
1250, 0.398540, 0.014076
1251, 0.398960, 0.015728
1252, 0.398810, 0.015026
1253, 0.398480, 0.013990
1254, 0.398740, 0.014914
1255, 0.398760, 0.014485
1256, 0.399010, 0.015813
1257, 0.398780, 0.015262
1258, 0.398310, 0.014319
1259, 0.398420, 0.015332
1260, 0.398680, 0.013898
1261, 0.398740, 0.015479
1262, 0.398690, 0.014848
1263, 0.398720, 0.013399
1264, 0.398280, 0.014997
1265, 0.399250, 0.014348
1266, 0.398440, 0.015241
1267, 0.398820, 0.015042
1268, 0.398220, 0.013388
1269, 0.398570, 0.015257
1270, 0.398800, 0.014567
1271, 0.398500, 0.014869
1272, 0.398600, 0.015222
1273, 0.398420, 0.014327
1274, 0.398690, 0.016489
1275, 0.399260, 0.014371
1276, 0.398770, 0.015226
1277, 0.398740, 0.015169
1278, 0.398780, 0.014526
1279, 0.398410, 0.015440
1280, 0.398550, 0.014616
1281, 0.399440, 0.015666
1282, 0.398920, 0.014960
1283, 0.399000, 0.014465
1284, 0.398590, 0.015410
1285, 0.399150, 0.014142
1286, 0.398520, 0.015064
1287, 0.398790, 0.015351
1288, 0.398540, 0.014459
1289, 0.398860, 0.015686
1290, 0.399210, 0.014125
1291, 0.398860, 0.014924
1292, 0.398880, 0.014724
1293, 0.398610, 0.014232
1294, 0.398810, 0.015449
1295, 0.399600, 0.014764
1296, 0.398810, 0.015478
1297, 0.399090, 0.014933
1298, 0.399120, 0.014123
1299, 0.398790, 0.015213
1300, 0.399010, 0.013933
1301, 0.399230, 0.015388
1302, 0.398870, 0.015477
1303, 0.399030, 0.014796
1304, 0.398890, 0.015080
1305, 0.399390, 0.014297
1306, 0.398540, 0.014864
1307, 0.398830, 0.014428
1308, 0.398620, 0.014451
1309, 0.398640, 0.014998
1310, 0.399020, 0.014590
1311, 0.399340, 0.015517
1312, 0.398880, 0.014651
1313, 0.398860, 0.013893
1314, 0.399340, 0.014800
1315, 0.399050, 0.014152
1316, 0.399030, 0.015303
1317, 0.398830, 0.015003
1318, 0.398910, 0.014484
1319, 0.399280, 0.014873
1320, 0.398390, 0.013903
1321, 0.398790, 0.015030
1322, 0.398990, 0.014508
1323, 0.398830, 0.014453
1324, 0.399220, 0.014901
1325, 0.398910, 0.014111
1326, 0.398630, 0.016198
1327, 0.398740, 0.015274
1328, 0.399010, 0.013720
1329, 0.399050, 0.015375
1330, 0.398600, 0.013913
1331, 0.399180, 0.015198
1332, 0.398700, 0.014792
1333, 0.398630, 0.014825
1334, 0.399290, 0.015156
1335, 0.398950, 0.013901
1336, 0.399040, 0.014312
1337, 0.399000, 0.014882
1338, 0.399410, 0.013842
1339, 0.399420, 0.015298
1340, 0.398890, 0.013784
1341, 0.399020, 0.015166
1342, 0.398800, 0.014723
1343, 0.398970, 0.013874
1344, 0.399000, 0.015259
1345, 0.399010, 0.014097
1346, 0.398740, 0.015117
1347, 0.398790, 0.014455
1348, 0.399090, 0.014277
1349, 0.398800, 0.015100
1350, 0.398930, 0.015444
1351, 0.398740, 0.013254
1352, 0.398880, 0.014460
1353, 0.398630, 0.013441
1354, 0.398730, 0.014677
1355, 0.398560, 0.014422
1356, 0.398850, 0.014076
1357, 0.399160, 0.014926
1358, 0.399080, 0.013779
1359, 0.398920, 0.014657
1360, 0.398760, 0.014936
1361, 0.399100, 0.014018
1362, 0.399060, 0.014851
1363, 0.398750, 0.013906
1364, 0.398910, 0.015047
1365, 0.399000, 0.014643
1366, 0.398360, 0.013755
1367, 0.399500, 0.014660
1368, 0.399250, 0.013641
1369, 0.398770, 0.014898
1370, 0.398880, 0.014579
1371, 0.398860, 0.014049
1372, 0.399210, 0.014570
1373, 0.398920, 0.013785
1374, 0.398920, 0.014407
1375, 0.398780, 0.015032
1376, 0.398980, 0.013888
1377, 0.399250, 0.014966
1378, 0.399120, 0.014671
1379, 0.398950, 0.015068
1380, 0.398970, 0.014758
1381, 0.399060, 0.014144
1382, 0.399310, 0.014588
1383, 0.399090, 0.013911
1384, 0.398950, 0.014884
1385, 0.399360, 0.014512
1386, 0.399000, 0.014436
1387, 0.399070, 0.014789
1388, 0.399340, 0.014285
1389, 0.398880, 0.014925
1390, 0.399170, 0.014531
1391, 0.399230, 0.013943
1392, 0.399090, 0.014641
1393, 0.399210, 0.014169
1394, 0.398860, 0.014642
1395, 0.398940, 0.015056
1396, 0.399200, 0.013926
1397, 0.398900, 0.014916
1398, 0.399540, 0.013760
1399, 0.398880, 0.014694
1400, 0.399060, 0.014653
1401, 0.399600, 0.014702
1402, 0.399210, 0.014694
1403, 0.399210, 0.013864
1404, 0.399220, 0.014684
1405, 0.399270, 0.014801
1406, 0.399000, 0.013923
1407, 0.399160, 0.014629
1408, 0.399230, 0.014070
1409, 0.399140, 0.014606
1410, 0.399070, 0.015127
1411, 0.399190, 0.013953
1412, 0.399270, 0.014999
1413, 0.398720, 0.013872
1414, 0.398870, 0.014489
1415, 0.399510, 0.014936
1416, 0.398980, 0.013959
1417, 0.398990, 0.015117
1418, 0.398840, 0.013926
1419, 0.399060, 0.014482
1420, 0.398970, 0.014921
1421, 0.399040, 0.013909
1422, 0.399140, 0.014449
1423, 0.398890, 0.014083
1424, 0.399490, 0.015065
1425, 0.399230, 0.014351
1426, 0.398750, 0.013462
1427, 0.398950, 0.014611
1428, 0.398670, 0.013983
1429, 0.399380, 0.014774
1430, 0.398710, 0.014507
1431, 0.398890, 0.014048
1432, 0.398920, 0.014970
1433, 0.398800, 0.014051
1434, 0.399130, 0.014703
1435, 0.399330, 0.014956
1436, 0.398550, 0.013806
1437, 0.399060, 0.014633
1438, 0.398940, 0.014455
1439, 0.398840, 0.014665
1440, 0.398870, 0.014518
1441, 0.398650, 0.013693
1442, 0.399360, 0.014864
1443, 0.398820, 0.013690
1444, 0.399020, 0.014599
1445, 0.399330, 0.014360
1446, 0.398760, 0.013795
1447, 0.399100, 0.014836
1448, 0.399150, 0.013957
1449, 0.399050, 0.014452
1450, 0.399090, 0.014660
1451, 0.398960, 0.013662
1452, 0.399410, 0.014933
1453, 0.399030, 0.013860
1454, 0.398640, 0.015196
1455, 0.398930, 0.014858
1456, 0.398910, 0.014141
1457, 0.398530, 0.014559
1458, 0.399170, 0.013918
1459, 0.398800, 0.014674
1460, 0.399310, 0.014464
1461, 0.398940, 0.014196
1462, 0.398820, 0.015075
1463, 0.398720, 0.013255
1464, 0.398800, 0.014907
1465, 0.399220, 0.014561
1466, 0.398440, 0.013860
1467, 0.398490, 0.014875
1468, 0.399040, 0.013596
1469, 0.398800, 0.015451
1470, 0.399070, 0.014765
1471, 0.398710, 0.013792
1472, 0.399040, 0.014742
1473, 0.398840, 0.013985
1474, 0.399020, 0.014572
1475, 0.398850, 0.014604
1476, 0.398830, 0.014151
1477, 0.398730, 0.014360
1478, 0.398740, 0.013641
1479, 0.399060, 0.014990
1480, 0.398850, 0.014455
1481, 0.398650, 0.013856
1482, 0.398820, 0.014448
1483, 0.399030, 0.014032
1484, 0.398310, 0.014650
1485, 0.398330, 0.014961
1486, 0.398650, 0.013380
1487, 0.398520, 0.013990
1488, 0.399220, 0.013332
1489, 0.398740, 0.014301
1490, 0.398720, 0.014795
1491, 0.398680, 0.014332
1492, 0.398880, 0.014211
1493, 0.398860, 0.013676
1494, 0.398370, 0.014237
1495, 0.398620, 0.014619
1496, 0.398800, 0.013754
1497, 0.398460, 0.014686
1498, 0.399000, 0.013531
1499, 0.398610, 0.014735
1500, 0.398510, 0.014393
1501, 0.398310, 0.014096
1502, 0.398780, 0.014814
1503, 0.399160, 0.013791
1504, 0.398710, 0.014852
1505, 0.398790, 0.014617
1506, 0.398610, 0.013803
1507, 0.398670, 0.014632
1508, 0.398750, 0.013171
1509, 0.398900, 0.014903
1510, 0.398550, 0.014534
1511, 0.398740, 0.013494
1512, 0.399480, 0.014808
1513, 0.398700, 0.013994
1514, 0.398610, 0.014809
1515, 0.398850, 0.014708
1516, 0.398790, 0.013642
1517, 0.399240, 0.014137
1518, 0.398710, 0.014077
1519, 0.399010, 0.014463
1520, 0.398540, 0.014441
1521, 0.398670, 0.014264
1522, 0.399480, 0.014629
1523, 0.398730, 0.014246
1524, 0.398600, 0.014658
1525, 0.398890, 0.014581
1526, 0.398910, 0.013640
1527, 0.399020, 0.014672
1528, 0.398490, 0.014202
1529, 0.398740, 0.014442
1530, 0.398530, 0.014292
1531, 0.398870, 0.014290
1532, 0.399190, 0.014686
1533, 0.399060, 0.013636
1534, 0.398380, 0.014596
1535, 0.399120, 0.014278
1536, 0.398890, 0.014141
1537, 0.398800, 0.013792
1538, 0.398690, 0.013153
1539, 0.398620, 0.014517
1540, 0.398790, 0.014424
1541, 0.398690, 0.013331
1542, 0.398940, 0.014627
1543, 0.398790, 0.014558
1544, 0.398610, 0.014227
1545, 0.398740, 0.014737
1546, 0.398450, 0.013674
1547, 0.399060, 0.014609
1548, 0.398760, 0.014673
1549, 0.398840, 0.013936
1550, 0.398850, 0.014542
1551, 0.398460, 0.013822
1552, 0.398790, 0.014549
1553, 0.398990, 0.014743
1554, 0.398660, 0.013379
1555, 0.398450, 0.014243
1556, 0.398880, 0.013521
1557, 0.398360, 0.014315
1558, 0.398390, 0.014676
1559, 0.398340, 0.013908
1560, 0.398790, 0.014347
1561, 0.398670, 0.013565
1562, 0.398640, 0.014628
1563, 0.398570, 0.014742
1564, 0.398270, 0.014067
1565, 0.399100, 0.014645
1566, 0.398770, 0.013840
1567, 0.398630, 0.014268
1568, 0.397850, 0.014713
1569, 0.398630, 0.013963
1570, 0.398510, 0.014360
1571, 0.398560, 0.013662
1572, 0.398680, 0.014599
1573, 0.399060, 0.014683
1574, 0.398860, 0.013806
1575, 0.398760, 0.014318
1576, 0.398770, 0.013512
1577, 0.399070, 0.014523
1578, 0.398580, 0.014402
1579, 0.399070, 0.013682
1580, 0.398780, 0.014425
1581, 0.398580, 0.014101
1582, 0.398640, 0.014367
1583, 0.398750, 0.014131
1584, 0.399010, 0.013734
1585, 0.398190, 0.014899
1586, 0.398770, 0.013586
1587, 0.398410, 0.014355
1588, 0.398930, 0.014433
1589, 0.399020, 0.013904
1590, 0.398450, 0.014538
1591, 0.398740, 0.014161
1592, 0.398460, 0.014447
1593, 0.399260, 0.014176
1594, 0.398800, 0.013386
1595, 0.398950, 0.014371
1596, 0.398900, 0.013984
1597, 0.398480, 0.013977
1598, 0.399170, 0.015007
1599, 0.398920, 0.014038
1600, 0.398830, 0.014733
1601, 0.398330, 0.013730
1602, 0.398630, 0.014718
1603, 0.399300, 0.014427
1604, 0.399110, 0.013812
1605, 0.398960, 0.014568
1606, 0.398610, 0.013668
1607, 0.398760, 0.014726
1608, 0.399230, 0.014414
1609, 0.399200, 0.013195
1610, 0.399140, 0.014786
1611, 0.398800, 0.013886
1612, 0.398710, 0.014268
1613, 0.399360, 0.014240
1614, 0.398720, 0.013217
1615, 0.398920, 0.014921
1616, 0.398840, 0.014057
1617, 0.398390, 0.014746
1618, 0.399590, 0.014670
1619, 0.399050, 0.013952
1620, 0.399400, 0.014465
1621, 0.399070, 0.013508
1622, 0.399210, 0.014759
1623, 0.399590, 0.014576
1624, 0.398650, 0.013328
1625, 0.398840, 0.014976
1626, 0.398820, 0.013790
1627, 0.399010, 0.014488
1628, 0.399340, 0.014522
1629, 0.398850, 0.013262
1630, 0.399160, 0.014740
1631, 0.399160, 0.013715
1632, 0.398840, 0.014629
1633, 0.399460, 0.014778
1634, 0.399040, 0.014371
1635, 0.398900, 0.014988
1636, 0.399100, 0.014085
1637, 0.399470, 0.014873
1638, 0.399680, 0.014999
1639, 0.398760, 0.013526
1640, 0.399080, 0.014944
1641, 0.398610, 0.014109
1642, 0.398620, 0.014987
1643, 0.399550, 0.014707
1644, 0.398900, 0.013570
1645, 0.398680, 0.014987
1646, 0.398910, 0.013563
1647, 0.398850, 0.014598
1648, 0.399520, 0.014329
1649, 0.398920, 0.013487
1650, 0.398900, 0.014673
1651, 0.399240, 0.013564
1652, 0.398810, 0.014311
1653, 0.399740, 0.014699
1654, 0.398840, 0.013626
1655, 0.398920, 0.014183
1656, 0.399510, 0.013806
1657, 0.398840, 0.014392
1658, 0.399120, 0.014523
1659, 0.398670, 0.013869
1660, 0.398400, 0.014631
1661, 0.399210, 0.013624
1662, 0.399060, 0.014430
1663, 0.399060, 0.014418
1664, 0.398920, 0.013940
1665, 0.398430, 0.014851
1666, 0.398890, 0.013814
1667, 0.399120, 0.014831
1668, 0.398860, 0.014477
1669, 0.399060, 0.014006
1670, 0.399010, 0.014675
1671, 0.399230, 0.014050
1672, 0.398920, 0.014072
1673, 0.398850, 0.014637
1674, 0.398620, 0.014136
1675, 0.398380, 0.014708
1676, 0.399570, 0.013834
1677, 0.398870, 0.014663
1678, 0.398770, 0.014973
1679, 0.398670, 0.013945
1680, 0.398570, 0.014664
1681, 0.399080, 0.013559
1682, 0.398910, 0.014770
1683, 0.399470, 0.014901
1684, 0.398710, 0.013586
1685, 0.398720, 0.014227
1686, 0.399140, 0.013844
1687, 0.399050, 0.014412
1688, 0.398140, 0.014538
1689, 0.399100, 0.013677
1690, 0.399080, 0.014122
1691, 0.399110, 0.013614
1692, 0.398670, 0.013973
1693, 0.398780, 0.014658
1694, 0.398570, 0.014093
1695, 0.398720, 0.014730
1696, 0.399010, 0.013701
1697, 0.398320, 0.014287
1698, 0.398790, 0.014725
1699, 0.398630, 0.013405
1700, 0.399170, 0.014553
1701, 0.398740, 0.013206
1702, 0.398460, 0.014303
1703, 0.398970, 0.014353
1704, 0.399020, 0.013470
1705, 0.399180, 0.014558
1706, 0.398540, 0.013589
1707, 0.398560, 0.014258
1708, 0.398480, 0.014729
1709, 0.398950, 0.014104
1710, 0.399270, 0.014493
1711, 0.398290, 0.013343
1712, 0.398570, 0.014555
1713, 0.399040, 0.014719
1714, 0.398840, 0.013412
1715, 0.398470, 0.014744
1716, 0.398250, 0.013750
1717, 0.398840, 0.014961
1718, 0.398360, 0.014260
1719, 0.398730, 0.013380
1720, 0.399110, 0.014663
1721, 0.398580, 0.013630
1722, 0.398350, 0.014453
1723, 0.398810, 0.014532
1724, 0.398840, 0.013847
1725, 0.398330, 0.014058
1726, 0.398910, 0.013655
1727, 0.398180, 0.014394
1728, 0.398820, 0.014425
1729, 0.398860, 0.013345
1730, 0.399040, 0.014446
1731, 0.398720, 0.013551
1732, 0.398170, 0.014388
1733, 0.398980, 0.014419
1734, 0.399050, 0.013132
1735, 0.398460, 0.014483
1736, 0.398370, 0.013613
1737, 0.398560, 0.014086
1738, 0.398570, 0.014588
1739, 0.398920, 0.013436
1740, 0.398970, 0.014700
1741, 0.398860, 0.014516
1742, 0.398690, 0.013548
1743, 0.399060, 0.014781
1744, 0.399010, 0.014285
1745, 0.398560, 0.014472
1746, 0.398610, 0.014801
1747, 0.398540, 0.013724
1748, 0.398650, 0.014442
1749, 0.398880, 0.013624
1750, 0.398290, 0.014617
1751, 0.398640, 0.014739
1752, 0.398180, 0.013709
1753, 0.398660, 0.014647
1754, 0.399270, 0.014559
1755, 0.398550, 0.014312
1756, 0.398360, 0.014324
1757, 0.398460, 0.013897
1758, 0.398450, 0.014967
1759, 0.398550, 0.013781
1760, 0.398660, 0.014822
1761, 0.398860, 0.014523
1762, 0.398380, 0.014142
1763, 0.398650, 0.014836
1764, 0.398910, 0.013618
1765, 0.398630, 0.014628
1766, 0.398430, 0.015261
1767, 0.398500, 0.013405
1768, 0.398430, 0.014987
1769, 0.398770, 0.013842
1770, 0.398270, 0.014509
1771, 0.398930, 0.014951
1772, 0.398530, 0.013246
1773, 0.398600, 0.014631
1774, 0.398570, 0.013786
1775, 0.398260, 0.014535
1776, 0.398850, 0.014893
1777, 0.398670, 0.014102
1778, 0.398620, 0.014804
1779, 0.398280, 0.013754
1780, 0.398470, 0.014558
1781, 0.398260, 0.014993
1782, 0.398530, 0.014074
1783, 0.398430, 0.014573
1784, 0.399050, 0.014069
1785, 0.398940, 0.014748
1786, 0.398690, 0.014183
1787, 0.399160, 0.013691
1788, 0.398660, 0.014888
1789, 0.398490, 0.014140
1790, 0.398550, 0.015111
1791, 0.398830, 0.014769
1792, 0.398710, 0.014023
1793, 0.398810, 0.015181
1794, 0.398600, 0.013779
1795, 0.398770, 0.014840
1796, 0.398710, 0.014072
1797, 0.398760, 0.013587
1798, 0.398410, 0.014778
1799, 0.398710, 0.014465
1800, 0.398680, 0.015236
1801, 0.399320, 0.014851
1802, 0.398390, 0.013872
1803, 0.398770, 0.014934
1804, 0.398820, 0.013327
1805, 0.399150, 0.014844
1806, 0.398870, 0.015088
1807, 0.398970, 0.013784
1808, 0.398540, 0.014667
1809, 0.398710, 0.013663
1810, 0.398590, 0.014917
1811, 0.398870, 0.014779
1812, 0.398590, 0.013923
1813, 0.398750, 0.014641
1814, 0.398710, 0.014254
1815, 0.398770, 0.015106
1816, 0.399070, 0.014652
1817, 0.398570, 0.013773
1818, 0.398680, 0.013754
1819, 0.398410, 0.014101
1820, 0.398930, 0.014313
1821, 0.398810, 0.014718
1822, 0.398560, 0.014270
1823, 0.398480, 0.014525
1824, 0.398250, 0.013878
1825, 0.398880, 0.014445
1826, 0.398880, 0.014571
1827, 0.399000, 0.013756
1828, 0.398700, 0.014600
1829, 0.398960, 0.013999
1830, 0.399090, 0.015180
1831, 0.399380, 0.014831
1832, 0.398750, 0.014463
1833, 0.399030, 0.014950
1834, 0.399100, 0.013951
1835, 0.399630, 0.015105
1836, 0.399800, 0.015047
1837, 0.399200, 0.015081
1838, 0.399540, 0.015567
1839, 0.399910, 0.013930
1840, 0.399460, 0.015082
1841, 0.399490, 0.015190
1842, 0.399240, 0.015337
1843, 0.399410, 0.015873
1844, 0.399860, 0.015014
1845, 0.399230, 0.015502
1846, 0.399750, 0.015076
1847, 0.399970, 0.015244
1848, 0.399640, 0.016157
1849, 0.399530, 0.015157
1850, 0.399440, 0.016049
1851, 0.400000, 0.015816
1852, 0.399170, 0.015475
1853, 0.398970, 0.016871
1854, 0.399770, 0.014474
1855, 0.399980, 0.015728
1856, 0.399520, 0.015974
1857, 0.399630, 0.015409
1858, 0.399490, 0.016612
1859, 0.399960, 0.016165
1860, 0.399490, 0.016323
1861, 0.399820, 0.016233
1862, 0.399240, 0.015021
1863, 0.399440, 0.015753
1864, 0.399970, 0.014897
1865, 0.399530, 0.016170
1866, 0.399350, 0.016316
1867, 0.399350, 0.015591
1868, 0.399930, 0.016199
1869, 0.399480, 0.014362
1870, 0.399470, 0.016307
1871, 0.399260, 0.015328
1872, 0.399360, 0.015587
1873, 0.399150, 0.016236
1874, 0.400190, 0.015339
1875, 0.399590, 0.016349
1876, 0.399540, 0.015674
1877, 0.399470, 0.015839
1878, 0.399240, 0.016514
1879, 0.399300, 0.015004
1880, 0.399390, 0.016223
1881, 0.399230, 0.015341
1882, 0.399760, 0.015594
1883, 0.399800, 0.016564
1884, 0.399600, 0.014970
1885, 0.399520, 0.016090
1886, 0.399540, 0.015747
1887, 0.399580, 0.015427
1888, 0.400060, 0.015640
1889, 0.398820, 0.015140
1890, 0.399320, 0.016253
1891, 0.399520, 0.015837
1892, 0.399620, 0.015225
1893, 0.399410, 0.015625
1894, 0.399480, 0.014955
1895, 0.399670, 0.016185
1896, 0.399450, 0.015381
1897, 0.399890, 0.015872
1898, 0.399950, 0.016642
1899, 0.399320, 0.015207
1900, 0.399710, 0.016631
1901, 0.399540, 0.016097
1902, 0.399430, 0.015766
1903, 0.399610, 0.016242
1904, 0.399540, 0.015140
1905, 0.399170, 0.016318
1906, 0.399700, 0.015816
1907, 0.399490, 0.015279
1908, 0.400170, 0.015980
1909, 0.399560, 0.014869
1910, 0.399590, 0.015976
1911, 0.399600, 0.015797
1912, 0.399980, 0.015730
1913, 0.399660, 0.015825
1914, 0.399800, 0.014892
1915, 0.399790, 0.015855
1916, 0.399470, 0.015373
1917, 0.399580, 0.014741
1918, 0.400030, 0.015527
1919, 0.399540, 0.015144
1920, 0.399550, 0.016492
1921, 0.399160, 0.015282
1922, 0.399840, 0.014924
1923, 0.399990, 0.015392
1924, 0.399560, 0.014557
1925, 0.399520, 0.015691
1926, 0.399410, 0.016160
1927, 0.399710, 0.015131
1928, 0.399920, 0.015790
1929, 0.399590, 0.014761
1930, 0.399340, 0.014705
1931, 0.399500, 0.015103
1932, 0.399440, 0.014282
1933, 0.399080, 0.014910
1934, 0.399320, 0.015396
1935, 0.399670, 0.015048
1936, 0.398810, 0.014875
1937, 0.399310, 0.014716
1938, 0.399180, 0.015120
1939, 0.399460, 0.015091
1940, 0.399410, 0.014028
1941, 0.399470, 0.015248
1942, 0.399880, 0.015070
1943, 0.399480, 0.015220
1944, 0.399300, 0.014762
1945, 0.399250, 0.014024
1946, 0.399550, 0.014977
1947, 0.399630, 0.014385
1948, 0.399550, 0.015180
1949, 0.398890, 0.014309
1950, 0.399080, 0.014484
1951, 0.399300, 0.014550
1952, 0.399300, 0.014268
1953, 0.399410, 0.014979
1954, 0.398990, 0.014342
1955, 0.399280, 0.013441
1956, 0.398800, 0.014279
1957, 0.399570, 0.014525
1958, 0.399460, 0.014427
1959, 0.398920, 0.015154
1960, 0.399470, 0.014199
1961, 0.399320, 0.015164
1962, 0.399320, 0.014252
1963, 0.399130, 0.014858
1964, 0.398850, 0.015079
1965, 0.398980, 0.014564
1966, 0.399100, 0.014215
1967, 0.398640, 0.014116
1968, 0.399060, 0.014942
1969, 0.398920, 0.014786
1970, 0.399090, 0.013509
1971, 0.399180, 0.014912
1972, 0.399000, 0.014244
1973, 0.399430, 0.014688
1974, 0.399040, 0.014635
1975, 0.399550, 0.013703
1976, 0.399360, 0.014468
1977, 0.398620, 0.013843
1978, 0.399250, 0.015043
1979, 0.398800, 0.014820
1980, 0.398940, 0.014298
1981, 0.399440, 0.014780
1982, 0.398600, 0.013849
1983, 0.399290, 0.014403
1984, 0.398760, 0.014499
1985, 0.399020, 0.013976
1986, 0.399380, 0.014107
1987, 0.398840, 0.014215
1988, 0.399010, 0.014443
1989, 0.398880, 0.014494
1990, 0.399240, 0.013779
1991, 0.398890, 0.014559
1992, 0.398680, 0.013630
1993, 0.399280, 0.014321
1994, 0.398960, 0.014256
1995, 0.399310, 0.014355
1996, 0.398870, 0.014514
1997, 0.398700, 0.013808
1998, 0.398860, 0.014549
1999, 0.399090, 0.014662
2000, 0.398470, 0.013529
2001, 0.399140, 0.014612
