Container_size, 536870912,key_space, 2368548
request bin, mean_latency, sd
0, 72.753690, 3.696715
1, 61.721670, 3.347577
2, 52.155680, 2.791981
3, 45.370900, 2.398141
4, 39.153930, 2.380964
5, 33.650050, 2.099957
6, 28.865120, 1.921283
7, 26.162260, 1.888460
8, 24.001640, 1.689853
9, 22.237510, 1.818375
10, 20.172070, 1.671955
11, 18.206570, 1.721309
12, 16.285950, 1.715713
13, 14.752100, 1.800547
14, 13.244200, 1.619229
15, 11.926590, 1.784555
16, 10.919720, 1.723856
17, 9.925580, 1.583956
18, 9.109020, 1.773087
19, 8.382690, 1.644168
20, 7.620570, 1.676041
21, 6.942840, 1.695943
22, 6.380060, 1.675436
23, 6.014860, 1.752851
24, 5.628150, 1.760528
25, 5.326200, 1.706316
26, 5.053570, 1.679813
27, 4.807640, 1.625181
28, 4.521330, 1.739246
29, 4.293030, 1.631582
30, 4.094920, 1.573668
31, 3.841300, 1.629152
32, 3.560800, 1.597788
33, 3.397500, 1.609066
34, 3.197280, 1.603596
35, 3.104770, 1.551788
36, 2.863190, 1.481765
37, 2.724120, 1.616794
38, 2.613050, 1.520955
39, 2.448980, 1.460326
40, 2.322030, 1.504187
41, 2.230280, 1.415724
42, 2.119470, 1.499996
43, 1.990330, 1.335951
44, 1.867560, 1.309574
45, 1.763270, 1.311114
46, 1.689970, 1.380280
47, 1.572340, 1.295920
48, 1.518460, 1.299377
49, 1.431520, 1.239672
50, 1.348400, 1.142265
51, 1.291700, 1.290677
52, 1.223630, 1.218160
53, 1.126270, 1.081900
54, 1.043260, 1.173778
55, 0.983360, 1.195057
56, 0.925260, 1.132717
57, 0.919600, 1.183113
58, 0.914300, 1.096043
59, 0.909770, 1.008913
60, 0.918090, 1.116863
61, 0.911700, 1.065230
62, 0.897030, 0.974822
63, 0.895010, 1.002484
64, 0.891280, 0.970326
65, 0.889120, 0.957629
66, 0.879450, 0.877935
67, 0.887340, 0.975525
68, 0.881720, 0.867281
69, 0.897260, 1.013484
70, 0.886010, 0.874775
71, 0.891350, 0.976628
72, 0.887440, 0.903376
73, 0.881240, 0.869373
74, 0.877950, 0.882918
75, 0.870890, 0.832013
76, 0.869530, 0.853820
77, 0.864540, 0.786184
78, 0.878180, 0.874818
79, 0.872310, 0.828889
80, 0.879750, 0.882822
81, 0.866340, 0.786497
82, 0.859770, 0.738948
83, 0.864700, 0.762091
84, 0.862650, 0.735148
85, 0.858710, 0.691931
86, 0.848940, 0.657913
87, 0.850550, 0.691838
88, 0.850150, 0.651820
89, 0.849170, 0.671540
90, 0.845870, 0.641039
91, 0.854950, 0.705312
92, 0.840200, 0.570944
93, 0.844890, 0.624186
94, 0.846070, 0.599218
95, 0.838560, 0.546664
96, 0.835630, 0.534550
97, 0.852510, 0.673990
98, 0.837550, 0.515607
99, 0.837440, 0.521112
100, 0.826460, 0.474649
101, 0.827630, 0.480458
102, 0.826390, 0.435125
103, 0.828130, 0.481145
104, 0.824140, 0.445529
105, 0.836470, 0.572285
106, 0.821720, 0.390962
107, 0.833040, 0.508465
108, 0.818180, 0.419920
109, 0.835540, 0.493082
110, 0.819250, 0.401847
111, 0.818730, 0.413530
112, 0.814330, 0.397904
113, 0.827230, 0.470018
114, 0.808110, 0.315551
115, 0.817130, 0.406688
116, 0.806220, 0.336815
117, 0.810170, 0.342550
118, 0.816060, 0.402630
119, 0.820890, 0.400018
120, 0.801550, 0.272051
121, 0.807230, 0.316126
122, 0.812700, 0.357515
123, 0.813260, 0.367418
124, 0.806640, 0.303674
125, 0.808640, 0.329930
126, 0.797660, 0.259091
127, 0.801150, 0.264501
128, 0.805010, 0.297352
129, 0.808220, 0.275627
130, 0.804370, 0.298136
131, 0.800320, 0.260826
132, 0.805860, 0.286915
133, 0.803440, 0.263219
134, 0.795800, 0.234068
135, 0.801790, 0.266286
136, 0.793640, 0.221743
137, 0.792140, 0.213686
138, 0.799720, 0.276148
139, 0.794930, 0.221571
140, 0.789940, 0.196728
141, 0.791700, 0.166739
142, 0.799230, 0.257846
143, 0.792130, 0.223496
144, 0.791600, 0.206100
145, 0.791050, 0.188929
146, 0.795350, 0.212191
147, 0.792280, 0.189037
148, 0.794560, 0.220472
149, 0.789990, 0.182562
150, 0.789710, 0.194053
151, 0.791800, 0.189802
152, 0.790360, 0.155700
153, 0.785210, 0.157679
154, 0.782680, 0.134882
155, 0.785660, 0.162985
156, 0.786570, 0.159957
157, 0.784410, 0.154556
158, 0.783270, 0.133329
159, 0.786810, 0.140603
160, 0.787250, 0.161258
161, 0.784300, 0.161428
162, 0.782030, 0.127112
163, 0.781840, 0.123626
164, 0.782600, 0.092494
165, 0.775290, 0.074327
166, 0.781150, 0.111750
167, 0.780920, 0.127539
168, 0.778030, 0.076797
169, 0.776870, 0.084157
170, 0.780730, 0.118020
171, 0.777030, 0.082801
172, 0.780330, 0.103932
173, 0.777040, 0.084108
174, 0.778430, 0.107926
175, 0.776990, 0.093788
176, 0.777720, 0.078855
177, 0.772070, 0.077342
178, 0.778110, 0.097391
179, 0.775860, 0.090481
180, 0.777010, 0.079973
181, 0.772500, 0.064696
182, 0.774990, 0.074196
183, 0.774020, 0.056668
184, 0.770320, 0.058371
185, 0.773850, 0.068112
186, 0.764210, 0.052802
187, 0.769670, 0.057557
188, 0.770990, 0.052455
189, 0.771290, 0.051378
190, 0.771350, 0.048680
191, 0.769510, 0.041197
192, 0.771140, 0.048345
193, 0.766760, 0.051359
194, 0.772570, 0.058524
195, 0.770360, 0.039650
196, 0.773670, 0.054510
197, 0.766170, 0.029197
198, 0.769920, 0.045469
199, 0.769820, 0.046088
200, 0.770430, 0.064470
201, 0.772960, 0.063381
202, 0.771020, 0.058703
203, 0.769100, 0.045642
204, 0.772860, 0.054858
205, 0.766100, 0.044189
206, 0.770460, 0.044751
207, 0.772340, 0.053606
208, 0.767800, 0.033707
209, 0.765350, 0.039087
210, 0.770150, 0.047438
211, 0.767070, 0.038578
212, 0.767400, 0.067077
213, 0.766900, 0.044160
214, 0.766520, 0.027894
215, 0.766990, 0.039546
216, 0.763360, 0.043454
217, 0.767640, 0.044716
218, 0.765580, 0.036857
219, 0.766430, 0.042541
220, 0.768880, 0.054251
221, 0.765600, 0.025292
222, 0.767460, 0.038487
223, 0.765400, 0.049446
224, 0.764820, 0.040175
225, 0.766560, 0.035947
226, 0.766760, 0.036075
227, 0.763760, 0.035924
228, 0.765910, 0.041428
229, 0.764440, 0.042693
230, 0.763220, 0.038529
231, 0.765680, 0.035277
232, 0.768240, 0.060944
233, 0.765520, 0.030149
234, 0.763790, 0.034133
235, 0.765410, 0.029872
236, 0.761810, 0.024751
237, 0.765810, 0.034476
238, 0.765790, 0.035009
239, 0.761640, 0.021384
240, 0.767970, 0.056987
241, 0.760060, 0.028212
242, 0.759310, 0.023180
243, 0.763200, 0.043897
244, 0.765380, 0.029191
245, 0.759140, 0.021365
246, 0.761160, 0.035150
247, 0.759910, 0.023988
248, 0.758710, 0.028273
249, 0.760120, 0.040147
250, 0.759290, 0.028839
251, 0.764680, 0.044800
252, 0.763010, 0.053166
253, 0.761770, 0.030481
254, 0.756760, 0.025611
255, 0.761840, 0.037952
256, 0.760930, 0.023908
257, 0.764810, 0.033090
258, 0.766680, 0.032686
259, 0.760090, 0.032502
260, 0.760210, 0.024903
261, 0.758220, 0.019710
262, 0.761010, 0.019011
263, 0.756640, 0.018993
264, 0.759470, 0.025916
265, 0.756440, 0.019434
266, 0.754830, 0.018056
267, 0.759740, 0.021648
268, 0.759720, 0.024291
269, 0.759300, 0.021308
270, 0.757310, 0.017571
271, 0.757620, 0.023208
272, 0.756550, 0.018172
273, 0.757040, 0.021580
274, 0.758450, 0.021636
275, 0.758800, 0.023710
276, 0.756920, 0.023733
277, 0.754520, 0.018599
278, 0.757980, 0.018848
279, 0.756160, 0.021283
280, 0.754330, 0.021089
281, 0.756680, 0.021775
282, 0.757990, 0.022208
283, 0.752950, 0.020381
284, 0.756180, 0.023632
285, 0.755120, 0.021147
286, 0.757470, 0.020554
287, 0.754450, 0.019006
288, 0.753950, 0.021430
289, 0.753490, 0.021519
290, 0.753330, 0.019136
291, 0.752830, 0.020739
292, 0.755110, 0.023193
293, 0.752380, 0.020855
294, 0.757190, 0.022806
295, 0.755230, 0.021420
296, 0.753560, 0.021744
297, 0.753090, 0.022860
298, 0.757420, 0.025783
299, 0.754620, 0.020945
300, 0.752120, 0.021318
301, 0.749270, 0.021347
302, 0.749880, 0.020769
303, 0.753150, 0.023179
304, 0.750380, 0.021285
305, 0.753460, 0.023613
306, 0.756850, 0.026033
307, 0.752940, 0.018711
308, 0.748690, 0.018421
309, 0.749700, 0.020122
310, 0.752080, 0.022509
311, 0.751200, 0.019769
312, 0.752460, 0.022896
313, 0.750110, 0.021272
314, 0.746870, 0.020440
315, 0.751510, 0.018310
316, 0.752740, 0.025147
317, 0.752700, 0.023615
318, 0.752840, 0.024294
319, 0.753040, 0.018510
320, 0.749350, 0.020400
321, 0.751990, 0.022699
322, 0.747630, 0.021588
323, 0.748770, 0.022272
324, 0.754940, 0.020030
325, 0.751400, 0.021319
326, 0.749060, 0.019742
327, 0.754300, 0.022944
328, 0.746630, 0.019521
329, 0.749260, 0.020366
330, 0.748640, 0.016492
331, 0.751180, 0.019843
332, 0.751230, 0.019411
333, 0.750020, 0.020783
334, 0.751950, 0.024680
335, 0.748380, 0.021737
336, 0.746520, 0.020447
337, 0.750850, 0.023612
338, 0.752450, 0.022833
339, 0.750900, 0.022234
340, 0.747170, 0.019606
341, 0.749930, 0.021153
342, 0.748270, 0.023438
343, 0.749360, 0.022759
344, 0.749610, 0.020684
345, 0.749600, 0.024520
346, 0.749270, 0.027120
347, 0.748290, 0.022492
348, 0.749360, 0.024111
349, 0.746730, 0.020934
350, 0.752310, 0.025423
351, 0.747270, 0.021919
352, 0.746940, 0.022575
353, 0.747580, 0.024082
354, 0.745100, 0.019902
355, 0.747810, 0.020920
356, 0.749410, 0.024543
357, 0.747000, 0.024012
358, 0.746180, 0.021372
359, 0.747900, 0.025526
360, 0.746650, 0.024564
361, 0.744710, 0.021305
362, 0.749950, 0.022856
363, 0.746040, 0.021698
364, 0.745400, 0.022992
365, 0.745260, 0.020083
366, 0.744730, 0.021678
367, 0.747340, 0.024198
368, 0.742760, 0.020783
369, 0.746480, 0.024367
370, 0.748120, 0.021726
371, 0.746290, 0.022824
372, 0.747510, 0.024640
373, 0.744350, 0.021121
374, 0.745530, 0.021423
375, 0.744060, 0.021161
376, 0.747280, 0.023249
377, 0.742490, 0.020409
378, 0.746860, 0.024597
379, 0.743720, 0.023014
380, 0.744690, 0.021456
381, 0.745290, 0.024386
382, 0.746530, 0.022993
383, 0.747250, 0.023715
384, 0.741810, 0.021124
385, 0.741200, 0.019680
386, 0.741820, 0.022966
387, 0.742180, 0.024447
388, 0.741500, 0.022716
389, 0.742490, 0.022581
390, 0.743420, 0.019883
391, 0.744320, 0.022108
392, 0.742090, 0.020991
393, 0.745250, 0.023197
394, 0.744890, 0.021311
395, 0.742270, 0.021277
396, 0.745580, 0.025534
397, 0.741940, 0.021052
398, 0.745780, 0.026310
399, 0.745130, 0.022087
400, 0.742800, 0.023186
401, 0.743370, 0.023106
402, 0.742560, 0.022974
403, 0.744230, 0.021820
404, 0.742040, 0.023134
405, 0.739890, 0.019743
406, 0.743090, 0.023716
407, 0.740960, 0.023430
408, 0.743360, 0.023340
409, 0.741150, 0.022568
410, 0.741970, 0.021604
411, 0.743600, 0.025442
412, 0.743850, 0.022445
413, 0.742020, 0.022452
414, 0.741960, 0.022834
415, 0.739490, 0.021104
416, 0.737180, 0.021117
417, 0.741880, 0.021818
418, 0.741100, 0.020792
419, 0.744660, 0.023456
420, 0.741120, 0.023904
421, 0.735560, 0.019902
422, 0.738090, 0.020870
423, 0.742570, 0.023848
424, 0.737770, 0.020631
425, 0.738970, 0.021695
426, 0.738600, 0.020525
427, 0.738980, 0.023461
428, 0.743250, 0.022380
429, 0.737830, 0.018946
430, 0.741110, 0.022711
431, 0.738820, 0.022155
432, 0.739100, 0.021773
433, 0.738860, 0.022936
434, 0.739020, 0.021246
435, 0.738520, 0.022309
436, 0.739740, 0.022818
437, 0.738090, 0.022993
438, 0.736750, 0.020308
439, 0.737680, 0.021329
440, 0.740200, 0.022053
441, 0.738570, 0.022051
442, 0.736320, 0.018335
443, 0.738590, 0.021413
444, 0.741540, 0.024017
445, 0.740750, 0.022451
446, 0.740280, 0.021974
447, 0.735640, 0.021027
448, 0.742070, 0.023684
449, 0.740190, 0.022319
450, 0.738680, 0.022024
451, 0.737940, 0.020301
452, 0.737620, 0.020091
453, 0.739930, 0.022880
454, 0.737590, 0.024041
455, 0.740610, 0.020183
456, 0.736820, 0.025652
457, 0.739730, 0.023519
458, 0.733660, 0.019559
459, 0.734960, 0.024456
460, 0.736370, 0.021788
461, 0.736740, 0.021286
462, 0.739140, 0.026010
463, 0.735790, 0.020836
464, 0.736580, 0.021038
465, 0.738600, 0.022296
466, 0.739500, 0.023615
467, 0.736480, 0.021405
468, 0.734980, 0.021354
469, 0.735720, 0.019971
470, 0.734450, 0.019675
471, 0.735180, 0.020698
472, 0.734270, 0.020448
473, 0.737340, 0.024780
474, 0.735140, 0.022707
475, 0.734500, 0.019567
476, 0.735430, 0.021263
477, 0.735880, 0.022092
478, 0.736540, 0.021947
479, 0.734270, 0.021199
480, 0.732340, 0.020717
481, 0.736070, 0.023810
482, 0.739070, 0.020913
483, 0.735780, 0.022033
484, 0.736410, 0.022890
485, 0.736540, 0.023764
486, 0.737550, 0.023302
487, 0.733610, 0.020185
488, 0.735130, 0.021993
489, 0.734920, 0.021011
490, 0.732550, 0.020906
491, 0.735340, 0.022068
492, 0.735840, 0.020250
493, 0.736410, 0.023931
494, 0.735150, 0.020284
495, 0.734230, 0.022540
496, 0.735640, 0.021552
497, 0.729450, 0.019686
498, 0.735740, 0.023134
499, 0.731000, 0.019745
500, 0.734010, 0.020319
501, 0.731500, 0.018491
502, 0.733370, 0.021371
503, 0.734010, 0.020531
504, 0.735250, 0.023309
505, 0.733170, 0.023196
506, 0.734440, 0.021956
507, 0.733990, 0.023636
508, 0.733600, 0.020310
509, 0.735020, 0.019944
510, 0.730820, 0.020914
511, 0.738980, 0.024724
512, 0.729580, 0.020750
513, 0.734590, 0.020792
514, 0.734270, 0.021965
515, 0.731320, 0.021569
516, 0.735840, 0.022087
517, 0.734310, 0.024545
518, 0.733200, 0.020408
519, 0.734750, 0.020668
520, 0.736020, 0.022499
521, 0.731580, 0.020308
522, 0.736080, 0.018976
523, 0.731980, 0.021452
524, 0.727860, 0.019034
525, 0.733770, 0.021364
526, 0.732950, 0.021596
527, 0.734040, 0.022358
528, 0.733100, 0.019886
529, 0.730880, 0.018707
530, 0.729980, 0.020671
531, 0.731120, 0.020282
532, 0.727600, 0.020274
533, 0.733000, 0.020068
534, 0.730340, 0.021515
535, 0.727210, 0.017593
536, 0.730500, 0.020895
537, 0.732080, 0.022477
538, 0.730210, 0.021304
539, 0.733190, 0.022049
540, 0.731910, 0.025225
541, 0.730880, 0.020398
542, 0.731300, 0.017995
543, 0.731260, 0.022064
544, 0.729490, 0.020587
545, 0.731340, 0.020989
546, 0.728810, 0.021195
547, 0.730910, 0.019384
548, 0.730360, 0.021954
549, 0.731160, 0.021347
550, 0.732250, 0.022027
551, 0.730660, 0.018748
552, 0.732870, 0.022784
553, 0.728510, 0.020087
554, 0.727740, 0.018413
555, 0.729610, 0.021484
556, 0.728570, 0.018961
557, 0.731700, 0.019638
558, 0.728720, 0.021810
559, 0.728890, 0.020051
560, 0.729680, 0.021101
561, 0.730800, 0.022353
562, 0.729280, 0.021019
563, 0.730300, 0.021121
564, 0.730780, 0.022573
565, 0.731330, 0.019953
566, 0.729380, 0.022481
567, 0.730160, 0.020394
568, 0.724010, 0.019820
569, 0.726620, 0.019463
570, 0.729300, 0.022663
571, 0.727900, 0.021851
572, 0.731200, 0.023027
573, 0.728830, 0.022234
574, 0.728040, 0.021003
575, 0.726090, 0.020959
576, 0.728290, 0.020664
577, 0.725720, 0.019165
578, 0.729260, 0.021630
579, 0.728420, 0.020304
580, 0.726070, 0.020351
581, 0.726960, 0.020801
582, 0.726890, 0.023699
583, 0.728330, 0.023439
584, 0.724200, 0.019551
585, 0.728730, 0.023295
586, 0.727110, 0.020402
587, 0.725730, 0.019179
588, 0.726170, 0.020354
589, 0.726050, 0.020310
590, 0.726660, 0.018676
591, 0.723580, 0.018130
592, 0.731240, 0.022737
593, 0.723640, 0.018519
594, 0.727830, 0.023029
595, 0.728640, 0.023593
596, 0.726270, 0.019364
597, 0.726750, 0.022410
598, 0.727520, 0.020088
599, 0.725090, 0.019854
600, 0.727170, 0.020273
601, 0.726750, 0.022193
602, 0.728800, 0.019794
603, 0.728320, 0.019496
604, 0.726020, 0.021157
605, 0.726970, 0.022751
606, 0.727070, 0.019099
607, 0.725350, 0.018934
608, 0.725530, 0.021426
609, 0.722750, 0.020085
610, 0.724260, 0.018512
611, 0.726830, 0.021051
612, 0.725140, 0.022063
613, 0.726370, 0.022946
614, 0.724680, 0.023535
615, 0.727450, 0.023970
616, 0.725400, 0.021300
617, 0.727480, 0.022766
618, 0.724110, 0.020805
619, 0.723830, 0.018625
620, 0.724150, 0.018052
621, 0.721410, 0.018973
622, 0.721790, 0.019142
623, 0.724000, 0.018492
624, 0.723730, 0.022264
625, 0.725580, 0.018823
626, 0.723840, 0.020459
627, 0.726270, 0.020766
628, 0.725330, 0.020906
629, 0.725200, 0.021993
630, 0.722900, 0.019268
631, 0.724250, 0.018897
632, 0.724660, 0.022048
633, 0.724240, 0.018292
634, 0.722680, 0.021083
635, 0.722870, 0.020568
636, 0.721720, 0.020975
637, 0.723620, 0.018194
638, 0.722520, 0.020985
639, 0.721440, 0.020230
640, 0.724110, 0.018888
641, 0.723360, 0.020927
642, 0.721640, 0.019398
643, 0.721920, 0.018733
644, 0.722310, 0.021957
645, 0.722900, 0.018317
646, 0.724510, 0.022404
647, 0.722520, 0.019771
648, 0.722620, 0.020373
649, 0.721090, 0.019862
650, 0.724360, 0.021820
651, 0.721830, 0.017562
652, 0.724490, 0.022057
653, 0.723960, 0.021745
654, 0.721750, 0.021505
655, 0.719800, 0.019316
656, 0.721780, 0.019064
657, 0.720890, 0.018639
658, 0.717740, 0.017738
659, 0.718870, 0.020574
660, 0.720170, 0.018331
661, 0.721850, 0.018847
662, 0.718830, 0.019623
663, 0.723000, 0.020721
664, 0.722200, 0.022104
665, 0.721610, 0.017900
666, 0.719960, 0.017256
667, 0.719060, 0.020491
668, 0.720900, 0.018169
669, 0.720470, 0.018087
670, 0.720170, 0.020195
671, 0.719990, 0.019745
672, 0.722060, 0.022317
673, 0.721950, 0.018022
674, 0.721840, 0.019865
675, 0.720500, 0.019130
676, 0.718760, 0.019844
677, 0.716370, 0.020400
678, 0.720910, 0.020144
679, 0.718380, 0.017658
680, 0.719740, 0.019360
681, 0.720320, 0.019773
682, 0.719960, 0.020340
683, 0.723090, 0.021223
684, 0.720570, 0.019867
685, 0.720130, 0.019470
686, 0.719060, 0.019553
687, 0.720730, 0.019566
688, 0.718620, 0.018726
689, 0.719360, 0.018374
690, 0.719660, 0.021342
691, 0.716440, 0.017981
692, 0.716570, 0.018567
693, 0.718870, 0.018167
694, 0.722480, 0.021078
695, 0.718420, 0.019950
696, 0.716810, 0.019266
697, 0.718700, 0.018224
698, 0.717650, 0.018210
699, 0.718160, 0.020889
700, 0.716630, 0.018886
701, 0.720580, 0.017648
702, 0.720580, 0.020934
703, 0.718570, 0.022167
704, 0.716280, 0.018667
705, 0.720500, 0.017094
706, 0.719780, 0.019978
707, 0.716710, 0.018400
708, 0.715800, 0.017171
709, 0.718900, 0.019223
710, 0.715990, 0.018444
711, 0.718720, 0.017135
712, 0.718890, 0.020315
713, 0.716380, 0.016721
714, 0.715690, 0.020775
715, 0.714350, 0.015911
716, 0.718440, 0.019418
717, 0.721270, 0.020725
718, 0.719920, 0.020971
719, 0.717980, 0.019830
720, 0.715940, 0.016764
721, 0.718110, 0.017902
722, 0.719390, 0.020625
723, 0.717710, 0.020492
724, 0.716010, 0.019418
725, 0.715860, 0.019705
726, 0.715370, 0.017486
727, 0.716080, 0.020503
728, 0.717980, 0.020497
729, 0.715210, 0.015974
730, 0.717870, 0.020102
731, 0.717360, 0.020402
732, 0.714470, 0.016165
733, 0.712480, 0.017485
734, 0.720770, 0.025257
735, 0.714420, 0.017264
736, 0.717660, 0.020364
737, 0.715060, 0.018995
738, 0.714720, 0.017110
739, 0.715520, 0.018919
740, 0.715490, 0.017971
741, 0.716620, 0.019100
742, 0.714720, 0.017031
743, 0.714220, 0.019581
744, 0.715350, 0.018134
745, 0.715670, 0.017713
746, 0.716840, 0.022320
747, 0.714990, 0.020303
748, 0.712190, 0.018956
749, 0.713670, 0.019618
750, 0.712950, 0.015988
751, 0.716840, 0.020359
752, 0.714630, 0.020374
753, 0.713000, 0.016610
754, 0.712020, 0.018600
755, 0.713260, 0.016168
756, 0.714820, 0.017943
757, 0.713080, 0.020078
758, 0.711760, 0.017551
759, 0.716520, 0.019730
760, 0.715670, 0.019868
761, 0.712180, 0.018215
762, 0.713290, 0.018381
763, 0.716020, 0.018577
764, 0.715000, 0.020996
765, 0.714000, 0.019081
766, 0.713460, 0.017835
767, 0.714220, 0.019804
768, 0.716310, 0.018862
769, 0.714570, 0.020155
770, 0.717190, 0.021995
771, 0.711520, 0.017022
772, 0.714990, 0.021110
773, 0.713000, 0.016324
774, 0.713470, 0.017458
775, 0.714950, 0.019195
776, 0.714480, 0.018363
777, 0.712950, 0.018788
778, 0.714180, 0.018212
779, 0.711190, 0.018789
780, 0.714620, 0.018149
781, 0.713510, 0.020005
782, 0.711090, 0.018911
783, 0.713870, 0.021408
784, 0.712210, 0.021051
785, 0.713270, 0.017556
786, 0.710380, 0.016495
787, 0.710030, 0.016172
788, 0.712690, 0.018508
789, 0.712090, 0.020511
790, 0.713910, 0.017355
791, 0.709020, 0.018519
792, 0.711620, 0.017960
793, 0.713640, 0.017403
794, 0.712010, 0.017622
795, 0.713230, 0.021005
796, 0.710700, 0.018594
797, 0.710920, 0.018089
798, 0.711890, 0.018822
799, 0.711580, 0.017732
800, 0.710670, 0.017528
801, 0.710910, 0.021604
802, 0.710160, 0.018514
803, 0.712650, 0.018487
804, 0.711990, 0.016272
805, 0.709580, 0.016810
806, 0.710830, 0.017357
807, 0.712830, 0.018381
808, 0.713830, 0.018452
809, 0.713340, 0.018559
810, 0.709130, 0.018070
811, 0.710700, 0.018158
812, 0.710630, 0.020935
813, 0.710540, 0.019415
814, 0.709530, 0.018596
815, 0.709470, 0.018756
816, 0.714510, 0.020448
817, 0.708260, 0.018471
818, 0.711670, 0.018963
819, 0.709460, 0.017827
820, 0.709080, 0.021276
821, 0.710160, 0.018622
822, 0.709550, 0.019326
823, 0.710930, 0.015425
824, 0.710910, 0.019016
825, 0.709680, 0.018830
826, 0.710400, 0.017648
827, 0.712410, 0.020029
828, 0.708590, 0.018148
829, 0.709950, 0.017243
830, 0.709510, 0.018248
831, 0.709270, 0.018878
832, 0.706680, 0.019058
833, 0.708400, 0.017701
834, 0.709940, 0.019136
835, 0.708800, 0.017966
836, 0.706630, 0.016503
837, 0.711830, 0.019570
838, 0.712060, 0.020331
839, 0.711260, 0.019692
840, 0.706810, 0.017650
841, 0.711050, 0.017878
842, 0.708330, 0.019053
843, 0.711300, 0.018370
844, 0.707180, 0.017272
845, 0.708510, 0.019648
846, 0.708220, 0.017673
847, 0.707730, 0.019116
848, 0.708890, 0.018990
849, 0.707160, 0.017752
850, 0.708720, 0.019795
851, 0.708590, 0.015889
852, 0.707480, 0.015241
853, 0.711840, 0.019138
854, 0.708450, 0.018235
855, 0.708760, 0.019418
856, 0.709100, 0.019473
857, 0.708850, 0.017905
858, 0.707620, 0.018225
859, 0.705970, 0.016812
860, 0.706670, 0.018137
861, 0.707840, 0.016583
862, 0.708110, 0.017910
863, 0.708080, 0.018992
864, 0.708560, 0.018304
865, 0.707960, 0.018023
866, 0.706400, 0.018306
867, 0.707530, 0.017392
868, 0.708130, 0.019389
869, 0.705960, 0.018350
870, 0.703980, 0.017414
871, 0.708160, 0.016990
872, 0.706850, 0.017441
873, 0.707980, 0.016567
874, 0.706480, 0.018212
875, 0.706660, 0.017776
876, 0.708270, 0.016823
877, 0.709650, 0.022263
878, 0.708470, 0.016184
879, 0.706800, 0.019405
880, 0.709400, 0.019028
881, 0.705260, 0.018038
882, 0.704960, 0.018096
883, 0.706530, 0.016258
884, 0.704620, 0.018247
885, 0.704340, 0.016636
886, 0.705410, 0.016520
887, 0.706320, 0.018904
888, 0.705410, 0.016317
889, 0.706240, 0.019394
890, 0.708090, 0.019646
891, 0.705520, 0.017236
892, 0.706650, 0.018730
893, 0.704870, 0.016465
894, 0.706440, 0.018359
895, 0.705140, 0.019809
896, 0.703050, 0.015961
897, 0.705600, 0.015602
898, 0.704770, 0.017709
899, 0.703270, 0.018604
900, 0.705500, 0.018697
901, 0.703520, 0.019146
902, 0.704120, 0.016705
903, 0.706980, 0.021643
904, 0.705330, 0.020010
905, 0.704690, 0.015744
906, 0.704280, 0.016016
907, 0.705450, 0.017935
908, 0.703810, 0.015629
909, 0.704510, 0.018614
910, 0.703970, 0.015565
911, 0.704750, 0.016439
912, 0.704210, 0.016493
913, 0.705430, 0.017069
914, 0.704060, 0.016533
915, 0.706790, 0.020736
916, 0.703580, 0.017817
917, 0.703680, 0.018661
918, 0.705740, 0.018887
919, 0.704080, 0.016239
920, 0.705680, 0.018877
921, 0.702620, 0.017268
922, 0.704190, 0.018652
923, 0.704460, 0.019338
924, 0.705000, 0.018985
925, 0.704700, 0.019997
926, 0.703850, 0.016682
927, 0.705040, 0.018755
928, 0.704460, 0.017749
929, 0.702390, 0.016452
930, 0.702010, 0.015955
931, 0.703800, 0.016360
932, 0.704930, 0.020433
933, 0.701760, 0.017783
934, 0.701090, 0.015966
935, 0.701750, 0.018814
936, 0.701140, 0.015535
937, 0.703210, 0.017646
938, 0.705760, 0.017755
939, 0.701440, 0.017875
940, 0.700330, 0.015470
941, 0.703130, 0.016858
942, 0.702700, 0.018247
943, 0.703580, 0.018214
944, 0.702020, 0.017312
945, 0.703540, 0.017764
946, 0.700890, 0.016552
947, 0.705110, 0.018241
948, 0.703410, 0.016135
949, 0.701610, 0.015468
950, 0.703600, 0.017883
951, 0.703090, 0.017890
952, 0.699810, 0.015098
953, 0.702510, 0.016091
954, 0.700120, 0.015317
955, 0.701980, 0.016439
956, 0.705480, 0.020625
957, 0.701060, 0.016433
958, 0.700910, 0.017127
959, 0.701960, 0.017234
960, 0.702380, 0.016552
961, 0.702070, 0.017198
962, 0.701400, 0.018706
963, 0.701670, 0.017975
964, 0.703010, 0.016674
965, 0.703300, 0.018942
966, 0.702240, 0.017815
967, 0.701880, 0.017136
968, 0.703220, 0.019998
969, 0.702260, 0.020344
970, 0.700620, 0.017800
971, 0.700170, 0.015478
972, 0.698750, 0.014889
973, 0.700330, 0.016318
974, 0.701020, 0.016782
975, 0.700720, 0.016839
976, 0.699520, 0.015388
977, 0.704230, 0.019253
978, 0.699590, 0.017412
979, 0.699470, 0.017455
980, 0.700540, 0.017187
981, 0.699950, 0.017362
982, 0.699660, 0.017437
983, 0.699650, 0.016839
984, 0.697650, 0.015452
985, 0.700750, 0.016459
986, 0.699860, 0.016401
987, 0.700890, 0.015855
988, 0.697980, 0.017170
989, 0.697610, 0.015871
990, 0.700770, 0.016132
991, 0.702240, 0.019908
992, 0.700760, 0.017651
993, 0.701580, 0.019544
994, 0.700770, 0.015689
995, 0.698360, 0.016510
996, 0.697380, 0.016715
997, 0.700890, 0.016767
998, 0.700350, 0.017956
999, 0.700490, 0.016226
1000, 0.699740, 0.016636
1001, 0.696310, 0.014693
1002, 0.701000, 0.017369
1003, 0.698180, 0.017780
1004, 0.702470, 0.019583
1005, 0.701600, 0.018435
1006, 0.698550, 0.018125
1007, 0.697020, 0.017546
1008, 0.698070, 0.015851
1009, 0.700290, 0.015715
1010, 0.699510, 0.014815
1011, 0.697760, 0.017692
1012, 0.697580, 0.016969
1013, 0.697270, 0.015581
1014, 0.698020, 0.017388
1015, 0.700630, 0.017997
1016, 0.698650, 0.020408
1017, 0.699150, 0.017837
1018, 0.697830, 0.017497
1019, 0.700150, 0.016436
1020, 0.697530, 0.016426
1021, 0.698880, 0.014085
1022, 0.700770, 0.019296
1023, 0.698470, 0.016142
1024, 0.695880, 0.015240
1025, 0.701380, 0.016397
1026, 0.697030, 0.015354
1027, 0.698170, 0.017353
1028, 0.697520, 0.016008
1029, 0.697230, 0.017464
1030, 0.698380, 0.017127
1031, 0.700340, 0.014906
1032, 0.700290, 0.017414
1033, 0.696720, 0.016019
1034, 0.693900, 0.014553
1035, 0.699350, 0.018832
1036, 0.697870, 0.017554
1037, 0.695110, 0.014625
1038, 0.698730, 0.018211
1039, 0.700630, 0.019090
1040, 0.698790, 0.020473
1041, 0.695490, 0.017566
1042, 0.698140, 0.016864
1043, 0.697710, 0.019828
1044, 0.697210, 0.017721
1045, 0.696920, 0.014477
1046, 0.698700, 0.017986
1047, 0.695930, 0.014532
1048, 0.696410, 0.017004
1049, 0.695560, 0.016320
1050, 0.695990, 0.016432
1051, 0.694190, 0.017339
1052, 0.697390, 0.017202
1053, 0.695970, 0.014413
1054, 0.698400, 0.017087
1055, 0.695650, 0.014829
1056, 0.696210, 0.014331
1057, 0.696400, 0.017345
1058, 0.698560, 0.018932
1059, 0.693340, 0.014098
1060, 0.698320, 0.017680
1061, 0.696660, 0.014681
1062, 0.696030, 0.016805
1063, 0.696000, 0.014941
1064, 0.696980, 0.016336
1065, 0.696260, 0.015833
1066, 0.696960, 0.017866
1067, 0.696790, 0.016767
1068, 0.696220, 0.018298
1069, 0.694620, 0.016908
1070, 0.695860, 0.015946
1071, 0.695940, 0.015369
1072, 0.696750, 0.017137
1073, 0.695940, 0.015563
1074, 0.696770, 0.016313
1075, 0.695360, 0.018000
1076, 0.693330, 0.015967
1077, 0.696370, 0.017518
1078, 0.694950, 0.015802
1079, 0.696440, 0.015253
1080, 0.694860, 0.016350
1081, 0.694870, 0.016247
1082, 0.696790, 0.016037
1083, 0.693830, 0.016362
1084, 0.693740, 0.014694
1085, 0.695810, 0.018575
1086, 0.697220, 0.018021
1087, 0.693910, 0.016240
1088, 0.695720, 0.016141
1089, 0.694920, 0.016388
1090, 0.693490, 0.017710
1091, 0.696240, 0.019266
1092, 0.697520, 0.015483
1093, 0.694060, 0.016940
1094, 0.694750, 0.016877
1095, 0.694090, 0.015162
1096, 0.696140, 0.016733
1097, 0.694010, 0.015721
1098, 0.693950, 0.017098
1099, 0.693820, 0.013312
1100, 0.696870, 0.019400
1101, 0.693570, 0.013337
1102, 0.695800, 0.019088
1103, 0.694320, 0.017417
1104, 0.691390, 0.015071
1105, 0.696170, 0.020210
1106, 0.692530, 0.016914
1107, 0.694440, 0.016490
1108, 0.694150, 0.015022
1109, 0.692040, 0.016024
1110, 0.693260, 0.018658
1111, 0.696020, 0.018141
1112, 0.697900, 0.019433
1113, 0.693510, 0.016868
1114, 0.693440, 0.016221
1115, 0.692590, 0.018774
1116, 0.692870, 0.016888
1117, 0.694160, 0.015169
1118, 0.693170, 0.016235
1119, 0.695470, 0.017240
1120, 0.693190, 0.015398
1121, 0.694480, 0.017608
1122, 0.693680, 0.014892
1123, 0.695120, 0.017973
1124, 0.694820, 0.016399
1125, 0.693600, 0.014789
1126, 0.692370, 0.018114
1127, 0.691690, 0.016726
1128, 0.693020, 0.018047
1129, 0.694620, 0.016412
1130, 0.692250, 0.017731
1131, 0.691030, 0.013617
1132, 0.693450, 0.016014
1133, 0.691670, 0.015674
1134, 0.693860, 0.016675
1135, 0.695030, 0.017064
1136, 0.689700, 0.014733
1137, 0.691060, 0.013759
1138, 0.693220, 0.017777
1139, 0.691110, 0.016888
1140, 0.692450, 0.014627
1141, 0.693210, 0.016537
1142, 0.693160, 0.016118
1143, 0.690730, 0.015236
1144, 0.691560, 0.015331
1145, 0.694300, 0.018438
1146, 0.690500, 0.013585
1147, 0.691860, 0.016412
1148, 0.689690, 0.013234
1149, 0.689890, 0.017012
1150, 0.690020, 0.015611
1151, 0.692010, 0.017737
1152, 0.692670, 0.016065
1153, 0.691240, 0.015468
1154, 0.690480, 0.014062
1155, 0.692210, 0.017297
1156, 0.689670, 0.015388
1157, 0.691540, 0.018296
1158, 0.688650, 0.016038
1159, 0.692200, 0.015235
1160, 0.690590, 0.014768
1161, 0.690130, 0.016232
1162, 0.692210, 0.017748
1163, 0.690780, 0.015804
1164, 0.688950, 0.014143
1165, 0.691330, 0.015974
1166, 0.690540, 0.015846
1167, 0.689850, 0.015057
1168, 0.692800, 0.017830
1169, 0.691440, 0.015963
1170, 0.690420, 0.016378
1171, 0.690520, 0.013258
1172, 0.690990, 0.017091
1173, 0.690600, 0.015392
1174, 0.691490, 0.017933
1175, 0.692240, 0.019952
1176, 0.693450, 0.016299
1177, 0.688610, 0.013766
1178, 0.691650, 0.015103
1179, 0.690090, 0.017407
1180, 0.689810, 0.016858
1181, 0.688920, 0.016115
1182, 0.688420, 0.014951
1183, 0.688930, 0.013865
1184, 0.689850, 0.015368
1185, 0.689870, 0.015677
1186, 0.688820, 0.018661
1187, 0.689060, 0.015208
1188, 0.691510, 0.016910
1189, 0.690320, 0.019092
1190, 0.688460, 0.015759
1191, 0.689060, 0.015210
1192, 0.688730, 0.014455
1193, 0.693820, 0.017669
1194, 0.689540, 0.014103
1195, 0.688960, 0.013327
1196, 0.687530, 0.013793
1197, 0.692740, 0.017391
1198, 0.689070, 0.014431
1199, 0.689710, 0.016358
1200, 0.692580, 0.015529
1201, 0.691660, 0.018868
1202, 0.687320, 0.016218
1203, 0.689370, 0.016587
1204, 0.688090, 0.014865
1205, 0.688530, 0.014448
1206, 0.687830, 0.016156
1207, 0.688820, 0.014834
1208, 0.689840, 0.017177
1209, 0.690270, 0.016012
1210, 0.690680, 0.019457
1211, 0.689140, 0.016520
1212, 0.688150, 0.016751
1213, 0.687370, 0.016106
1214, 0.688150, 0.015526
1215, 0.692000, 0.019138
1216, 0.687900, 0.017129
1217, 0.687910, 0.014586
1218, 0.686660, 0.013506
1219, 0.686030, 0.014564
1220, 0.686970, 0.012870
1221, 0.687950, 0.016584
1222, 0.691940, 0.018610
1223, 0.690610, 0.016626
1224, 0.687650, 0.014190
1225, 0.687380, 0.013271
1226, 0.688180, 0.016368
1227, 0.687660, 0.014868
1228, 0.687410, 0.017589
1229, 0.687910, 0.014751
1230, 0.688670, 0.016480
1231, 0.685150, 0.014123
1232, 0.686410, 0.013316
1233, 0.687710, 0.015626
1234, 0.689070, 0.014044
1235, 0.689690, 0.015923
1236, 0.685990, 0.015756
1237, 0.688790, 0.014639
1238, 0.689180, 0.016992
1239, 0.688900, 0.015291
1240, 0.686310, 0.015255
1241, 0.686410, 0.015820
1242, 0.686800, 0.016230
1243, 0.688220, 0.017418
1244, 0.686770, 0.015143
1245, 0.687880, 0.014753
1246, 0.689450, 0.018443
1247, 0.688090, 0.014547
1248, 0.686100, 0.015750
1249, 0.687730, 0.012835
1250, 0.687760, 0.016499
1251, 0.685680, 0.016790
1252, 0.686640, 0.014451
1253, 0.686810, 0.015743
1254, 0.686720, 0.013063
1255, 0.684840, 0.015537
1256, 0.686090, 0.013529
1257, 0.687500, 0.014481
1258, 0.687870, 0.016467
1259, 0.685240, 0.013255
1260, 0.685820, 0.017151
1261, 0.686550, 0.016344
1262, 0.682990, 0.013726
1263, 0.685750, 0.015838
1264, 0.688740, 0.017445
1265, 0.682150, 0.013013
1266, 0.685720, 0.016867
1267, 0.686050, 0.016282
1268, 0.684290, 0.015441
1269, 0.687150, 0.017452
1270, 0.686580, 0.016937
1271, 0.686190, 0.013054
1272, 0.687150, 0.013361
1273, 0.687070, 0.016484
1274, 0.686150, 0.014560
1275, 0.686380, 0.015143
1276, 0.687810, 0.016177
1277, 0.686820, 0.017827
1278, 0.685500, 0.014231
1279, 0.685440, 0.015986
1280, 0.685770, 0.016707
1281, 0.684640, 0.016138
1282, 0.686150, 0.016118
1283, 0.684730, 0.013590
1284, 0.684270, 0.015561
1285, 0.683520, 0.015968
1286, 0.684420, 0.013515
1287, 0.687200, 0.014392
1288, 0.683230, 0.013431
1289, 0.685750, 0.016843
1290, 0.686830, 0.015971
1291, 0.684960, 0.013593
1292, 0.685490, 0.015169
1293, 0.686800, 0.015735
1294, 0.685290, 0.016603
1295, 0.684710, 0.014641
1296, 0.683310, 0.017575
1297, 0.684190, 0.012747
1298, 0.686350, 0.014437
1299, 0.685420, 0.015599
1300, 0.683240, 0.015003
1301, 0.684640, 0.013229
1302, 0.685650, 0.015662
1303, 0.687280, 0.015539
1304, 0.685580, 0.016390
1305, 0.684180, 0.014816
1306, 0.682330, 0.011945
1307, 0.683970, 0.015027
1308, 0.684190, 0.014623
1309, 0.683850, 0.014010
1310, 0.682700, 0.012768
1311, 0.683680, 0.015148
1312, 0.685320, 0.019001
1313, 0.681840, 0.013553
1314, 0.684700, 0.015707
1315, 0.685010, 0.016232
1316, 0.683410, 0.015546
1317, 0.684900, 0.014762
1318, 0.683450, 0.015299
1319, 0.682190, 0.017087
1320, 0.681390, 0.013034
1321, 0.684800, 0.014973
1322, 0.682220, 0.014114
1323, 0.683330, 0.015290
1324, 0.681800, 0.015429
1325, 0.684270, 0.015366
1326, 0.682730, 0.015679
1327, 0.683660, 0.016164
1328, 0.687030, 0.016484
1329, 0.683990, 0.015040
1330, 0.682460, 0.014366
1331, 0.684260, 0.016442
1332, 0.682450, 0.013704
1333, 0.683180, 0.013566
1334, 0.683830, 0.014127
1335, 0.681900, 0.014818
1336, 0.681050, 0.013263
1337, 0.682630, 0.014767
1338, 0.683800, 0.013561
1339, 0.683060, 0.014253
1340, 0.683650, 0.015950
1341, 0.682820, 0.014968
1342, 0.684710, 0.015655
1343, 0.681430, 0.015221
1344, 0.682410, 0.016223
1345, 0.683910, 0.016118
1346, 0.681080, 0.012632
1347, 0.681560, 0.016423
1348, 0.681990, 0.017690
1349, 0.682950, 0.013268
1350, 0.683580, 0.014597
1351, 0.682200, 0.014018
1352, 0.683280, 0.014561
1353, 0.682440, 0.016188
1354, 0.684000, 0.019405
1355, 0.681740, 0.016658
1356, 0.682550, 0.013076
1357, 0.679840, 0.013391
1358, 0.680960, 0.013070
1359, 0.681730, 0.016724
1360, 0.683680, 0.015119
1361, 0.681800, 0.014666
1362, 0.679620, 0.013230
1363, 0.682570, 0.015625
1364, 0.681770, 0.014886
1365, 0.683150, 0.014852
1366, 0.683930, 0.016777
1367, 0.680010, 0.014040
1368, 0.679800, 0.014774
1369, 0.681500, 0.015580
1370, 0.680880, 0.013263
1371, 0.682050, 0.016751
1372, 0.680580, 0.014509
1373, 0.681090, 0.014110
1374, 0.681860, 0.017588
1375, 0.679250, 0.012795
1376, 0.679450, 0.014135
1377, 0.682570, 0.015379
1378, 0.679530, 0.014337
1379, 0.681950, 0.015142
1380, 0.682190, 0.017810
1381, 0.681510, 0.017514
1382, 0.681030, 0.013387
1383, 0.678870, 0.013040
1384, 0.680530, 0.015333
1385, 0.679490, 0.012772
1386, 0.680700, 0.014452
1387, 0.679590, 0.015109
1388, 0.680950, 0.014718
1389, 0.680830, 0.013924
1390, 0.679330, 0.013520
1391, 0.680660, 0.015574
1392, 0.681420, 0.013198
1393, 0.683820, 0.019282
1394, 0.679700, 0.013660
1395, 0.681440, 0.014681
1396, 0.680450, 0.014140
1397, 0.681900, 0.014970
1398, 0.679100, 0.013844
1399, 0.680810, 0.014238
1400, 0.679630, 0.013860
1401, 0.681030, 0.015599
1402, 0.679600, 0.013804
1403, 0.677830, 0.016291
1404, 0.680080, 0.013827
1405, 0.681110, 0.014559
1406, 0.679240, 0.014431
1407, 0.679280, 0.013327
1408, 0.678230, 0.015996
1409, 0.679900, 0.012486
1410, 0.678700, 0.014651
1411, 0.678320, 0.014494
1412, 0.681010, 0.017776
1413, 0.680670, 0.016286
1414, 0.679060, 0.013160
1415, 0.680100, 0.014381
1416, 0.677670, 0.014590
1417, 0.680830, 0.015702
1418, 0.678190, 0.012212
1419, 0.679510, 0.016538
1420, 0.676770, 0.014502
1421, 0.677750, 0.014400
1422, 0.680840, 0.015403
1423, 0.678550, 0.013397
1424, 0.680330, 0.017756
1425, 0.679500, 0.015095
1426, 0.677520, 0.011525
1427, 0.678410, 0.014752
1428, 0.680290, 0.015440
1429, 0.679910, 0.015342
1430, 0.678380, 0.015127
1431, 0.677860, 0.014562
1432, 0.678920, 0.014583
1433, 0.679180, 0.014080
1434, 0.679040, 0.015006
1435, 0.679220, 0.014248
1436, 0.678230, 0.015554
1437, 0.679470, 0.016921
1438, 0.677590, 0.015864
1439, 0.677190, 0.012792
1440, 0.677890, 0.012718
1441, 0.679500, 0.014756
1442, 0.678170, 0.015116
1443, 0.678250, 0.013496
1444, 0.678930, 0.015405
1445, 0.677620, 0.012761
1446, 0.679180, 0.014367
1447, 0.680890, 0.016402
1448, 0.678320, 0.015017
1449, 0.676290, 0.013139
1450, 0.681300, 0.015953
1451, 0.676130, 0.015310
1452, 0.678330, 0.015326
1453, 0.677630, 0.015719
1454, 0.680300, 0.015644
1455, 0.678460, 0.011719
1456, 0.678460, 0.013373
1457, 0.677740, 0.013428
1458, 0.677570, 0.015569
1459, 0.678450, 0.014681
1460, 0.677630, 0.014239
1461, 0.680670, 0.017759
1462, 0.679160, 0.013566
1463, 0.676890, 0.014471
1464, 0.676990, 0.013232
1465, 0.678850, 0.014053
1466, 0.678660, 0.011684
1467, 0.679050, 0.017994
1468, 0.677970, 0.013516
1469, 0.677160, 0.015782
1470, 0.677260, 0.015681
1471, 0.677910, 0.013834
1472, 0.677540, 0.015462
1473, 0.677660, 0.015435
1474, 0.676020, 0.014525
1475, 0.678690, 0.016228
1476, 0.674520, 0.011455
1477, 0.675460, 0.013246
1478, 0.677980, 0.013390
1479, 0.678080, 0.014461
1480, 0.677550, 0.013682
1481, 0.676970, 0.014611
1482, 0.676730, 0.014698
1483, 0.676130, 0.014802
1484, 0.680060, 0.017584
1485, 0.676540, 0.016197
1486, 0.675350, 0.013092
1487, 0.675520, 0.012425
1488, 0.678970, 0.016018
1489, 0.676240, 0.013800
1490, 0.675050, 0.016133
1491, 0.676130, 0.012874
1492, 0.676390, 0.014016
1493, 0.675500, 0.015055
1494, 0.677660, 0.014959
1495, 0.674340, 0.013324
1496, 0.675250, 0.013345
1497, 0.675040, 0.011894
1498, 0.677060, 0.016571
1499, 0.676150, 0.016416
1500, 0.673970, 0.013178
1501, 0.675290, 0.014846
1502, 0.675560, 0.012019
1503, 0.675980, 0.012644
1504, 0.675220, 0.014233
1505, 0.674900, 0.013734
1506, 0.673980, 0.011575
1507, 0.676380, 0.016184
1508, 0.678120, 0.014768
1509, 0.675260, 0.014773
1510, 0.675310, 0.012739
1511, 0.677920, 0.013863
1512, 0.675260, 0.013730
1513, 0.676180, 0.014619
1514, 0.676830, 0.013732
1515, 0.673770, 0.013106
1516, 0.677250, 0.014096
1517, 0.675860, 0.014727
1518, 0.675600, 0.012186
1519, 0.676850, 0.013805
1520, 0.674630, 0.014186
1521, 0.676050, 0.014565
1522, 0.674380, 0.014360
1523, 0.674470, 0.014233
1524, 0.674670, 0.013454
1525, 0.671890, 0.012140
1526, 0.674880, 0.014997
1527, 0.673930, 0.014427
1528, 0.671510, 0.012541
1529, 0.673670, 0.012854
1530, 0.676410, 0.015178
1531, 0.674580, 0.012903
1532, 0.674260, 0.015526
1533, 0.675240, 0.015010
1534, 0.673840, 0.013620
1535, 0.676480, 0.014706
1536, 0.675010, 0.014632
1537, 0.673350, 0.013046
1538, 0.673870, 0.013713
1539, 0.673620, 0.014247
1540, 0.674140, 0.014031
1541, 0.672810, 0.013216
1542, 0.675100, 0.014572
1543, 0.674690, 0.014181
1544, 0.674740, 0.016462
1545, 0.674650, 0.012938
1546, 0.672240, 0.013974
1547, 0.673990, 0.013807
1548, 0.674680, 0.012445
1549, 0.675900, 0.015689
1550, 0.674580, 0.014708
1551, 0.673030, 0.011558
1552, 0.673890, 0.014557
1553, 0.677050, 0.013704
1554, 0.672080, 0.014303
1555, 0.674560, 0.014349
1556, 0.674330, 0.012435
1557, 0.674420, 0.016365
1558, 0.673910, 0.014900
1559, 0.672770, 0.012988
1560, 0.674900, 0.014034
1561, 0.676510, 0.017576
1562, 0.672630, 0.014428
1563, 0.674400, 0.013509
1564, 0.674680, 0.016119
1565, 0.674350, 0.013393
1566, 0.672990, 0.014348
1567, 0.676370, 0.015951
1568, 0.672250, 0.012541
1569, 0.672690, 0.013389
1570, 0.673220, 0.015208
1571, 0.673370, 0.013249
1572, 0.671670, 0.012834
1573, 0.674080, 0.015969
1574, 0.673640, 0.012880
1575, 0.674820, 0.015295
1576, 0.675110, 0.014961
1577, 0.673030, 0.012734
1578, 0.671630, 0.012804
1579, 0.672060, 0.014495
1580, 0.675010, 0.014203
1581, 0.672960, 0.012488
1582, 0.673030, 0.015095
1583, 0.673470, 0.013585
1584, 0.671700, 0.012263
1585, 0.671710, 0.012320
1586, 0.672390, 0.013598
1587, 0.673060, 0.013492
1588, 0.671700, 0.014747
1589, 0.672630, 0.014592
1590, 0.674370, 0.014844
1591, 0.674000, 0.014681
1592, 0.671970, 0.013966
1593, 0.671400, 0.011746
1594, 0.671480, 0.011806
1595, 0.671090, 0.011969
1596, 0.674840, 0.013578
1597, 0.671700, 0.014571
1598, 0.670140, 0.012605
1599, 0.673190, 0.013180
1600, 0.671000, 0.014063
1601, 0.670860, 0.014234
1602, 0.674040, 0.015767
1603, 0.670970, 0.013372
1604, 0.672490, 0.013892
1605, 0.672190, 0.012839
1606, 0.671630, 0.013625
1607, 0.668960, 0.011285
1608, 0.672900, 0.014418
1609, 0.673570, 0.013133
1610, 0.670920, 0.011417
1611, 0.672640, 0.012205
1612, 0.671970, 0.015816
1613, 0.671490, 0.015627
1614, 0.672060, 0.015320
1615, 0.669810, 0.011748
1616, 0.672540, 0.014769
1617, 0.671420, 0.013929
1618, 0.671760, 0.014325
1619, 0.670160, 0.012656
1620, 0.671910, 0.014884
1621, 0.672220, 0.013651
1622, 0.671400, 0.013365
1623, 0.670540, 0.013022
1624, 0.671070, 0.012463
1625, 0.670070, 0.012420
1626, 0.673460, 0.014308
1627, 0.670700, 0.012048
1628, 0.671890, 0.014642
1629, 0.674490, 0.016324
1630, 0.670040, 0.012191
1631, 0.673020, 0.016821
1632, 0.671530, 0.011208
1633, 0.671830, 0.014266
1634, 0.669870, 0.011879
1635, 0.669000, 0.012669
1636, 0.671970, 0.012587
1637, 0.669560, 0.012427
1638, 0.667920, 0.013765
1639, 0.671200, 0.015516
1640, 0.670350, 0.016409
1641, 0.673610, 0.014405
1642, 0.672620, 0.016290
1643, 0.669290, 0.013819
1644, 0.669490, 0.011967
1645, 0.668590, 0.012485
1646, 0.671070, 0.012729
1647, 0.669000, 0.013211
1648, 0.670530, 0.014648
1649, 0.670240, 0.014073
1650, 0.669040, 0.012070
1651, 0.671290, 0.013440
1652, 0.669920, 0.012709
1653, 0.669830, 0.013062
1654, 0.672330, 0.016145
1655, 0.670560, 0.016195
1656, 0.669460, 0.011770
1657, 0.669640, 0.012839
1658, 0.669200, 0.013999
1659, 0.672410, 0.012972
1660, 0.671270, 0.015650
1661, 0.669260, 0.012020
1662, 0.669390, 0.011878
1663, 0.669220, 0.012843
1664, 0.669670, 0.012992
1665, 0.668750, 0.011406
1666, 0.670380, 0.012380
1667, 0.669290, 0.011783
1668, 0.671120, 0.013510
1669, 0.667660, 0.011384
1670, 0.668690, 0.012947
1671, 0.670630, 0.014542
1672, 0.669710, 0.014107
1673, 0.670370, 0.015573
1674, 0.668100, 0.010993
1675, 0.669100, 0.013774
1676, 0.668510, 0.014669
1677, 0.668380, 0.013341
1678, 0.669570, 0.015175
1679, 0.670250, 0.014332
1680, 0.667220, 0.012049
1681, 0.669630, 0.012356
1682, 0.669580, 0.013746
1683, 0.668490, 0.013130
1684, 0.669740, 0.014882
1685, 0.669620, 0.014944
1686, 0.668650, 0.012564
1687, 0.667740, 0.013307
1688, 0.667500, 0.011302
1689, 0.668320, 0.012535
1690, 0.668960, 0.014899
1691, 0.670010, 0.015259
1692, 0.668770, 0.012648
1693, 0.669200, 0.014332
1694, 0.669540, 0.015216
1695, 0.669750, 0.011869
1696, 0.668680, 0.014320
1697, 0.667590, 0.013629
1698, 0.667660, 0.012690
1699, 0.669970, 0.014870
1700, 0.667540, 0.012216
1701, 0.669740, 0.013578
1702, 0.669070, 0.013305
1703, 0.667540, 0.011346
1704, 0.668780, 0.014052
1705, 0.666790, 0.012606
1706, 0.667360, 0.013997
1707, 0.669220, 0.014432
1708, 0.669450, 0.015352
1709, 0.667990, 0.011855
1710, 0.668120, 0.014535
1711, 0.670470, 0.012825
1712, 0.670860, 0.015695
1713, 0.667820, 0.013857
1714, 0.668270, 0.011831
1715, 0.666980, 0.017503
1716, 0.670090, 0.017241
1717, 0.667590, 0.013333
1718, 0.668330, 0.013131
1719, 0.665450, 0.012387
1720, 0.668150, 0.016954
1721, 0.668050, 0.012100
1722, 0.670790, 0.018868
1723, 0.667180, 0.013779
1724, 0.668380, 0.013316
1725, 0.666540, 0.013298
1726, 0.667240, 0.012972
1727, 0.667610, 0.011603
1728, 0.668750, 0.013083
1729, 0.667690, 0.014094
1730, 0.666490, 0.013487
1731, 0.666340, 0.012789
1732, 0.667850, 0.013507
1733, 0.666730, 0.011560
1734, 0.669090, 0.015149
1735, 0.668430, 0.016577
1736, 0.666230, 0.012675
1737, 0.666910, 0.013367
1738, 0.668860, 0.014267
1739, 0.667040, 0.012640
1740, 0.665880, 0.012417
1741, 0.665400, 0.011786
1742, 0.669090, 0.016368
1743, 0.669270, 0.015070
1744, 0.667530, 0.012085
1745, 0.666250, 0.013790
1746, 0.666880, 0.014253
1747, 0.668430, 0.014836
1748, 0.669000, 0.015194
1749, 0.667810, 0.012856
1750, 0.666950, 0.014014
1751, 0.667300, 0.012068
1752, 0.664970, 0.011411
1753, 0.665210, 0.013470
1754, 0.664860, 0.013052
1755, 0.667050, 0.011966
1756, 0.666290, 0.013778
1757, 0.666370, 0.013579
1758, 0.667730, 0.012342
1759, 0.665170, 0.011841
1760, 0.664890, 0.012400
1761, 0.665760, 0.012695
1762, 0.664880, 0.013647
1763, 0.666120, 0.015658
1764, 0.666800, 0.012908
1765, 0.665980, 0.013788
1766, 0.665640, 0.013593
1767, 0.666250, 0.013485
1768, 0.667330, 0.015596
1769, 0.664110, 0.010863
1770, 0.665660, 0.012204
1771, 0.665840, 0.014566
1772, 0.664750, 0.012391
1773, 0.667520, 0.013514
1774, 0.666630, 0.013399
1775, 0.667030, 0.013525
1776, 0.664030, 0.011599
1777, 0.665470, 0.013003
1778, 0.665510, 0.013963
1779, 0.666730, 0.013583
1780, 0.666270, 0.013513
1781, 0.665980, 0.015075
1782, 0.665350, 0.013723
1783, 0.666490, 0.013483
1784, 0.664490, 0.014998
1785, 0.665040, 0.012856
1786, 0.663340, 0.013833
1787, 0.665640, 0.013960
1788, 0.663290, 0.014512
1789, 0.664880, 0.010608
1790, 0.665070, 0.012303
1791, 0.665570, 0.014054
1792, 0.663910, 0.012596
1793, 0.665030, 0.013446
1794, 0.664270, 0.011461
1795, 0.666650, 0.014469
1796, 0.664410, 0.011653
1797, 0.665670, 0.012024
1798, 0.662610, 0.011501
1799, 0.665750, 0.013034
1800, 0.664040, 0.010849
1801, 0.666270, 0.012860
1802, 0.666380, 0.011589
1803, 0.666760, 0.014912
1804, 0.665610, 0.012500
1805, 0.667170, 0.016395
1806, 0.664850, 0.013474
1807, 0.664660, 0.013678
1808, 0.665020, 0.012422
1809, 0.664770, 0.012390
1810, 0.663950, 0.012489
1811, 0.665990, 0.015594
1812, 0.665080, 0.012277
1813, 0.664810, 0.013836
1814, 0.664310, 0.012954
1815, 0.664080, 0.011845
1816, 0.666040, 0.013648
1817, 0.663100, 0.010648
1818, 0.664710, 0.019643
1819, 0.665080, 0.011809
1820, 0.665160, 0.015598
1821, 0.664040, 0.014255
1822, 0.666060, 0.013026
1823, 0.664230, 0.012714
1824, 0.664150, 0.013385
1825, 0.666140, 0.011701
1826, 0.664410, 0.013071
1827, 0.665060, 0.012165
1828, 0.665990, 0.014350
1829, 0.664660, 0.012640
1830, 0.665190, 0.013672
1831, 0.665100, 0.012915
1832, 0.663810, 0.014620
1833, 0.663790, 0.014177
1834, 0.663050, 0.013640
1835, 0.666390, 0.014263
1836, 0.662730, 0.011539
1837, 0.663090, 0.010109
1838, 0.662600, 0.012409
1839, 0.662170, 0.011415
1840, 0.662980, 0.011548
1841, 0.664990, 0.013108
1842, 0.662290, 0.010841
1843, 0.662630, 0.012272
1844, 0.664470, 0.012797
1845, 0.663360, 0.013660
1846, 0.663310, 0.011288
1847, 0.663100, 0.012573
1848, 0.663650, 0.011714
1849, 0.663550, 0.012655
1850, 0.663490, 0.011314
1851, 0.665160, 0.015065
1852, 0.663660, 0.011161
1853, 0.663040, 0.012924
1854, 0.663680, 0.012283
1855, 0.662360, 0.011333
1856, 0.662270, 0.013187
1857, 0.661710, 0.009801
1858, 0.663460, 0.013026
1859, 0.663200, 0.014449
1860, 0.663390, 0.013436
1861, 0.666120, 0.014397
1862, 0.663110, 0.011832
1863, 0.662690, 0.011462
1864, 0.664870, 0.014538
1865, 0.662000, 0.012512
1866, 0.662390, 0.011064
1867, 0.662480, 0.011706
1868, 0.661860, 0.011412
1869, 0.662170, 0.011801
1870, 0.663790, 0.012835
1871, 0.662790, 0.012882
1872, 0.662660, 0.010977
1873, 0.664990, 0.013418
1874, 0.662060, 0.010879
1875, 0.664070, 0.017066
1876, 0.663620, 0.012179
1877, 0.661640, 0.011174
1878, 0.663960, 0.013426
1879, 0.662650, 0.011577
1880, 0.662340, 0.011738
1881, 0.661570, 0.012595
1882, 0.663210, 0.012809
1883, 0.660890, 0.012476
1884, 0.662610, 0.011700
1885, 0.664800, 0.014941
1886, 0.663140, 0.013897
1887, 0.661990, 0.013900
1888, 0.662720, 0.011059
1889, 0.663640, 0.013676
1890, 0.664650, 0.014472
1891, 0.662610, 0.011218
1892, 0.662530, 0.012497
1893, 0.663130, 0.011525
1894, 0.661510, 0.012147
1895, 0.662370, 0.012828
1896, 0.663770, 0.015838
1897, 0.663350, 0.013535
1898, 0.661580, 0.013235
1899, 0.662340, 0.014004
1900, 0.663010, 0.012963
1901, 0.663290, 0.012589
1902, 0.663230, 0.013859
1903, 0.662580, 0.013439
1904, 0.659970, 0.012155
1905, 0.663360, 0.012092
1906, 0.662540, 0.010406
1907, 0.661460, 0.011751
1908, 0.663270, 0.014910
1909, 0.661440, 0.014989
1910, 0.661230, 0.014882
1911, 0.661960, 0.012465
1912, 0.664490, 0.014253
1913, 0.661480, 0.011762
1914, 0.664310, 0.017177
1915, 0.660970, 0.012099
1916, 0.661190, 0.013444
1917, 0.660080, 0.012316
1918, 0.661100, 0.015060
1919, 0.660880, 0.011955
1920, 0.660890, 0.012285
1921, 0.660700, 0.010878
1922, 0.660850, 0.011680
1923, 0.661300, 0.013326
1924, 0.661600, 0.012619
1925, 0.661350, 0.010795
1926, 0.662450, 0.012607
1927, 0.660190, 0.012290
1928, 0.659320, 0.011455
1929, 0.663280, 0.011833
1930, 0.661540, 0.012682
1931, 0.661230, 0.012640
1932, 0.660290, 0.013382
1933, 0.661400, 0.014111
1934, 0.661710, 0.013220
1935, 0.661870, 0.013341
1936, 0.660280, 0.012249
1937, 0.661560, 0.010131
1938, 0.659270, 0.012035
1939, 0.661480, 0.011172
1940, 0.659820, 0.010065
1941, 0.660220, 0.014613
1942, 0.661660, 0.014418
1943, 0.660740, 0.013204
1944, 0.660290, 0.013053
1945, 0.660820, 0.009816
1946, 0.662170, 0.014965
1947, 0.660900, 0.012375
1948, 0.659870, 0.012467
1949, 0.661310, 0.012209
1950, 0.662300, 0.014225
1951, 0.661430, 0.012125
1952, 0.660400, 0.012511
1953, 0.660370, 0.013099
1954, 0.659690, 0.011893
1955, 0.659880, 0.010718
1956, 0.659090, 0.013190
1957, 0.660960, 0.011292
1958, 0.659810, 0.013137
1959, 0.659880, 0.010565
1960, 0.659910, 0.012257
1961, 0.660370, 0.013661
1962, 0.660680, 0.013232
1963, 0.661210, 0.013179
1964, 0.660760, 0.012282
1965, 0.660350, 0.012457
1966, 0.660190, 0.012994
1967, 0.659600, 0.011830
1968, 0.659190, 0.011386
1969, 0.658500, 0.012963
1970, 0.660150, 0.013312
1971, 0.660690, 0.013124
1972, 0.659770, 0.013271
1973, 0.660290, 0.012190
1974, 0.660000, 0.011617
1975, 0.661870, 0.012259
1976, 0.660000, 0.012196
1977, 0.661230, 0.011387
1978, 0.659710, 0.012379
1979, 0.660950, 0.014128
1980, 0.658270, 0.011210
1981, 0.658570, 0.013565
1982, 0.661620, 0.013804
1983, 0.659010, 0.014099
1984, 0.657890, 0.011720
1985, 0.660770, 0.009821
1986, 0.658750, 0.012163
1987, 0.660000, 0.011981
1988, 0.657680, 0.011250
1989, 0.658800, 0.010933
1990, 0.659860, 0.011420
1991, 0.658870, 0.012339
1992, 0.660010, 0.014756
1993, 0.657610, 0.011119
1994, 0.658600, 0.009984
1995, 0.657030, 0.011178
1996, 0.657840, 0.011794
1997, 0.658900, 0.013344
1998, 0.656550, 0.010995
1999, 0.658600, 0.011356
2000, 0.659390, 0.013027
2001, 0.657590, 0.012336
