Container_size, 134217728,key_space, 592137
request bin, mean_latency, sd
0, 67.971810, 3.649176
1, 40.513870, 2.245705
2, 26.909430, 1.641333
3, 18.181930, 1.511021
4, 14.568330, 1.456249
5, 12.418730, 1.352898
6, 10.609660, 1.301026
7, 8.261470, 1.463886
8, 6.452140, 1.236497
9, 5.034350, 1.274551
10, 3.957400, 1.325383
11, 3.153460, 1.178461
12, 2.561380, 1.183662
13, 2.002990, 1.022343
14, 1.621970, 1.006557
15, 1.375270, 1.036590
16, 1.318400, 0.880308
17, 1.269290, 0.904881
18, 1.196470, 0.835119
19, 1.119800, 0.832683
20, 1.068490, 0.735919
21, 1.029410, 0.742167
22, 0.986310, 0.568691
23, 0.936100, 0.622124
24, 0.913940, 0.600726
25, 0.873360, 0.528646
26, 0.828600, 0.451589
27, 0.813180, 0.457445
28, 0.780340, 0.435601
29, 0.772600, 0.387293
30, 0.740750, 0.311056
31, 0.719600, 0.272080
32, 0.708640, 0.286527
33, 0.690730, 0.251630
34, 0.661070, 0.192758
35, 0.654410, 0.210405
36, 0.643450, 0.263004
37, 0.610400, 0.202135
38, 0.594830, 0.219615
39, 0.573980, 0.144167
40, 0.563970, 0.152623
41, 0.554960, 0.126865
42, 0.552610, 0.117355
43, 0.550190, 0.138277
44, 0.544830, 0.092112
45, 0.541090, 0.061126
46, 0.541850, 0.083613
47, 0.541400, 0.079606
48, 0.542940, 0.106468
49, 0.542030, 0.112970
50, 0.538570, 0.066518
51, 0.541440, 0.079183
52, 0.541970, 0.106098
53, 0.538550, 0.072891
54, 0.537980, 0.072521
55, 0.534660, 0.053557
56, 0.538340, 0.079616
57, 0.538260, 0.072098
58, 0.535190, 0.064919
59, 0.533970, 0.056851
60, 0.537600, 0.079031
61, 0.530060, 0.038464
62, 0.530490, 0.039141
63, 0.527020, 0.027840
64, 0.528320, 0.025920
65, 0.529040, 0.027475
66, 0.527000, 0.017032
67, 0.525940, 0.017053
68, 0.526200, 0.015837
69, 0.524080, 0.013811
70, 0.523690, 0.013369
71, 0.525190, 0.016284
72, 0.523780, 0.013606
73, 0.523110, 0.015354
74, 0.523800, 0.016202
75, 0.522980, 0.014469
76, 0.521930, 0.014222
77, 0.521050, 0.013333
78, 0.521330, 0.015045
79, 0.521490, 0.015435
80, 0.521780, 0.013776
81, 0.520880, 0.014277
82, 0.520800, 0.015258
83, 0.519840, 0.014364
84, 0.519700, 0.014523
85, 0.519120, 0.014383
86, 0.518730, 0.014819
87, 0.519560, 0.015389
88, 0.518890, 0.012143
89, 0.517670, 0.012611
90, 0.517650, 0.011000
91, 0.516950, 0.013460
92, 0.517050, 0.011319
93, 0.517240, 0.013679
94, 0.515860, 0.011568
95, 0.518850, 0.012798
96, 0.517560, 0.012611
97, 0.515670, 0.011870
98, 0.516010, 0.011435
99, 0.514680, 0.012360
100, 0.515500, 0.010898
101, 0.515330, 0.012914
102, 0.515740, 0.014553
103, 0.515410, 0.013551
104, 0.514370, 0.012616
105, 0.512750, 0.010750
106, 0.514090, 0.011594
107, 0.513080, 0.010439
108, 0.514210, 0.013413
109, 0.512660, 0.012284
110, 0.512460, 0.012193
111, 0.512080, 0.011343
112, 0.512610, 0.010909
113, 0.513830, 0.013336
114, 0.513940, 0.014294
115, 0.512470, 0.012518
116, 0.512250, 0.012641
117, 0.510260, 0.011241
118, 0.512270, 0.012071
119, 0.511730, 0.011997
120, 0.513640, 0.016235
121, 0.512040, 0.012359
122, 0.510170, 0.010481
123, 0.511220, 0.012321
124, 0.511130, 0.010619
125, 0.509990, 0.010199
126, 0.510130, 0.010381
127, 0.511950, 0.012084
128, 0.511140, 0.013294
129, 0.511180, 0.012847
130, 0.510730, 0.011503
131, 0.509850, 0.011580
132, 0.510120, 0.010691
133, 0.508690, 0.010647
134, 0.509660, 0.012058
135, 0.510760, 0.011292
136, 0.508660, 0.010101
137, 0.508800, 0.009847
138, 0.507330, 0.010439
139, 0.509210, 0.011703
140, 0.509000, 0.012112
141, 0.507580, 0.011506
142, 0.508730, 0.010645
143, 0.510260, 0.013688
144, 0.508120, 0.012602
145, 0.508560, 0.011685
146, 0.507630, 0.011676
147, 0.508050, 0.009926
148, 0.507590, 0.011293
149, 0.507360, 0.011606
150, 0.508930, 0.012851
151, 0.507850, 0.012441
152, 0.507610, 0.011105
153, 0.507640, 0.010196
154, 0.507240, 0.011537
155, 0.507010, 0.011070
156, 0.506280, 0.010561
157, 0.505970, 0.009728
158, 0.507510, 0.010872
159, 0.506690, 0.012603
160, 0.506640, 0.010316
161, 0.507170, 0.011590
162, 0.506570, 0.010595
163, 0.507180, 0.011401
164, 0.507020, 0.012597
165, 0.506510, 0.010056
166, 0.507450, 0.012487
167, 0.508030, 0.012658
168, 0.507160, 0.013176
169, 0.507000, 0.011968
170, 0.506840, 0.011767
171, 0.506520, 0.010715
172, 0.505980, 0.009996
173, 0.506350, 0.011538
174, 0.506290, 0.011665
175, 0.506750, 0.012174
176, 0.506290, 0.010553
177, 0.506640, 0.011631
178, 0.505920, 0.012151
179, 0.505470, 0.011675
180, 0.505180, 0.009776
181, 0.504990, 0.010787
182, 0.506810, 0.012375
183, 0.506070, 0.012285
184, 0.504930, 0.010918
185, 0.506500, 0.012489
186, 0.504750, 0.011751
187, 0.504460, 0.010771
188, 0.504850, 0.010339
189, 0.505390, 0.011832
190, 0.505740, 0.011952
191, 0.504690, 0.010669
192, 0.504620, 0.010343
193, 0.504890, 0.010354
194, 0.504680, 0.011048
195, 0.505120, 0.010916
196, 0.504410, 0.011353
197, 0.505930, 0.011183
198, 0.504770, 0.011061
199, 0.504260, 0.010487
200, 0.503950, 0.009745
201, 0.504210, 0.010332
202, 0.504210, 0.010702
203, 0.504770, 0.010955
204, 0.503960, 0.010326
205, 0.506590, 0.014086
206, 0.504400, 0.011204
207, 0.504200, 0.010027
208, 0.504120, 0.010260
209, 0.504540, 0.010905
210, 0.504090, 0.009341
211, 0.504270, 0.010422
212, 0.504190, 0.010410
213, 0.504540, 0.010331
214, 0.504730, 0.011810
215, 0.504570, 0.011913
216, 0.504290, 0.013565
217, 0.503420, 0.009808
218, 0.504110, 0.010892
219, 0.503780, 0.010913
220, 0.503900, 0.012939
221, 0.504500, 0.012663
222, 0.504090, 0.011487
223, 0.504380, 0.010903
224, 0.504840, 0.011612
225, 0.503790, 0.009601
226, 0.503330, 0.011153
227, 0.504040, 0.011124
228, 0.502900, 0.009380
229, 0.504090, 0.010876
230, 0.504160, 0.010487
231, 0.503920, 0.011196
232, 0.504570, 0.011515
233, 0.504060, 0.010198
234, 0.502720, 0.010802
235, 0.503420, 0.010786
236, 0.503420, 0.010730
237, 0.504550, 0.011321
238, 0.503840, 0.009565
239, 0.503410, 0.011171
240, 0.503840, 0.010332
241, 0.504390, 0.012560
242, 0.503270, 0.010891
243, 0.502790, 0.010292
244, 0.503380, 0.011491
245, 0.504780, 0.011724
246, 0.502030, 0.011273
247, 0.504550, 0.011649
248, 0.503720, 0.010881
249, 0.502780, 0.010288
250, 0.504050, 0.011567
251, 0.502710, 0.010357
252, 0.503310, 0.011189
253, 0.503020, 0.010755
254, 0.502870, 0.010880
255, 0.503570, 0.011493
256, 0.503270, 0.012171
257, 0.505180, 0.012009
258, 0.503230, 0.009919
259, 0.503180, 0.011875
260, 0.503510, 0.011619
261, 0.503190, 0.011201
262, 0.503360, 0.010988
263, 0.502700, 0.010118
264, 0.504010, 0.011542
265, 0.502750, 0.010533
266, 0.503950, 0.012675
267, 0.503010, 0.011225
268, 0.502600, 0.009836
269, 0.503750, 0.011182
270, 0.503020, 0.010222
271, 0.503530, 0.011068
272, 0.502760, 0.011293
273, 0.502070, 0.010323
274, 0.502010, 0.010702
275, 0.503400, 0.012189
276, 0.503260, 0.010530
277, 0.502660, 0.010809
278, 0.502480, 0.009816
279, 0.502340, 0.010381
280, 0.502050, 0.009709
281, 0.502030, 0.010892
282, 0.504000, 0.012927
283, 0.502720, 0.010754
284, 0.502830, 0.011852
285, 0.502260, 0.010258
286, 0.502220, 0.010655
287, 0.503080, 0.010436
288, 0.502130, 0.010143
289, 0.502690, 0.010929
290, 0.501890, 0.010069
291, 0.502630, 0.010999
292, 0.502380, 0.010952
293, 0.502750, 0.011126
294, 0.502270, 0.010884
295, 0.501810, 0.011595
296, 0.502260, 0.010829
297, 0.503070, 0.010475
298, 0.501700, 0.010247
299, 0.502110, 0.011806
300, 0.503010, 0.011175
301, 0.502780, 0.011277
302, 0.501510, 0.011410
303, 0.502480, 0.011215
304, 0.502580, 0.011444
305, 0.501710, 0.009710
306, 0.501490, 0.011681
307, 0.501360, 0.010717
308, 0.501910, 0.010185
309, 0.503550, 0.015181
310, 0.501820, 0.010378
311, 0.502230, 0.010403
312, 0.501460, 0.011541
313, 0.502450, 0.011026
314, 0.502050, 0.012578
315, 0.501830, 0.010549
316, 0.502620, 0.011621
317, 0.502440, 0.011066
318, 0.502130, 0.010395
319, 0.501750, 0.010973
320, 0.502520, 0.010961
321, 0.502380, 0.011130
322, 0.502050, 0.011365
323, 0.501730, 0.009724
324, 0.501190, 0.010586
325, 0.501890, 0.010124
326, 0.501040, 0.011505
327, 0.501170, 0.010662
328, 0.501570, 0.009542
329, 0.501310, 0.011583
330, 0.502510, 0.010922
331, 0.500410, 0.010483
332, 0.500780, 0.011187
333, 0.501470, 0.010423
334, 0.502960, 0.013189
335, 0.501780, 0.011320
336, 0.500590, 0.010084
337, 0.500980, 0.011005
338, 0.501490, 0.009666
339, 0.501780, 0.012108
340, 0.500700, 0.010234
341, 0.501750, 0.010677
342, 0.501740, 0.011046
343, 0.501060, 0.009883
344, 0.500950, 0.010806
345, 0.501270, 0.011445
346, 0.501130, 0.010529
347, 0.501270, 0.011716
348, 0.502030, 0.011489
349, 0.502580, 0.010857
350, 0.501550, 0.010232
351, 0.501120, 0.010353
352, 0.502170, 0.011773
353, 0.500730, 0.010032
354, 0.501330, 0.011867
355, 0.501180, 0.009827
356, 0.501040, 0.011310
357, 0.501160, 0.010757
358, 0.501910, 0.010519
359, 0.500640, 0.010351
360, 0.501420, 0.010069
361, 0.500810, 0.010474
362, 0.500660, 0.010715
363, 0.500600, 0.010266
364, 0.501050, 0.010703
365, 0.500510, 0.010311
366, 0.500820, 0.011106
367, 0.500840, 0.011072
368, 0.502340, 0.010114
369, 0.501220, 0.010133
370, 0.501950, 0.010936
371, 0.501620, 0.011155
372, 0.501030, 0.011010
373, 0.501690, 0.011053
374, 0.501230, 0.010489
375, 0.500410, 0.009678
376, 0.501340, 0.010966
377, 0.500510, 0.010823
378, 0.500630, 0.010053
379, 0.500750, 0.010936
380, 0.500880, 0.010336
381, 0.500570, 0.010270
382, 0.501010, 0.010932
383, 0.501100, 0.009624
384, 0.500920, 0.010772
385, 0.500540, 0.010514
386, 0.500540, 0.009787
387, 0.500650, 0.010789
388, 0.499970, 0.009670
389, 0.500750, 0.010915
390, 0.501780, 0.010977
391, 0.499710, 0.009393
392, 0.500850, 0.010694
393, 0.500570, 0.009823
394, 0.499760, 0.010845
395, 0.500680, 0.011108
396, 0.500050, 0.009438
397, 0.501780, 0.011638
398, 0.499800, 0.009644
399, 0.500520, 0.010860
400, 0.501180, 0.010929
401, 0.499640, 0.009743
402, 0.500980, 0.010923
403, 0.500010, 0.010228
404, 0.500480, 0.010706
405, 0.500510, 0.010727
406, 0.500820, 0.010101
407, 0.500640, 0.010913
408, 0.500750, 0.010255
409, 0.499920, 0.011872
410, 0.500390, 0.010936
411, 0.500370, 0.011411
412, 0.500740, 0.010918
413, 0.500550, 0.011452
414, 0.500200, 0.011118
415, 0.500500, 0.010608
416, 0.500670, 0.010672
417, 0.500050, 0.011403
418, 0.499980, 0.009497
419, 0.500000, 0.010521
420, 0.500280, 0.010775
421, 0.500480, 0.009757
422, 0.499600, 0.011037
423, 0.499840, 0.009362
424, 0.500990, 0.010715
425, 0.500180, 0.010867
426, 0.500290, 0.010073
427, 0.499710, 0.010639
428, 0.500680, 0.009479
429, 0.500220, 0.010693
430, 0.499930, 0.010442
431, 0.500280, 0.011730
432, 0.500290, 0.011348
433, 0.499830, 0.009991
434, 0.499940, 0.010983
435, 0.500180, 0.011327
436, 0.500220, 0.009974
437, 0.500430, 0.011177
438, 0.500160, 0.009477
439, 0.499520, 0.010691
440, 0.500340, 0.010267
441, 0.500200, 0.009483
442, 0.499640, 0.010821
443, 0.500250, 0.009920
444, 0.499830, 0.010757
445, 0.500060, 0.010342
446, 0.500280, 0.010460
447, 0.499710, 0.009829
448, 0.500160, 0.009551
449, 0.499710, 0.010389
450, 0.500360, 0.011158
451, 0.499860, 0.009721
452, 0.499900, 0.011258
453, 0.500530, 0.009421
454, 0.500400, 0.011015
455, 0.499650, 0.010377
456, 0.500430, 0.010044
457, 0.499550, 0.010950
458, 0.499610, 0.009782
459, 0.499970, 0.010278
460, 0.501260, 0.011681
461, 0.499810, 0.009816
462, 0.500320, 0.010819
463, 0.499850, 0.009899
464, 0.500090, 0.010896
465, 0.499860, 0.011092
466, 0.500010, 0.010872
467, 0.500500, 0.011235
468, 0.500480, 0.010713
469, 0.500240, 0.010836
470, 0.499670, 0.011143
471, 0.500120, 0.009857
472, 0.500430, 0.010394
473, 0.499250, 0.009771
474, 0.499870, 0.010826
475, 0.499250, 0.010500
476, 0.499360, 0.009587
477, 0.500260, 0.011269
478, 0.499610, 0.010008
479, 0.500070, 0.010552
480, 0.500020, 0.010285
481, 0.499640, 0.010020
482, 0.499790, 0.011758
483, 0.499490, 0.010663
484, 0.499900, 0.011100
485, 0.500340, 0.010557
486, 0.500110, 0.009875
487, 0.499350, 0.010659
488, 0.499440, 0.009785
489, 0.500180, 0.011412
490, 0.499270, 0.010594
491, 0.499940, 0.010805
492, 0.500320, 0.011940
493, 0.499630, 0.009797
494, 0.499840, 0.010685
495, 0.499570, 0.011026
496, 0.499980, 0.010537
497, 0.500220, 0.010810
498, 0.499160, 0.009916
499, 0.499960, 0.010218
500, 0.500100, 0.010719
501, 0.500940, 0.013922
502, 0.499280, 0.010502
503, 0.499650, 0.009135
504, 0.500440, 0.011607
505, 0.499870, 0.011207
506, 0.500320, 0.014564
507, 0.499470, 0.010757
508, 0.499420, 0.009913
509, 0.499930, 0.010713
510, 0.499830, 0.011062
511, 0.499830, 0.010045
512, 0.500470, 0.012060
513, 0.501350, 0.009445
514, 0.499010, 0.010362
515, 0.498850, 0.010345
516, 0.499610, 0.009683
517, 0.500080, 0.010931
518, 0.500230, 0.010133
519, 0.498870, 0.011108
520, 0.500130, 0.010972
521, 0.500090, 0.009987
522, 0.499090, 0.010822
523, 0.500270, 0.011972
524, 0.499020, 0.010293
525, 0.500630, 0.011209
526, 0.499370, 0.010360
527, 0.499160, 0.010997
528, 0.499280, 0.009846
529, 0.499260, 0.010773
530, 0.498690, 0.011401
531, 0.498910, 0.009921
532, 0.499570, 0.010563
533, 0.500720, 0.010317
534, 0.499520, 0.010309
535, 0.499110, 0.010586
536, 0.499460, 0.009422
537, 0.499830, 0.010871
538, 0.498830, 0.009999
539, 0.499190, 0.010819
540, 0.499580, 0.011088
541, 0.499480, 0.009813
542, 0.499440, 0.011157
543, 0.499220, 0.009293
544, 0.499600, 0.010202
545, 0.499470, 0.010485
546, 0.499380, 0.010515
547, 0.499800, 0.011391
548, 0.499250, 0.009639
549, 0.499910, 0.010858
550, 0.499120, 0.010814
551, 0.499610, 0.010309
552, 0.499510, 0.010480
553, 0.499640, 0.009866
554, 0.499020, 0.010870
555, 0.499090, 0.010615
556, 0.499430, 0.010550
557, 0.500280, 0.011285
558, 0.499240, 0.010362
559, 0.500790, 0.011645
560, 0.499210, 0.011010
561, 0.499920, 0.010179
562, 0.498920, 0.010426
563, 0.499160, 0.010629
564, 0.499580, 0.010727
565, 0.499570, 0.013002
566, 0.499160, 0.010140
567, 0.499380, 0.010346
568, 0.499280, 0.010058
569, 0.498960, 0.010434
570, 0.499120, 0.010691
571, 0.499930, 0.009634
572, 0.498790, 0.010869
573, 0.499560, 0.010032
574, 0.499850, 0.011107
575, 0.499680, 0.010679
576, 0.498990, 0.009596
577, 0.500030, 0.011302
578, 0.499230, 0.009589
579, 0.499470, 0.012527
580, 0.500120, 0.012032
581, 0.499840, 0.010099
582, 0.498800, 0.010613
583, 0.499910, 0.011004
584, 0.500380, 0.013127
585, 0.499210, 0.010093
586, 0.498480, 0.010295
587, 0.500030, 0.013501
588, 0.500240, 0.011401
589, 0.500030, 0.010026
590, 0.500240, 0.010617
591, 0.498780, 0.009806
592, 0.499030, 0.010610
593, 0.499700, 0.011761
594, 0.498680, 0.010490
595, 0.499300, 0.010748
596, 0.499040, 0.010022
597, 0.498920, 0.011073
598, 0.499090, 0.010638
599, 0.498200, 0.010173
600, 0.499770, 0.010511
601, 0.500210, 0.010935
602, 0.498600, 0.010148
603, 0.498800, 0.011185
604, 0.499360, 0.010077
605, 0.499850, 0.010091
606, 0.498880, 0.009740
607, 0.499460, 0.009952
608, 0.498970, 0.010800
609, 0.499620, 0.009654
610, 0.499030, 0.010647
611, 0.498300, 0.010586
612, 0.499380, 0.010819
613, 0.499310, 0.010509
614, 0.499340, 0.010233
615, 0.499080, 0.011146
616, 0.499070, 0.010025
617, 0.498790, 0.011140
618, 0.499220, 0.010579
619, 0.498730, 0.010044
620, 0.498500, 0.010569
621, 0.499240, 0.010375
622, 0.498730, 0.010590
623, 0.498910, 0.010462
624, 0.499330, 0.010568
625, 0.499000, 0.010795
626, 0.498660, 0.010299
627, 0.498010, 0.010756
628, 0.498800, 0.011404
629, 0.499140, 0.010812
630, 0.498910, 0.010644
631, 0.498630, 0.010094
632, 0.498710, 0.011322
633, 0.498550, 0.010804
634, 0.498340, 0.010615
635, 0.497610, 0.012107
636, 0.496620, 0.011662
637, 0.496720, 0.013519
638, 0.497430, 0.013267
639, 0.495540, 0.013513
640, 0.495250, 0.014091
641, 0.495240, 0.013960
642, 0.494430, 0.014783
643, 0.495010, 0.014389
644, 0.495340, 0.014692
645, 0.494580, 0.015079
646, 0.495050, 0.013773
647, 0.495180, 0.016541
648, 0.494500, 0.015334
649, 0.494300, 0.015314
650, 0.493640, 0.014886
651, 0.494130, 0.014798
652, 0.493290, 0.016118
653, 0.493840, 0.015750
654, 0.493120, 0.015261
655, 0.493000, 0.016016
656, 0.492300, 0.015938
657, 0.491570, 0.016091
658, 0.492760, 0.016561
659, 0.491260, 0.016097
660, 0.491770, 0.017238
661, 0.491010, 0.016948
662, 0.490780, 0.017514
663, 0.490200, 0.017361
664, 0.489950, 0.016488
665, 0.490270, 0.017689
666, 0.489640, 0.017444
667, 0.489020, 0.017544
668, 0.488910, 0.018378
669, 0.487680, 0.017580
670, 0.487650, 0.018702
671, 0.486630, 0.017682
672, 0.487070, 0.019176
673, 0.487250, 0.018855
674, 0.487020, 0.018220
675, 0.486530, 0.018450
676, 0.487500, 0.020177
677, 0.486230, 0.018989
678, 0.486310, 0.019345
679, 0.485320, 0.019135
680, 0.485550, 0.018975
681, 0.484650, 0.018592
682, 0.485380, 0.018688
683, 0.485520, 0.018699
684, 0.484390, 0.018531
685, 0.484950, 0.019538
686, 0.484190, 0.018344
687, 0.485520, 0.019924
688, 0.484070, 0.019279
689, 0.484300, 0.019090
690, 0.483460, 0.019196
691, 0.482850, 0.018694
692, 0.483510, 0.019259
693, 0.482620, 0.019353
694, 0.482350, 0.019320
695, 0.481990, 0.019401
696, 0.481860, 0.018813
697, 0.481280, 0.019812
698, 0.481310, 0.019574
699, 0.481980, 0.022349
700, 0.480590, 0.019279
701, 0.480820, 0.019168
702, 0.480780, 0.020093
703, 0.479680, 0.019408
704, 0.479850, 0.018844
705, 0.479500, 0.020044
706, 0.479110, 0.019257
707, 0.478160, 0.018684
708, 0.478450, 0.019395
709, 0.478530, 0.019042
710, 0.478150, 0.019255
711, 0.478670, 0.018762
712, 0.476960, 0.019091
713, 0.477320, 0.019472
714, 0.477130, 0.018573
715, 0.476070, 0.018686
716, 0.476170, 0.018472
717, 0.475900, 0.019725
718, 0.476020, 0.018788
719, 0.475380, 0.018394
720, 0.474690, 0.018600
721, 0.476020, 0.017823
722, 0.474560, 0.018765
723, 0.474460, 0.018937
724, 0.474580, 0.018523
725, 0.473690, 0.019304
726, 0.474050, 0.017648
727, 0.473660, 0.018671
728, 0.473380, 0.018137
729, 0.472890, 0.018304
730, 0.473080, 0.018199
731, 0.472110, 0.017805
732, 0.472040, 0.018396
733, 0.472290, 0.018157
734, 0.471570, 0.017686
735, 0.471980, 0.017907
736, 0.471170, 0.017353
737, 0.471370, 0.017728
738, 0.471180, 0.017715
739, 0.470290, 0.016994
740, 0.469880, 0.017040
741, 0.469910, 0.016576
742, 0.469780, 0.016716
743, 0.469100, 0.016579
744, 0.468780, 0.015787
745, 0.468440, 0.016748
746, 0.469090, 0.015856
747, 0.468130, 0.016450
748, 0.467820, 0.016161
749, 0.467490, 0.015359
750, 0.467260, 0.016083
751, 0.467320, 0.014910
752, 0.466120, 0.014849
753, 0.466420, 0.015194
754, 0.466480, 0.013696
755, 0.466000, 0.015288
756, 0.465440, 0.013731
757, 0.465420, 0.013869
758, 0.465380, 0.014736
759, 0.465520, 0.013633
760, 0.465370, 0.014745
761, 0.464820, 0.013546
762, 0.465220, 0.014145
763, 0.464940, 0.013465
764, 0.464560, 0.012262
765, 0.464200, 0.013482
766, 0.464680, 0.013102
767, 0.464750, 0.013671
768, 0.464090, 0.013691
769, 0.463920, 0.012586
770, 0.463850, 0.013484
771, 0.464570, 0.012891
772, 0.463920, 0.013680
773, 0.463650, 0.014122
774, 0.463610, 0.012890
775, 0.463810, 0.013715
776, 0.463600, 0.012766
777, 0.463400, 0.014037
778, 0.464030, 0.013493
779, 0.463460, 0.013091
780, 0.463420, 0.013949
781, 0.463710, 0.013948
782, 0.462530, 0.012867
783, 0.463260, 0.013759
784, 0.462910, 0.012724
785, 0.462660, 0.013977
786, 0.463200, 0.014502
787, 0.462160, 0.012460
788, 0.462980, 0.013523
789, 0.463030, 0.012863
790, 0.462650, 0.013744
791, 0.462840, 0.013856
792, 0.462190, 0.012414
793, 0.462850, 0.014012
794, 0.462150, 0.012794
795, 0.461760, 0.013678
796, 0.462390, 0.013527
797, 0.462320, 0.012706
798, 0.462050, 0.013753
799, 0.461720, 0.012696
800, 0.461360, 0.013944
801, 0.461600, 0.013087
802, 0.461960, 0.012610
803, 0.461770, 0.013686
804, 0.461470, 0.013014
805, 0.461770, 0.013287
806, 0.462220, 0.013577
807, 0.461700, 0.013190
808, 0.461200, 0.013248
809, 0.461290, 0.012742
810, 0.461010, 0.013732
811, 0.461580, 0.013946
812, 0.461490, 0.012818
813, 0.461030, 0.013418
814, 0.461960, 0.013418
815, 0.461360, 0.013373
816, 0.461370, 0.013829
817, 0.461040, 0.012204
818, 0.460460, 0.013863
819, 0.460880, 0.012982
820, 0.461150, 0.013403
821, 0.460420, 0.014344
822, 0.461330, 0.012879
823, 0.460870, 0.013299
824, 0.460950, 0.013188
825, 0.459870, 0.013609
826, 0.460210, 0.014102
827, 0.460660, 0.013131
828, 0.460710, 0.013580
829, 0.460750, 0.012519
830, 0.459940, 0.013736
831, 0.460950, 0.013480
832, 0.460260, 0.013000
833, 0.460750, 0.013916
834, 0.459570, 0.013243
835, 0.459810, 0.013504
836, 0.459880, 0.013513
837, 0.460210, 0.012759
838, 0.460110, 0.013692
839, 0.459730, 0.012955
840, 0.460140, 0.013599
841, 0.460960, 0.014125
842, 0.459790, 0.013449
843, 0.460480, 0.014181
844, 0.459780, 0.012513
845, 0.459440, 0.013558
846, 0.460010, 0.013930
847, 0.459600, 0.013175
848, 0.460240, 0.013901
849, 0.459940, 0.012682
850, 0.460310, 0.013383
851, 0.459480, 0.013866
852, 0.459760, 0.012604
853, 0.459610, 0.014010
854, 0.459060, 0.012998
855, 0.459870, 0.013910
856, 0.459250, 0.013416
857, 0.459170, 0.012542
858, 0.459780, 0.013595
859, 0.459350, 0.012767
860, 0.458770, 0.013205
861, 0.459350, 0.012969
862, 0.459110, 0.013199
863, 0.459660, 0.014239
864, 0.459590, 0.012882
865, 0.458800, 0.013768
866, 0.459180, 0.013851
867, 0.459440, 0.012613
868, 0.459090, 0.013542
869, 0.458720, 0.013668
870, 0.459070, 0.013667
871, 0.459190, 0.013692
872, 0.459100, 0.012489
873, 0.458690, 0.013741
874, 0.458650, 0.012967
875, 0.459300, 0.013240
876, 0.459860, 0.014384
877, 0.459010, 0.012657
878, 0.458640, 0.013472
879, 0.458700, 0.012950
880, 0.458970, 0.013514
881, 0.459120, 0.014248
882, 0.458520, 0.012400
883, 0.458870, 0.013837
884, 0.459080, 0.012391
885, 0.459500, 0.013476
886, 0.458400, 0.014010
887, 0.458410, 0.012950
888, 0.458850, 0.013173
889, 0.459220, 0.013436
890, 0.459350, 0.017004
891, 0.458990, 0.013457
892, 0.458040, 0.012658
893, 0.458710, 0.013903
894, 0.458430, 0.012250
895, 0.458880, 0.013512
896, 0.458720, 0.014360
897, 0.458360, 0.012687
898, 0.458400, 0.013442
899, 0.458710, 0.013149
900, 0.457740, 0.013549
901, 0.458970, 0.013680
902, 0.458640, 0.013279
903, 0.458060, 0.013793
904, 0.458710, 0.012779
905, 0.458080, 0.013612
906, 0.458740, 0.013800
907, 0.458700, 0.012886
908, 0.458480, 0.013329
909, 0.458400, 0.013172
910, 0.458210, 0.013825
911, 0.459130, 0.014200
912, 0.458190, 0.013044
913, 0.458290, 0.013818
914, 0.458450, 0.012821
915, 0.457760, 0.013715
916, 0.458220, 0.013542
917, 0.458200, 0.013055
918, 0.458700, 0.013577
919, 0.458130, 0.012639
920, 0.458410, 0.013804
921, 0.458070, 0.013505
922, 0.458050, 0.012998
923, 0.458130, 0.013940
924, 0.458170, 0.012869
925, 0.458480, 0.013662
926, 0.457850, 0.013467
927, 0.458240, 0.013114
928, 0.458800, 0.013468
929, 0.458160, 0.013023
930, 0.458350, 0.013709
931, 0.457950, 0.014108
932, 0.458200, 0.012669
933, 0.458380, 0.014074
934, 0.458070, 0.012908
935, 0.458220, 0.013753
936, 0.457920, 0.014389
937, 0.458530, 0.013069
938, 0.458060, 0.013810
939, 0.458120, 0.012864
940, 0.458220, 0.013975
941, 0.457850, 0.013636
942, 0.457950, 0.012844
943, 0.458570, 0.013653
944, 0.458380, 0.013161
945, 0.457950, 0.014296
946, 0.458320, 0.013659
947, 0.458170, 0.013167
948, 0.458080, 0.013552
949, 0.457670, 0.012746
950, 0.457660, 0.013876
951, 0.458280, 0.013988
952, 0.458210, 0.012505
953, 0.458500, 0.013036
954, 0.458700, 0.013061
955, 0.457640, 0.013823
956, 0.458210, 0.013221
957, 0.458340, 0.012496
958, 0.458100, 0.014157
959, 0.458410, 0.013220
960, 0.458050, 0.013530
961, 0.458100, 0.013801
962, 0.458190, 0.013065
963, 0.457980, 0.013047
964, 0.457500, 0.013308
965, 0.458320, 0.013762
966, 0.458450, 0.013770
967, 0.457740, 0.012537
968, 0.457980, 0.013610
969, 0.457780, 0.013086
970, 0.457850, 0.013707
971, 0.458400, 0.013369
972, 0.457990, 0.013326
973, 0.458060, 0.013935
974, 0.457980, 0.013215
975, 0.457440, 0.013646
976, 0.458130, 0.013275
977, 0.457670, 0.012866
978, 0.457550, 0.013878
979, 0.458090, 0.014577
980, 0.458050, 0.013425
981, 0.458870, 0.013623
982, 0.457560, 0.013124
983, 0.457500, 0.014206
984, 0.457910, 0.013710
985, 0.457670, 0.013101
986, 0.458410, 0.014371
987, 0.457830, 0.012809
988, 0.457930, 0.013766
989, 0.458260, 0.013564
990, 0.458220, 0.013188
991, 0.458080, 0.013224
992, 0.457220, 0.012330
993, 0.457660, 0.014408
994, 0.457840, 0.013899
995, 0.457450, 0.012611
996, 0.457920, 0.013783
997, 0.458060, 0.012690
998, 0.457680, 0.013822
999, 0.458170, 0.013746
1000, 0.457420, 0.013387
1001, 0.457510, 0.014040
1002, 0.457910, 0.012909
1003, 0.457900, 0.013825
1004, 0.458160, 0.014174
1005, 0.458260, 0.013131
1006, 0.458480, 0.013815
1007, 0.457690, 0.013055
1008, 0.457540, 0.013255
1009, 0.458550, 0.013893
1010, 0.457860, 0.013080
1011, 0.457630, 0.013657
1012, 0.458060, 0.013242
1013, 0.457690, 0.013300
1014, 0.458400, 0.014361
1015, 0.457870, 0.013238
1016, 0.457790, 0.013690
1017, 0.457840, 0.012591
1018, 0.457140, 0.013893
1019, 0.458490, 0.013857
1020, 0.457530, 0.013286
1021, 0.457360, 0.013046
1022, 0.457580, 0.012949
1023, 0.457400, 0.014320
1024, 0.458060, 0.014156
1025, 0.459710, 0.013211
1026, 0.458450, 0.013625
1027, 0.457860, 0.013436
1028, 0.457680, 0.014027
1029, 0.457530, 0.013621
1030, 0.458290, 0.012385
1031, 0.457920, 0.014061
1032, 0.458450, 0.012938
1033, 0.457540, 0.013866
1034, 0.458240, 0.013589
1035, 0.458080, 0.013031
1036, 0.457610, 0.013704
1037, 0.457730, 0.012868
1038, 0.457670, 0.013692
1039, 0.458440, 0.013439
1040, 0.457630, 0.012995
1041, 0.457950, 0.013891
1042, 0.457810, 0.012937
1043, 0.457850, 0.013417
1044, 0.458010, 0.013970
1045, 0.458000, 0.012931
1046, 0.458050, 0.013876
1047, 0.457570, 0.012567
1048, 0.458150, 0.014176
1049, 0.458220, 0.014074
1050, 0.458410, 0.013312
1051, 0.458210, 0.013539
1052, 0.457790, 0.012506
1053, 0.457890, 0.013897
1054, 0.457930, 0.013623
1055, 0.457730, 0.013137
1056, 0.457780, 0.013766
1057, 0.457700, 0.012739
1058, 0.458230, 0.013769
1059, 0.457730, 0.014012
1060, 0.457840, 0.013142
1061, 0.457950, 0.013834
1062, 0.457610, 0.013152
1063, 0.457920, 0.013524
1064, 0.457300, 0.013903
1065, 0.458300, 0.012504
1066, 0.457530, 0.014064
1067, 0.458290, 0.012478
1068, 0.458120, 0.014088
1069, 0.457700, 0.013947
1070, 0.457470, 0.012855
1071, 0.457750, 0.013963
1072, 0.457680, 0.012594
1073, 0.458160, 0.013614
1074, 0.458030, 0.013979
1075, 0.457710, 0.012778
1076, 0.458220, 0.013543
1077, 0.458120, 0.013342
1078, 0.457600, 0.013912
1079, 0.457740, 0.013602
1080, 0.457490, 0.012385
1081, 0.457450, 0.013690
1082, 0.457760, 0.013217
1083, 0.457860, 0.014136
1084, 0.457970, 0.013803
1085, 0.457110, 0.012975
1086, 0.457500, 0.013763
1087, 0.458250, 0.012775
1088, 0.457380, 0.014159
1089, 0.457630, 0.013708
1090, 0.457140, 0.012666
1091, 0.457570, 0.013026
1092, 0.457490, 0.013036
1093, 0.457620, 0.014060
1094, 0.457930, 0.013972
1095, 0.457750, 0.012841
1096, 0.457570, 0.013678
1097, 0.457630, 0.012714
1098, 0.457050, 0.013618
1099, 0.457900, 0.013937
1100, 0.457430, 0.012934
1101, 0.457960, 0.013748
1102, 0.458060, 0.012401
1103, 0.458200, 0.016950
1104, 0.457780, 0.013896
1105, 0.457470, 0.013149
1106, 0.457570, 0.013574
1107, 0.457770, 0.012370
1108, 0.457560, 0.013531
1109, 0.457520, 0.013540
1110, 0.457320, 0.013047
1111, 0.457380, 0.013542
1112, 0.457340, 0.012287
1113, 0.457510, 0.013737
1114, 0.457380, 0.013477
1115, 0.457640, 0.012707
1116, 0.457270, 0.013607
1117, 0.457440, 0.012991
1118, 0.457390, 0.013557
1119, 0.457070, 0.013830
1120, 0.457490, 0.012960
1121, 0.457330, 0.013516
1122, 0.457620, 0.013266
1123, 0.457700, 0.013595
1124, 0.456890, 0.013951
1125, 0.457040, 0.012973
1126, 0.457420, 0.013707
1127, 0.457180, 0.012758
1128, 0.457580, 0.013913
1129, 0.457330, 0.014044
1130, 0.457420, 0.012995
1131, 0.457480, 0.014283
1132, 0.457560, 0.012947
1133, 0.457120, 0.013535
1134, 0.457130, 0.013946
1135, 0.457420, 0.012441
1136, 0.457210, 0.013942
1137, 0.457110, 0.013145
1138, 0.457190, 0.013736
1139, 0.457230, 0.013430
1140, 0.457220, 0.012900
1141, 0.457490, 0.013775
1142, 0.457170, 0.012806
1143, 0.457540, 0.013763
1144, 0.457880, 0.014136
1145, 0.457650, 0.013404
1146, 0.457300, 0.013487
1147, 0.457570, 0.013181
1148, 0.456990, 0.013728
1149, 0.457910, 0.013871
1150, 0.456860, 0.012917
1151, 0.457650, 0.013647
1152, 0.457850, 0.013333
1153, 0.457190, 0.013973
1154, 0.456810, 0.013863
1155, 0.457290, 0.013055
1156, 0.457430, 0.013736
1157, 0.456410, 0.012881
1158, 0.457400, 0.013654
1159, 0.457630, 0.013950
1160, 0.457370, 0.012642
1161, 0.457760, 0.013913
1162, 0.457500, 0.012983
1163, 0.457070, 0.013785
1164, 0.457610, 0.014065
1165, 0.457300, 0.013197
1166, 0.457360, 0.014119
1167, 0.457470, 0.013469
1168, 0.457360, 0.012396
1169, 0.457560, 0.013919
1170, 0.456940, 0.012590
1171, 0.457200, 0.013946
1172, 0.457270, 0.013796
1173, 0.456990, 0.012840
1174, 0.457720, 0.014090
1175, 0.456980, 0.013014
1176, 0.456860, 0.013431
1177, 0.457570, 0.013679
1178, 0.457200, 0.013143
1179, 0.457430, 0.014252
1180, 0.457230, 0.013851
1181, 0.457090, 0.014146
1182, 0.457310, 0.013249
1183, 0.456480, 0.013444
1184, 0.457600, 0.014156
1185, 0.456830, 0.012475
1186, 0.457060, 0.014266
1187, 0.457830, 0.013933
1188, 0.457360, 0.012566
1189, 0.457460, 0.013857
1190, 0.457440, 0.012754
1191, 0.456750, 0.013896
1192, 0.457080, 0.014044
1193, 0.457360, 0.013116
1194, 0.456780, 0.013955
1195, 0.457220, 0.012878
1196, 0.456750, 0.013802
1197, 0.457100, 0.013439
1198, 0.457580, 0.013088
1199, 0.457290, 0.013489
1200, 0.457280, 0.013116
1201, 0.456710, 0.013396
1202, 0.457200, 0.013926
1203, 0.457330, 0.012865
1204, 0.457080, 0.013556
1205, 0.457350, 0.012869
1206, 0.457250, 0.013566
1207, 0.457090, 0.013764
1208, 0.457470, 0.013286
1209, 0.456840, 0.014048
1210, 0.457270, 0.012620
1211, 0.456670, 0.014011
1212, 0.457240, 0.013611
1213, 0.457440, 0.013379
1214, 0.457200, 0.013740
1215, 0.457210, 0.013078
1216, 0.456850, 0.013611
1217, 0.457550, 0.013653
1218, 0.457180, 0.013189
1219, 0.457540, 0.013796
1220, 0.457290, 0.012655
1221, 0.457430, 0.014632
1222, 0.457700, 0.013701
1223, 0.457390, 0.012927
1224, 0.457050, 0.014088
1225, 0.457760, 0.012883
1226, 0.457200, 0.014008
1227, 0.457420, 0.013684
1228, 0.456600, 0.013191
1229, 0.457180, 0.013480
1230, 0.457630, 0.012563
1231, 0.456910, 0.014188
1232, 0.457660, 0.013492
1233, 0.457150, 0.013057
1234, 0.456850, 0.013835
1235, 0.457230, 0.012795
1236, 0.456810, 0.013916
1237, 0.457130, 0.013938
1238, 0.457150, 0.013038
1239, 0.457270, 0.013908
1240, 0.457260, 0.013305
1241, 0.457660, 0.014258
1242, 0.457380, 0.013861
1243, 0.457180, 0.012925
1244, 0.457130, 0.014413
1245, 0.457010, 0.013240
1246, 0.457220, 0.013868
1247, 0.457490, 0.013923
1248, 0.457650, 0.012992
1249, 0.457040, 0.013894
1250, 0.457240, 0.013270
1251, 0.457880, 0.013489
1252, 0.457430, 0.014072
1253, 0.457100, 0.013190
1254, 0.457060, 0.013983
1255, 0.457430, 0.013314
1256, 0.457260, 0.013673
1257, 0.457380, 0.013903
1258, 0.457470, 0.012775
1259, 0.457150, 0.013660
1260, 0.457560, 0.013033
1261, 0.457580, 0.013230
1262, 0.456900, 0.014375
1263, 0.457450, 0.013051
1264, 0.457180, 0.013853
1265, 0.457390, 0.013020
1266, 0.457250, 0.014059
1267, 0.457560, 0.014324
1268, 0.456970, 0.013161
1269, 0.457440, 0.015330
1270, 0.457400, 0.013389
1271, 0.456920, 0.013545
1272, 0.457290, 0.013649
1273, 0.457070, 0.013258
1274, 0.457150, 0.013570
1275, 0.457400, 0.013011
1276, 0.458810, 0.022799
1277, 0.457660, 0.013827
1278, 0.457200, 0.012900
1279, 0.457330, 0.013613
1280, 0.457330, 0.012737
1281, 0.457200, 0.013952
1282, 0.457960, 0.013582
1283, 0.456920, 0.012876
1284, 0.457260, 0.013952
1285, 0.457920, 0.013080
1286, 0.456870, 0.013743
1287, 0.457710, 0.013561
1288, 0.456490, 0.012931
1289, 0.457070, 0.014324
1290, 0.457320, 0.012547
1291, 0.457260, 0.013362
1292, 0.457470, 0.013994
1293, 0.457280, 0.012954
1294, 0.457250, 0.013424
1295, 0.457240, 0.012384
1296, 0.457060, 0.014232
1297, 0.457010, 0.013937
1298, 0.457550, 0.012570
1299, 0.456880, 0.013685
1300, 0.457310, 0.012730
1301, 0.457270, 0.013396
1302, 0.457970, 0.013927
1303, 0.457710, 0.013272
1304, 0.457270, 0.014330
1305, 0.457390, 0.012865
1306, 0.456820, 0.013697
1307, 0.458160, 0.017411
1308, 0.457090, 0.012571
1309, 0.457940, 0.014084
1310, 0.457430, 0.012839
1311, 0.457420, 0.013964
1312, 0.456800, 0.014084
1313, 0.457660, 0.012984
1314, 0.457050, 0.013942
1315, 0.457240, 0.012868
1316, 0.457140, 0.013412
1317, 0.456900, 0.014176
1318, 0.457650, 0.012961
1319, 0.457070, 0.014093
1320, 0.457310, 0.012871
1321, 0.457020, 0.013624
1322, 0.456760, 0.014040
1323, 0.457340, 0.012795
1324, 0.457390, 0.013946
1325, 0.456820, 0.012639
1326, 0.457600, 0.014174
1327, 0.456900, 0.013453
1328, 0.457410, 0.012891
1329, 0.457270, 0.013557
1330, 0.456970, 0.012116
1331, 0.456800, 0.014075
1332, 0.457000, 0.014444
1333, 0.456710, 0.012901
1334, 0.457020, 0.013874
1335, 0.457450, 0.012666
1336, 0.457270, 0.013840
1337, 0.457260, 0.013795
1338, 0.457150, 0.013238
1339, 0.457320, 0.013979
1340, 0.457160, 0.012658
1341, 0.456820, 0.013461
1342, 0.457590, 0.013651
1343, 0.457360, 0.012371
1344, 0.457800, 0.013511
1345, 0.457340, 0.012780
1346, 0.457680, 0.013329
1347, 0.456990, 0.013470
1348, 0.457600, 0.012613
1349, 0.457470, 0.013382
1350, 0.457020, 0.013953
1351, 0.456970, 0.013134
1352, 0.457420, 0.014389
1353, 0.456900, 0.012918
1354, 0.457070, 0.014222
1355, 0.456780, 0.014026
1356, 0.457160, 0.013453
1357, 0.457560, 0.014120
1358, 0.456410, 0.012827
1359, 0.457170, 0.013615
1360, 0.456700, 0.013696
1361, 0.456540, 0.013133
1362, 0.457780, 0.013952
1363, 0.457140, 0.012360
1364, 0.457490, 0.013717
1365, 0.456780, 0.014013
1366, 0.456850, 0.013117
1367, 0.457360, 0.013897
1368, 0.456950, 0.013016
1369, 0.457060, 0.014020
1370, 0.457340, 0.014284
1371, 0.456830, 0.013220
1372, 0.457740, 0.014184
1373, 0.456560, 0.012884
1374, 0.457130, 0.013845
1375, 0.457150, 0.013705
1376, 0.457110, 0.013057
1377, 0.456980, 0.013981
1378, 0.457090, 0.012807
1379, 0.457290, 0.014222
1380, 0.457380, 0.014007
1381, 0.456910, 0.013008
1382, 0.457320, 0.013859
1383, 0.456660, 0.013346
1384, 0.457020, 0.013796
1385, 0.456900, 0.013922
1386, 0.457300, 0.013356
1387, 0.457080, 0.014193
1388, 0.457270, 0.012920
1389, 0.457190, 0.013899
1390, 0.457120, 0.013821
1391, 0.456730, 0.012927
1392, 0.456580, 0.013823
1393, 0.457420, 0.013228
1394, 0.456720, 0.014032
1395, 0.457100, 0.014057
1396, 0.457530, 0.013481
1397, 0.456790, 0.013878
1398, 0.457430, 0.013477
1399, 0.456960, 0.013836
1400, 0.457070, 0.014415
1401, 0.457220, 0.012786
1402, 0.456800, 0.013956
1403, 0.458180, 0.016574
1404, 0.456580, 0.013565
1405, 0.456990, 0.013713
1406, 0.457560, 0.013423
1407, 0.457270, 0.014555
1408, 0.457080, 0.012853
1409, 0.456700, 0.014087
1410, 0.457220, 0.013631
1411, 0.456670, 0.012736
1412, 0.456820, 0.014119
1413, 0.457230, 0.012894
1414, 0.456670, 0.013576
1415, 0.457530, 0.013934
1416, 0.456730, 0.012709
1417, 0.456930, 0.013902
1418, 0.457100, 0.012735
1419, 0.456590, 0.014129
1420, 0.457090, 0.014354
1421, 0.456980, 0.013084
1422, 0.456910, 0.013885
1423, 0.457020, 0.012629
1424, 0.456580, 0.013636
1425, 0.457000, 0.013422
1426, 0.456290, 0.012959
1427, 0.456820, 0.014098
1428, 0.456510, 0.012942
1429, 0.456940, 0.014279
1430, 0.457070, 0.013557
1431, 0.456580, 0.012433
1432, 0.456600, 0.013732
1433, 0.456920, 0.012726
1434, 0.456820, 0.013660
1435, 0.456550, 0.013495
1436, 0.456830, 0.013022
1437, 0.457120, 0.014040
1438, 0.456920, 0.012157
1439, 0.457340, 0.013745
1440, 0.456770, 0.014163
1441, 0.457230, 0.013154
1442, 0.457290, 0.013698
1443, 0.456810, 0.012559
1444, 0.456790, 0.013439
1445, 0.456670, 0.013925
1446, 0.456370, 0.012759
1447, 0.456690, 0.013885
1448, 0.457180, 0.012974
1449, 0.457270, 0.013689
1450, 0.457380, 0.013735
1451, 0.456910, 0.013155
1452, 0.456830, 0.014093
1453, 0.457010, 0.012667
1454, 0.456870, 0.013469
1455, 0.456840, 0.014437
1456, 0.456730, 0.012859
1457, 0.456990, 0.013842
1458, 0.456900, 0.012863
1459, 0.457440, 0.013635
1460, 0.456500, 0.013709
1461, 0.456270, 0.012973
1462, 0.456670, 0.013803
1463, 0.456680, 0.012746
1464, 0.456700, 0.013695
1465, 0.457030, 0.014020
1466, 0.456910, 0.012313
1467, 0.456950, 0.013966
1468, 0.457280, 0.012919
1469, 0.456800, 0.013992
1470, 0.456560, 0.013817
1471, 0.456480, 0.012973
1472, 0.456820, 0.014301
1473, 0.456690, 0.013067
1474, 0.456640, 0.013550
1475, 0.457050, 0.013874
1476, 0.456580, 0.013496
1477, 0.457040, 0.013785
1478, 0.456480, 0.012884
1479, 0.456450, 0.014027
1480, 0.456750, 0.013924
1481, 0.456970, 0.013149
1482, 0.456420, 0.013320
1483, 0.457020, 0.013621
1484, 0.456670, 0.013746
1485, 0.457650, 0.013561
1486, 0.456450, 0.013186
1487, 0.457180, 0.014020
1488, 0.456680, 0.013162
1489, 0.456660, 0.013999
1490, 0.457240, 0.013775
1491, 0.456430, 0.013187
1492, 0.456810, 0.013827
1493, 0.456720, 0.013349
1494, 0.456630, 0.013928
1495, 0.457070, 0.013848
1496, 0.456800, 0.013381
1497, 0.456880, 0.013593
1498, 0.457000, 0.013167
1499, 0.456880, 0.013490
1500, 0.456770, 0.013290
1501, 0.456840, 0.013041
1502, 0.456840, 0.013776
1503, 0.457120, 0.013446
1504, 0.456570, 0.013467
1505, 0.456470, 0.014015
1506, 0.456530, 0.012860
1507, 0.456650, 0.013637
1508, 0.456810, 0.012525
1509, 0.457310, 0.013829
1510, 0.456570, 0.014165
1511, 0.456980, 0.012959
1512, 0.457260, 0.013863
1513, 0.456720, 0.012755
1514, 0.456930, 0.013780
1515, 0.456590, 0.013989
1516, 0.456360, 0.012988
1517, 0.457200, 0.014455
1518, 0.457420, 0.012994
1519, 0.456630, 0.013596
1520, 0.456890, 0.014448
1521, 0.457780, 0.016363
1522, 0.456820, 0.013587
1523, 0.456520, 0.012999
1524, 0.456690, 0.014635
1525, 0.456910, 0.014011
1526, 0.456580, 0.012946
1527, 0.457210, 0.013714
1528, 0.456990, 0.013165
1529, 0.456980, 0.013892
1530, 0.456530, 0.013773
1531, 0.456460, 0.013119
1532, 0.456980, 0.013569
1533, 0.456900, 0.012587
1534, 0.456860, 0.013904
1535, 0.457150, 0.014031
1536, 0.457210, 0.012537
1537, 0.456720, 0.014037
1538, 0.457090, 0.013189
1539, 0.457280, 0.013775
1540, 0.456980, 0.014308
1541, 0.456620, 0.012828
1542, 0.456690, 0.013833
1543, 0.456540, 0.012749
1544, 0.457190, 0.013649
1545, 0.457500, 0.014294
1546, 0.456910, 0.013155
1547, 0.457030, 0.013414
1548, 0.456760, 0.013686
1549, 0.456740, 0.012990
1550, 0.457110, 0.013755
1551, 0.456620, 0.012730
1552, 0.456650, 0.014084
1553, 0.456730, 0.013552
1554, 0.457010, 0.013218
1555, 0.457040, 0.014051
1556, 0.456530, 0.012801
1557, 0.456820, 0.014274
1558, 0.456780, 0.014221
1559, 0.456790, 0.013006
1560, 0.457120, 0.013635
1561, 0.456540, 0.012987
1562, 0.456840, 0.013911
1563, 0.456680, 0.014030
1564, 0.456880, 0.013221
1565, 0.457210, 0.013671
1566, 0.456560, 0.013310
1567, 0.457110, 0.014134
1568, 0.456940, 0.013588
1569, 0.457140, 0.013192
1570, 0.456780, 0.014243
1571, 0.456840, 0.012973
1572, 0.456740, 0.014066
1573, 0.457110, 0.013677
1574, 0.456680, 0.013009
1575, 0.457110, 0.013664
1576, 0.456360, 0.012598
1577, 0.456290, 0.013917
1578, 0.456850, 0.014416
1579, 0.456540, 0.013462
1580, 0.457100, 0.014572
1581, 0.456930, 0.013142
1582, 0.456510, 0.013367
1583, 0.457410, 0.013753
1584, 0.456840, 0.013089
1585, 0.456600, 0.013885
1586, 0.456620, 0.012590
1587, 0.456470, 0.013727
1588, 0.456760, 0.014137
1589, 0.456650, 0.012928
1590, 0.457480, 0.013997
1591, 0.456540, 0.013133
1592, 0.456340, 0.013730
1593, 0.456850, 0.014447
1594, 0.456600, 0.013097
1595, 0.456510, 0.013912
1596, 0.456790, 0.012512
1597, 0.456870, 0.013968
1598, 0.456820, 0.013946
1599, 0.456800, 0.012528
1600, 0.456770, 0.013641
1601, 0.456670, 0.013276
1602, 0.456430, 0.014368
1603, 0.457160, 0.013787
1604, 0.456430, 0.012745
1605, 0.456620, 0.014344
1606, 0.456720, 0.012983
1607, 0.456710, 0.013941
1608, 0.457230, 0.013985
1609, 0.456730, 0.013300
1610, 0.456520, 0.013824
1611, 0.456540, 0.012951
1612, 0.456250, 0.013685
1613, 0.456810, 0.013561
1614, 0.456390, 0.013408
1615, 0.456740, 0.013720
1616, 0.456600, 0.012866
1617, 0.456090, 0.013756
1618, 0.457000, 0.014008
1619, 0.456480, 0.013509
1620, 0.456530, 0.014591
1621, 0.456660, 0.012912
1622, 0.456180, 0.013474
1623, 0.456510, 0.013571
1624, 0.456760, 0.012931
1625, 0.456980, 0.013812
1626, 0.456600, 0.012574
1627, 0.456550, 0.014052
1628, 0.455840, 0.013808
1629, 0.456550, 0.013069
1630, 0.456960, 0.013620
1631, 0.456140, 0.013208
1632, 0.457200, 0.013812
1633, 0.456340, 0.013995
1634, 0.456820, 0.013389
1635, 0.456670, 0.013748
1636, 0.456820, 0.013087
1637, 0.457710, 0.017407
1638, 0.456860, 0.013947
1639, 0.456710, 0.013045
1640, 0.456510, 0.013607
1641, 0.456450, 0.013822
1642, 0.456650, 0.013507
1643, 0.456830, 0.013551
1644, 0.456850, 0.012861
1645, 0.456200, 0.013606
1646, 0.456960, 0.013132
1647, 0.456590, 0.013720
1648, 0.457130, 0.014183
1649, 0.456660, 0.012891
1650, 0.456530, 0.013565
1651, 0.456330, 0.012947
1652, 0.456450, 0.013323
1653, 0.456870, 0.013608
1654, 0.456920, 0.012751
1655, 0.456780, 0.014099
1656, 0.456240, 0.012959
1657, 0.456590, 0.013865
1658, 0.456130, 0.013837
1659, 0.456620, 0.012903
1660, 0.456540, 0.013455
1661, 0.456740, 0.012551
1662, 0.456400, 0.014355
1663, 0.456510, 0.013823
1664, 0.456210, 0.012867
1665, 0.456750, 0.013878
1666, 0.456630, 0.012918
1667, 0.456500, 0.013728
1668, 0.456710, 0.013742
1669, 0.456520, 0.014049
1670, 0.457080, 0.013505
1671, 0.456980, 0.012236
1672, 0.456100, 0.013681
1673, 0.456510, 0.014047
1674, 0.456670, 0.012931
1675, 0.456530, 0.013347
1676, 0.456220, 0.013296
1677, 0.456670, 0.013910
1678, 0.456440, 0.013714
1679, 0.456370, 0.012866
1680, 0.456520, 0.013391
1681, 0.456520, 0.012236
1682, 0.456680, 0.014276
1683, 0.456610, 0.013712
1684, 0.456450, 0.013052
1685, 0.456850, 0.013783
1686, 0.456620, 0.012858
1687, 0.456690, 0.013761
1688, 0.456570, 0.013477
1689, 0.456670, 0.013167
1690, 0.456660, 0.014220
1691, 0.456540, 0.013412
1692, 0.456200, 0.013763
1693, 0.456560, 0.013984
1694, 0.456750, 0.013116
1695, 0.456840, 0.013965
1696, 0.456740, 0.014233
1697, 0.456780, 0.013894
1698, 0.456750, 0.013445
1699, 0.456990, 0.012847
1700, 0.456290, 0.013971
1701, 0.456740, 0.012811
1702, 0.456390, 0.014184
1703, 0.456330, 0.014399
1704, 0.458230, 0.015611
1705, 0.456660, 0.013735
1706, 0.457250, 0.012572
1707, 0.456560, 0.013934
1708, 0.456390, 0.014202
1709, 0.456840, 0.013053
1710, 0.456280, 0.014225
1711, 0.456400, 0.012731
1712, 0.456670, 0.014446
1713, 0.456310, 0.014179
1714, 0.456420, 0.013157
1715, 0.456760, 0.014485
1716, 0.456090, 0.012981
1717, 0.456660, 0.014350
1718, 0.456880, 0.013810
1719, 0.456470, 0.013289
1720, 0.456530, 0.013987
1721, 0.456340, 0.012505
1722, 0.456690, 0.014352
1723, 0.456870, 0.014355
1724, 0.456530, 0.013717
1725, 0.456730, 0.014291
1726, 0.456110, 0.012815
1727, 0.456230, 0.013806
1728, 0.456690, 0.014207
1729, 0.456150, 0.013589
1730, 0.456700, 0.013807
1731, 0.456670, 0.013143
1732, 0.456440, 0.014252
1733, 0.456650, 0.014407
1734, 0.456780, 0.013229
1735, 0.456140, 0.014475
1736, 0.456460, 0.013247
1737, 0.456690, 0.013511
1738, 0.456710, 0.014458
1739, 0.457040, 0.013044
1740, 0.456280, 0.013900
1741, 0.456800, 0.013135
1742, 0.456280, 0.014026
1743, 0.456640, 0.013771
1744, 0.456430, 0.012847
1745, 0.456680, 0.013996
1746, 0.456290, 0.012762
1747, 0.456270, 0.014482
1748, 0.456750, 0.014285
1749, 0.456290, 0.012956
1750, 0.456410, 0.013705
1751, 0.456650, 0.013821
1752, 0.456250, 0.013314
1753, 0.456970, 0.013975
1754, 0.456450, 0.013388
1755, 0.456450, 0.014115
1756, 0.456730, 0.013969
1757, 0.456350, 0.012955
1758, 0.456870, 0.013981
1759, 0.456090, 0.013541
1760, 0.455880, 0.014364
1761, 0.456850, 0.014004
1762, 0.456460, 0.013187
1763, 0.456500, 0.013719
1764, 0.456720, 0.013172
1765, 0.456560, 0.014659
1766, 0.456370, 0.013786
1767, 0.456090, 0.013187
1768, 0.456490, 0.013875
1769, 0.456020, 0.012943
1770, 0.456200, 0.014175
1771, 0.456360, 0.013964
1772, 0.456900, 0.013277
1773, 0.456360, 0.014042
1774, 0.456350, 0.013261
1775, 0.456470, 0.013839
1776, 0.456950, 0.014305
1777, 0.456720, 0.013162
1778, 0.456640, 0.013817
1779, 0.456640, 0.013424
1780, 0.456370, 0.013776
1781, 0.456420, 0.013939
1782, 0.456540, 0.013295
1783, 0.456220, 0.013876
1784, 0.456750, 0.013354
1785, 0.456740, 0.013939
1786, 0.457540, 0.014558
1787, 0.456440, 0.013156
1788, 0.456740, 0.013716
1789, 0.456890, 0.013335
1790, 0.456390, 0.013866
1791, 0.456920, 0.013947
1792, 0.457060, 0.013170
1793, 0.456890, 0.014349
1794, 0.456890, 0.013610
1795, 0.456370, 0.014414
1796, 0.456780, 0.013472
1797, 0.456860, 0.013154
1798, 0.456540, 0.014044
1799, 0.456980, 0.012978
1800, 0.456350, 0.013771
1801, 0.457200, 0.013524
1802, 0.456740, 0.013188
1803, 0.456950, 0.013709
1804, 0.457100, 0.013177
1805, 0.456070, 0.014293
1806, 0.457220, 0.013710
1807, 0.456550, 0.013726
1808, 0.456420, 0.013986
1809, 0.456620, 0.012634
1810, 0.456400, 0.014144
1811, 0.456850, 0.014253
1812, 0.456780, 0.012562
1813, 0.456560, 0.014451
1814, 0.456790, 0.013234
1815, 0.456520, 0.013543
1816, 0.457070, 0.013794
1817, 0.456550, 0.013260
1818, 0.456470, 0.013063
1819, 0.456520, 0.013122
1820, 0.456810, 0.014002
1821, 0.456810, 0.013945
1822, 0.456190, 0.013096
1823, 0.456870, 0.013906
1824, 0.456070, 0.012945
1825, 0.456960, 0.014387
1826, 0.456480, 0.013856
1827, 0.457100, 0.013472
1828, 0.456570, 0.013744
1829, 0.457060, 0.013410
1830, 0.456630, 0.013967
1831, 0.455930, 0.014137
1832, 0.457000, 0.013188
1833, 0.455990, 0.013960
1834, 0.457190, 0.013468
1835, 0.456850, 0.013929
1836, 0.456540, 0.013948
1837, 0.456720, 0.012942
1838, 0.456530, 0.014047
1839, 0.456690, 0.013259
1840, 0.456660, 0.013630
1841, 0.456770, 0.014179
1842, 0.456530, 0.012887
1843, 0.457140, 0.013813
1844, 0.456290, 0.013479
1845, 0.457280, 0.013989
1846, 0.456700, 0.013861
1847, 0.456300, 0.013167
1848, 0.456810, 0.014170
1849, 0.456860, 0.012492
1850, 0.456370, 0.013984
1851, 0.456610, 0.013672
1852, 0.456680, 0.013132
1853, 0.456520, 0.014096
1854, 0.457300, 0.012918
1855, 0.456590, 0.014093
1856, 0.456820, 0.013812
1857, 0.456640, 0.012973
1858, 0.456580, 0.013376
1859, 0.456690, 0.013069
1860, 0.456880, 0.013453
1861, 0.456790, 0.013754
1862, 0.456490, 0.012972
1863, 0.456650, 0.013810
1864, 0.456760, 0.013024
1865, 0.456320, 0.014033
1866, 0.456940, 0.014010
1867, 0.456940, 0.012696
1868, 0.456660, 0.013464
1869, 0.456950, 0.013582
1870, 0.456000, 0.013691
1871, 0.456980, 0.014140
1872, 0.456580, 0.012862
1873, 0.456260, 0.013797
1874, 0.456600, 0.012466
1875, 0.456950, 0.013249
1876, 0.456750, 0.014028
1877, 0.456400, 0.012812
1878, 0.457030, 0.013719
1879, 0.456850, 0.012902
1880, 0.457310, 0.013889
1881, 0.456990, 0.013677
1882, 0.456520, 0.012662
1883, 0.456940, 0.013809
1884, 0.456430, 0.013272
1885, 0.456620, 0.013897
1886, 0.456940, 0.013826
1887, 0.456920, 0.012862
1888, 0.456360, 0.013929
1889, 0.457230, 0.013080
1890, 0.456600, 0.013773
1891, 0.456390, 0.013587
1892, 0.457050, 0.012613
1893, 0.456510, 0.013955
1894, 0.457220, 0.013284
1895, 0.456830, 0.014009
1896, 0.456770, 0.014106
1897, 0.456800, 0.013090
1898, 0.456820, 0.013945
1899, 0.457020, 0.013439
1900, 0.456480, 0.013776
1901, 0.456470, 0.014135
1902, 0.457270, 0.012944
1903, 0.456680, 0.014071
1904, 0.456760, 0.013141
1905, 0.456590, 0.014214
1906, 0.456190, 0.014064
1907, 0.456850, 0.013143
1908, 0.456400, 0.013280
1909, 0.456650, 0.013059
1910, 0.456780, 0.013850
1911, 0.456820, 0.013822
1912, 0.457040, 0.012832
1913, 0.456720, 0.014241
1914, 0.456670, 0.013315
1915, 0.456770, 0.013864
1916, 0.456400, 0.013922
1917, 0.456700, 0.013467
1918, 0.456550, 0.013518
1919, 0.456740, 0.013077
1920, 0.456710, 0.013895
1921, 0.456810, 0.013868
1922, 0.456720, 0.013199
1923, 0.456840, 0.013421
1924, 0.457100, 0.013326
1925, 0.456380, 0.014162
1926, 0.456490, 0.014148
1927, 0.456650, 0.012921
1928, 0.456480, 0.013730
1929, 0.456840, 0.012995
1930, 0.456370, 0.013672
1931, 0.456460, 0.014306
1932, 0.456990, 0.013476
1933, 0.456480, 0.014152
1934, 0.456550, 0.012963
1935, 0.456040, 0.013916
1936, 0.456450, 0.013960
1937, 0.456780, 0.012550
1938, 0.456810, 0.013567
1939, 0.456410, 0.013408
1940, 0.456450, 0.013405
1941, 0.457040, 0.013850
1942, 0.456290, 0.012958
1943, 0.456940, 0.013385
1944, 0.456540, 0.013046
1945, 0.456570, 0.014002
1946, 0.457450, 0.013891
1947, 0.456340, 0.013587
1948, 0.456760, 0.014065
1949, 0.456660, 0.013273
1950, 0.456310, 0.012676
1951, 0.457440, 0.013598
1952, 0.456460, 0.013522
1953, 0.456290, 0.013586
1954, 0.456570, 0.013784
1955, 0.456160, 0.012706
1956, 0.456950, 0.013706
1957, 0.456830, 0.012896
1958, 0.456600, 0.014244
1959, 0.456710, 0.013708
1960, 0.456660, 0.012401
1961, 0.456490, 0.014107
1962, 0.456640, 0.013170
1963, 0.456450, 0.013841
1964, 0.457430, 0.013869
1965, 0.456920, 0.013145
1966, 0.456540, 0.014280
1967, 0.456800, 0.012905
1968, 0.456500, 0.013473
1969, 0.456760, 0.013783
1970, 0.456490, 0.012725
1971, 0.456250, 0.014093
1972, 0.456220, 0.013147
1973, 0.456840, 0.013087
1974, 0.456700, 0.014025
1975, 0.456510, 0.013558
1976, 0.455900, 0.013859
1977, 0.456750, 0.012980
1978, 0.456200, 0.014012
1979, 0.456390, 0.013856
1980, 0.456560, 0.013052
1981, 0.456730, 0.014022
1982, 0.456370, 0.012523
1983, 0.456400, 0.013923
1984, 0.456060, 0.013729
1985, 0.456380, 0.012969
1986, 0.456350, 0.013762
1987, 0.456470, 0.012837
1988, 0.455790, 0.013693
1989, 0.456600, 0.014070
1990, 0.456270, 0.012896
1991, 0.456530, 0.014060
1992, 0.456550, 0.012785
1993, 0.455560, 0.014282
1994, 0.456690, 0.013542
1995, 0.456530, 0.012502
1996, 0.456430, 0.014000
1997, 0.456410, 0.012802
1998, 0.456150, 0.014593
1999, 0.456700, 0.013614
2000, 0.456480, 0.013816
2001, 0.456080, 0.013870
