Container_size, 33554432,key_space, 148034
request bin, mean_latency, sd
0, 37.335350, 2.543174
1, 11.046000, 1.314741
2, 4.248110, 1.253758
3, 1.862130, 1.012103
4, 1.342340, 0.821188
5, 1.066860, 0.583850
6, 0.889140, 0.469271
7, 0.718030, 0.361154
8, 0.587910, 0.238227
9, 0.515600, 0.128296
10, 0.504580, 0.092431
11, 0.500830, 0.077609
12, 0.499690, 0.085098
13, 0.497880, 0.084269
14, 0.492790, 0.064581
15, 0.488390, 0.032079
16, 0.486370, 0.029497
17, 0.483120, 0.008479
18, 0.480110, 0.009592
19, 0.477390, 0.009974
20, 0.475830, 0.008171
21, 0.472690, 0.010229
22, 0.471290, 0.009484
23, 0.468670, 0.009006
24, 0.467040, 0.008694
25, 0.465210, 0.007300
26, 0.462810, 0.008156
27, 0.461920, 0.006964
28, 0.459590, 0.007741
29, 0.457580, 0.008783
30, 0.456280, 0.007634
31, 0.453690, 0.008719
32, 0.453230, 0.007831
33, 0.452370, 0.008404
34, 0.450140, 0.009026
35, 0.448440, 0.007526
36, 0.446490, 0.008545
37, 0.445720, 0.008444
38, 0.443460, 0.008092
39, 0.441870, 0.008499
40, 0.441300, 0.007812
41, 0.439150, 0.009072
42, 0.437940, 0.008308
43, 0.436790, 0.008589
44, 0.434850, 0.009017
45, 0.434320, 0.008195
46, 0.432760, 0.009109
47, 0.431910, 0.008643
48, 0.430300, 0.008802
49, 0.429430, 0.008930
50, 0.429140, 0.007951
51, 0.427440, 0.009392
52, 0.426100, 0.008709
53, 0.425240, 0.009000
54, 0.423940, 0.009312
55, 0.424040, 0.007596
56, 0.422280, 0.009486
57, 0.421180, 0.008733
58, 0.420370, 0.008580
59, 0.418490, 0.009468
60, 0.418820, 0.008379
61, 0.417960, 0.009894
62, 0.417170, 0.008413
63, 0.416160, 0.008971
64, 0.414840, 0.009902
65, 0.415560, 0.008435
66, 0.414000, 0.009521
67, 0.412580, 0.009773
68, 0.411930, 0.008905
69, 0.411340, 0.009769
70, 0.410640, 0.008830
71, 0.409730, 0.009645
72, 0.409080, 0.008936
73, 0.408730, 0.009810
74, 0.408210, 0.009370
75, 0.407710, 0.008510
76, 0.407020, 0.009737
77, 0.406040, 0.009266
78, 0.405330, 0.010283
79, 0.404680, 0.010082
80, 0.403620, 0.009249
81, 0.403680, 0.010157
82, 0.402730, 0.009520
83, 0.403100, 0.010006
84, 0.401860, 0.010062
85, 0.401780, 0.009811
86, 0.401080, 0.009672
87, 0.400310, 0.010404
88, 0.400410, 0.010361
89, 0.399030, 0.010580
90, 0.398830, 0.009447
91, 0.399620, 0.014918
92, 0.397460, 0.009791
93, 0.397390, 0.010003
94, 0.396570, 0.010931
95, 0.396500, 0.010129
96, 0.396230, 0.010413
97, 0.394840, 0.009854
98, 0.394770, 0.010365
99, 0.394550, 0.010989
100, 0.393890, 0.010564
101, 0.394070, 0.010473
102, 0.392750, 0.010307
103, 0.393240, 0.011410
104, 0.392360, 0.010819
105, 0.392340, 0.010365
106, 0.392490, 0.010740
107, 0.391610, 0.009845
108, 0.391020, 0.011023
109, 0.391110, 0.011050
110, 0.389980, 0.010373
111, 0.390670, 0.011184
112, 0.389670, 0.010373
113, 0.389300, 0.011064
114, 0.389050, 0.010539
115, 0.388660, 0.010527
116, 0.388750, 0.011077
117, 0.387990, 0.010453
118, 0.387220, 0.010801
119, 0.387730, 0.011221
120, 0.386270, 0.010284
121, 0.387580, 0.010623
122, 0.386600, 0.010427
123, 0.385770, 0.011377
124, 0.386330, 0.011502
125, 0.385660, 0.010295
126, 0.385740, 0.011282
127, 0.385370, 0.010855
128, 0.384420, 0.011438
129, 0.385170, 0.011303
130, 0.384480, 0.010578
131, 0.384300, 0.010876
132, 0.384440, 0.010341
133, 0.383080, 0.011574
134, 0.384020, 0.011547
135, 0.382770, 0.010869
136, 0.383300, 0.012043
137, 0.383120, 0.010995
138, 0.381740, 0.011132
139, 0.382480, 0.011695
140, 0.381950, 0.010691
141, 0.381820, 0.011857
142, 0.381690, 0.010509
143, 0.381240, 0.011512
144, 0.381760, 0.011324
145, 0.381350, 0.011103
146, 0.380770, 0.012031
147, 0.380910, 0.011075
148, 0.380410, 0.011699
149, 0.380640, 0.011519
150, 0.380410, 0.010968
151, 0.379470, 0.011753
152, 0.380250, 0.010831
153, 0.378930, 0.011571
154, 0.379560, 0.011423
155, 0.379830, 0.011101
156, 0.378570, 0.011572
157, 0.379400, 0.010907
158, 0.378110, 0.011748
159, 0.379060, 0.011379
160, 0.378480, 0.011122
161, 0.377870, 0.011710
162, 0.378370, 0.011195
163, 0.377660, 0.011759
164, 0.377960, 0.011884
165, 0.377990, 0.010745
166, 0.376780, 0.011632
167, 0.377640, 0.011306
168, 0.377010, 0.011626
169, 0.377180, 0.011979
170, 0.376530, 0.011337
171, 0.375920, 0.011659
172, 0.376730, 0.010820
173, 0.375890, 0.011833
174, 0.376240, 0.011807
175, 0.375590, 0.010901
176, 0.375230, 0.011614
177, 0.376310, 0.010915
178, 0.375500, 0.012451
179, 0.374680, 0.011905
180, 0.375020, 0.011451
181, 0.373470, 0.012474
182, 0.374050, 0.011618
183, 0.373340, 0.012879
184, 0.372340, 0.013123
185, 0.371440, 0.013331
186, 0.369920, 0.013873
187, 0.370560, 0.014044
188, 0.369370, 0.014729
189, 0.368460, 0.014747
190, 0.367980, 0.013986
191, 0.366900, 0.014915
192, 0.366820, 0.014395
193, 0.365920, 0.015350
194, 0.364820, 0.014971
195, 0.365400, 0.015224
196, 0.363760, 0.015771
197, 0.363860, 0.015279
198, 0.363010, 0.015962
199, 0.362270, 0.015633
200, 0.362650, 0.015387
201, 0.361660, 0.016092
202, 0.361530, 0.015526
203, 0.360740, 0.016655
204, 0.359760, 0.015773
205, 0.359880, 0.015225
206, 0.359180, 0.016729
207, 0.359150, 0.016035
208, 0.358640, 0.015876
209, 0.356970, 0.015521
210, 0.357200, 0.015539
211, 0.356060, 0.015607
212, 0.356230, 0.016132
213, 0.356080, 0.015577
214, 0.355450, 0.015656
215, 0.355830, 0.015574
216, 0.355310, 0.016361
217, 0.354790, 0.015408
218, 0.355470, 0.015205
219, 0.354140, 0.015100
220, 0.354920, 0.015753
221, 0.354460, 0.016409
222, 0.354420, 0.016279
223, 0.354160, 0.015615
224, 0.353100, 0.015845
225, 0.353530, 0.015607
226, 0.351840, 0.015866
227, 0.351040, 0.015259
228, 0.352170, 0.016926
229, 0.350250, 0.015363
230, 0.350230, 0.014427
231, 0.349330, 0.015170
232, 0.349190, 0.015061
233, 0.348830, 0.013523
234, 0.348000, 0.014124
235, 0.348020, 0.013306
236, 0.347490, 0.014510
237, 0.347020, 0.014583
238, 0.347250, 0.013605
239, 0.346830, 0.014597
240, 0.346680, 0.013521
241, 0.346370, 0.013992
242, 0.346180, 0.014602
243, 0.346560, 0.013694
244, 0.346410, 0.014920
245, 0.346250, 0.014132
246, 0.346000, 0.014653
247, 0.345450, 0.014588
248, 0.345960, 0.013372
249, 0.345400, 0.014287
250, 0.345360, 0.013666
251, 0.344940, 0.014036
252, 0.344930, 0.014511
253, 0.345310, 0.013465
254, 0.344960, 0.014604
255, 0.344610, 0.013515
256, 0.344990, 0.014193
257, 0.344910, 0.014828
258, 0.344910, 0.013627
259, 0.344220, 0.014809
260, 0.343890, 0.013601
261, 0.344320, 0.014524
262, 0.343620, 0.014841
263, 0.344170, 0.013576
264, 0.343910, 0.015047
265, 0.343050, 0.013682
266, 0.343770, 0.014163
267, 0.342690, 0.014597
268, 0.343930, 0.013728
269, 0.343160, 0.014097
270, 0.342630, 0.013373
271, 0.342810, 0.014567
272, 0.342370, 0.014521
273, 0.343020, 0.014343
274, 0.342510, 0.014598
275, 0.342420, 0.013560
276, 0.342820, 0.014162
277, 0.341990, 0.014486
278, 0.342040, 0.013517
279, 0.342130, 0.015003
280, 0.341720, 0.014086
281, 0.342260, 0.014029
282, 0.341660, 0.014802
283, 0.341200, 0.014232
284, 0.341590, 0.014479
285, 0.341390, 0.013823
286, 0.341610, 0.014524
287, 0.341150, 0.015306
288, 0.341080, 0.014039
289, 0.341550, 0.014835
290, 0.340380, 0.013513
291, 0.341390, 0.014586
292, 0.340610, 0.014576
293, 0.340540, 0.013989
294, 0.341080, 0.014685
295, 0.339970, 0.013838
296, 0.340610, 0.014829
297, 0.340130, 0.015050
298, 0.340040, 0.013587
299, 0.340320, 0.014473
300, 0.339640, 0.013478
301, 0.340300, 0.014574
302, 0.340250, 0.014713
303, 0.339580, 0.013761
304, 0.340000, 0.014662
305, 0.339560, 0.013566
306, 0.339700, 0.014432
307, 0.339460, 0.015228
308, 0.339080, 0.014026
309, 0.339710, 0.014661
310, 0.339130, 0.014075
311, 0.339060, 0.014515
312, 0.339080, 0.014918
313, 0.338870, 0.014492
314, 0.339140, 0.015185
315, 0.339140, 0.014409
316, 0.338880, 0.014917
317, 0.338750, 0.014708
318, 0.338510, 0.014136
319, 0.338720, 0.014726
320, 0.338280, 0.013718
321, 0.338080, 0.015244
322, 0.338660, 0.015357
323, 0.338030, 0.013744
324, 0.338460, 0.014451
325, 0.338170, 0.013760
326, 0.337680, 0.014824
327, 0.338210, 0.014649
328, 0.338990, 0.017140
329, 0.338370, 0.015087
330, 0.337720, 0.014100
331, 0.337300, 0.014970
332, 0.337970, 0.014705
333, 0.337500, 0.014453
334, 0.337600, 0.014610
335, 0.337570, 0.013611
336, 0.337060, 0.014495
337, 0.337460, 0.014645
338, 0.337220, 0.014372
339, 0.337410, 0.014620
340, 0.337610, 0.014088
341, 0.336980, 0.015108
342, 0.337490, 0.014582
343, 0.336760, 0.013802
344, 0.336920, 0.015125
345, 0.336980, 0.014127
346, 0.336380, 0.015467
347, 0.337260, 0.014913
348, 0.336710, 0.013644
349, 0.336480, 0.014897
350, 0.336830, 0.014164
351, 0.336320, 0.014640
352, 0.337250, 0.015508
353, 0.336480, 0.013548
354, 0.335940, 0.014891
355, 0.336550, 0.014125
356, 0.335830, 0.015471
357, 0.336680, 0.014918
358, 0.336130, 0.014330
359, 0.336020, 0.014737
360, 0.336580, 0.014098
361, 0.335300, 0.015034
362, 0.336560, 0.014954
363, 0.336180, 0.014315
364, 0.335830, 0.015488
365, 0.336240, 0.014093
366, 0.335220, 0.015281
367, 0.336070, 0.015018
368, 0.335660, 0.014008
369, 0.335400, 0.015273
370, 0.335780, 0.014543
371, 0.335320, 0.014733
372, 0.335620, 0.015666
373, 0.335730, 0.014298
374, 0.335290, 0.015059
375, 0.336040, 0.014455
376, 0.335390, 0.015487
377, 0.335600, 0.014694
378, 0.335400, 0.014074
379, 0.334860, 0.015498
380, 0.335630, 0.014211
381, 0.335220, 0.014945
382, 0.335010, 0.015054
383, 0.335590, 0.013890
384, 0.334690, 0.015112
385, 0.335500, 0.014133
386, 0.335300, 0.015318
387, 0.334980, 0.015287
388, 0.335490, 0.014621
389, 0.334770, 0.015535
390, 0.335160, 0.014130
391, 0.334800, 0.014667
392, 0.334370, 0.015026
393, 0.334960, 0.013812
394, 0.334470, 0.015152
395, 0.335380, 0.014143
396, 0.334730, 0.015121
397, 0.334400, 0.015447
398, 0.334920, 0.014599
399, 0.334240, 0.015306
400, 0.335300, 0.014195
401, 0.334460, 0.014952
402, 0.334240, 0.015133
403, 0.334960, 0.014455
404, 0.333960, 0.015524
405, 0.334560, 0.015019
406, 0.334260, 0.014928
407, 0.334260, 0.015158
408, 0.334750, 0.014589
409, 0.333830, 0.014799
410, 0.334420, 0.014382
411, 0.334530, 0.015320
412, 0.333900, 0.015128
413, 0.334570, 0.014319
414, 0.333890, 0.015876
415, 0.334320, 0.015602
416, 0.333940, 0.014509
417, 0.333730, 0.015380
418, 0.334160, 0.014339
419, 0.334150, 0.015136
420, 0.333990, 0.015452
421, 0.334010, 0.013999
422, 0.333860, 0.015567
423, 0.334390, 0.014434
424, 0.334080, 0.015207
425, 0.333620, 0.015271
426, 0.333940, 0.014701
427, 0.333300, 0.015327
428, 0.334180, 0.014106
429, 0.333910, 0.015058
430, 0.333570, 0.015760
431, 0.335040, 0.017638
432, 0.333310, 0.015824
433, 0.334170, 0.014221
434, 0.333820, 0.015397
435, 0.333560, 0.015049
436, 0.334230, 0.014882
437, 0.333440, 0.015167
438, 0.333630, 0.014298
439, 0.333460, 0.015532
440, 0.333170, 0.015533
441, 0.333880, 0.014399
442, 0.333050, 0.014889
443, 0.333860, 0.014669
444, 0.333340, 0.015055
445, 0.333140, 0.015263
446, 0.333860, 0.014546
447, 0.333420, 0.015720
448, 0.333600, 0.014220
449, 0.333430, 0.014965
450, 0.332980, 0.015390
451, 0.333600, 0.014257
452, 0.333040, 0.015224
453, 0.333320, 0.014633
454, 0.333280, 0.015429
455, 0.333230, 0.015154
456, 0.333730, 0.014370
457, 0.333080, 0.014976
458, 0.333140, 0.014435
459, 0.333550, 0.014920
460, 0.332970, 0.015460
461, 0.333590, 0.014153
462, 0.333050, 0.015348
463, 0.333050, 0.014405
464, 0.333460, 0.015658
465, 0.332750, 0.015154
466, 0.333470, 0.014545
467, 0.333280, 0.015491
468, 0.332800, 0.014365
469, 0.333430, 0.015318
470, 0.332450, 0.015069
471, 0.333690, 0.014432
472, 0.333330, 0.015526
473, 0.332780, 0.014518
474, 0.333240, 0.015175
475, 0.332770, 0.015675
476, 0.333020, 0.014166
477, 0.333050, 0.015016
478, 0.332560, 0.014361
479, 0.333270, 0.014934
480, 0.332760, 0.015472
481, 0.332960, 0.015120
482, 0.332940, 0.015404
483, 0.332760, 0.014155
484, 0.333350, 0.014886
485, 0.333150, 0.015744
486, 0.332360, 0.014348
487, 0.333040, 0.015634
488, 0.332570, 0.014688
489, 0.333150, 0.015588
490, 0.332540, 0.015470
491, 0.332760, 0.014549
492, 0.332800, 0.015583
493, 0.332540, 0.014063
494, 0.333190, 0.015421
495, 0.332660, 0.014944
496, 0.332670, 0.014673
497, 0.332950, 0.015314
498, 0.332440, 0.014985
499, 0.333020, 0.015141
500, 0.332490, 0.015799
501, 0.332440, 0.014384
502, 0.332860, 0.015497
503, 0.332450, 0.014313
504, 0.332610, 0.015153
505, 0.332440, 0.015107
506, 0.332630, 0.015179
507, 0.333010, 0.015698
508, 0.332710, 0.014252
509, 0.332640, 0.015374
510, 0.332440, 0.015263
511, 0.332310, 0.014737
512, 0.332790, 0.015122
513, 0.332990, 0.014586
514, 0.332390, 0.015213
515, 0.332930, 0.015748
516, 0.332130, 0.013952
517, 0.332960, 0.015043
518, 0.332450, 0.014466
519, 0.332410, 0.015141
520, 0.332810, 0.015004
521, 0.332270, 0.014203
522, 0.332640, 0.015054
523, 0.332290, 0.015328
524, 0.332250, 0.015393
525, 0.332670, 0.015602
526, 0.332010, 0.014645
527, 0.333010, 0.014995
528, 0.332120, 0.014164
529, 0.332190, 0.015361
530, 0.332650, 0.014976
531, 0.332020, 0.014805
532, 0.332870, 0.015356
533, 0.332410, 0.014431
534, 0.331960, 0.015620
535, 0.332670, 0.015712
536, 0.332230, 0.014615
537, 0.332370, 0.015532
538, 0.332100, 0.014295
539, 0.332240, 0.015732
540, 0.332670, 0.015730
541, 0.332180, 0.014976
542, 0.332420, 0.015353
543, 0.332610, 0.014453
544, 0.331980, 0.015102
545, 0.332710, 0.015295
546, 0.332110, 0.014739
547, 0.332220, 0.015598
548, 0.332350, 0.014567
549, 0.331920, 0.015076
550, 0.332540, 0.015376
551, 0.332430, 0.014061
552, 0.331950, 0.015522
553, 0.332390, 0.014694
554, 0.332070, 0.015495
555, 0.332740, 0.015153
556, 0.332440, 0.014362
557, 0.332200, 0.015967
558, 0.332450, 0.014677
559, 0.331880, 0.015567
560, 0.332560, 0.015030
561, 0.332240, 0.014614
562, 0.331890, 0.015938
563, 0.332560, 0.013889
564, 0.331720, 0.015568
565, 0.332560, 0.015844
566, 0.332290, 0.014334
567, 0.332270, 0.015771
568, 0.332730, 0.014759
569, 0.331700, 0.014969
570, 0.332570, 0.015272
571, 0.332250, 0.014650
572, 0.331740, 0.015747
573, 0.332490, 0.014498
574, 0.331660, 0.015537
575, 0.332580, 0.015438
576, 0.332240, 0.014385
577, 0.331840, 0.015418
578, 0.332440, 0.014330
579, 0.332060, 0.015532
580, 0.332150, 0.015538
581, 0.332310, 0.014268
582, 0.331480, 0.015248
583, 0.332640, 0.014575
584, 0.331940, 0.015579
585, 0.331880, 0.014986
586, 0.332090, 0.014310
587, 0.331520, 0.015028
588, 0.332700, 0.014533
589, 0.332100, 0.015355
590, 0.331860, 0.015275
591, 0.332370, 0.014699
592, 0.331740, 0.015728
593, 0.332640, 0.014628
594, 0.331870, 0.015142
595, 0.331640, 0.015242
596, 0.332170, 0.014637
597, 0.331560, 0.015325
598, 0.332370, 0.014382
599, 0.332020, 0.015132
600, 0.331880, 0.015280
601, 0.332340, 0.014647
602, 0.331750, 0.015706
603, 0.332350, 0.014212
604, 0.332200, 0.014837
605, 0.332100, 0.015839
606, 0.332400, 0.014157
607, 0.331390, 0.015562
608, 0.332110, 0.014548
609, 0.331970, 0.015625
610, 0.331830, 0.015356
611, 0.332430, 0.014599
612, 0.331990, 0.015662
613, 0.332050, 0.015452
614, 0.331980, 0.014864
615, 0.331860, 0.015480
616, 0.332320, 0.014470
617, 0.332200, 0.015401
618, 0.331950, 0.015046
619, 0.331770, 0.014295
620, 0.331870, 0.015822
621, 0.332190, 0.014330
622, 0.332270, 0.015720
623, 0.331780, 0.015765
624, 0.332310, 0.015133
625, 0.331640, 0.015641
626, 0.332420, 0.014392
627, 0.332330, 0.015291
628, 0.331760, 0.015239
629, 0.333260, 0.018040
630, 0.331750, 0.015474
631, 0.332170, 0.014723
632, 0.331970, 0.015552
633, 0.331670, 0.015370
634, 0.332090, 0.014916
635, 0.331580, 0.015497
636, 0.332480, 0.014243
637, 0.331980, 0.015382
638, 0.331970, 0.015838
639, 0.332180, 0.014462
640, 0.332000, 0.015445
641, 0.332550, 0.014754
642, 0.331960, 0.015506
643, 0.331580, 0.015423
644, 0.332330, 0.014914
645, 0.331640, 0.015081
646, 0.331810, 0.013894
647, 0.331720, 0.015245
648, 0.331880, 0.015398
649, 0.332330, 0.014768
650, 0.331740, 0.015448
651, 0.332150, 0.014425
652, 0.331850, 0.015204
653, 0.331820, 0.015188
654, 0.332230, 0.014358
655, 0.331590, 0.015209
656, 0.331930, 0.014420
657, 0.332060, 0.014971
658, 0.331570, 0.015761
659, 0.332160, 0.014125
660, 0.332120, 0.015353
661, 0.331790, 0.014536
662, 0.332180, 0.016132
663, 0.331530, 0.015284
664, 0.332580, 0.014453
665, 0.331880, 0.015261
666, 0.331880, 0.014999
667, 0.332040, 0.015154
668, 0.331270, 0.015347
669, 0.332140, 0.014342
670, 0.331790, 0.015065
671, 0.331460, 0.014258
672, 0.332340, 0.015055
673, 0.331490, 0.015643
674, 0.332180, 0.014843
675, 0.332000, 0.015678
676, 0.331770, 0.014075
677, 0.332330, 0.015070
678, 0.331540, 0.014754
679, 0.331890, 0.014664
680, 0.331760, 0.015228
681, 0.331620, 0.014666
682, 0.331910, 0.015356
683, 0.331810, 0.015246
684, 0.332020, 0.015086
685, 0.331890, 0.015579
686, 0.331910, 0.014480
687, 0.332150, 0.015196
688, 0.331830, 0.014997
689, 0.331910, 0.014815
690, 0.331870, 0.015131
691, 0.331530, 0.014675
692, 0.332080, 0.015419
693, 0.331670, 0.015212
694, 0.331600, 0.014620
695, 0.331910, 0.015333
696, 0.331590, 0.014745
697, 0.332210, 0.014935
698, 0.331890, 0.015406
699, 0.331780, 0.014359
700, 0.332190, 0.015394
701, 0.331950, 0.014500
702, 0.332180, 0.015052
703, 0.331710, 0.015205
704, 0.331560, 0.014310
705, 0.332270, 0.015472
706, 0.331440, 0.014329
707, 0.332110, 0.015281
708, 0.331870, 0.015020
709, 0.331640, 0.014613
710, 0.332220, 0.014744
711, 0.331550, 0.014673
712, 0.332180, 0.015267
713, 0.332180, 0.015230
714, 0.331600, 0.014852
715, 0.332560, 0.015530
716, 0.331760, 0.014187
717, 0.331820, 0.015906
718, 0.331880, 0.015106
719, 0.331600, 0.014396
720, 0.332200, 0.015133
721, 0.331990, 0.014541
722, 0.331590, 0.015157
723, 0.332270, 0.014757
724, 0.331500, 0.014518
725, 0.332470, 0.015560
726, 0.331880, 0.014308
727, 0.331560, 0.015235
728, 0.332140, 0.015122
729, 0.331300, 0.014300
730, 0.332080, 0.014821
731, 0.331720, 0.014614
732, 0.331440, 0.015246
733, 0.332310, 0.014809
734, 0.331240, 0.014520
735, 0.332330, 0.015255
736, 0.331900, 0.014055
737, 0.331780, 0.015196
738, 0.332360, 0.014945
739, 0.331330, 0.014699
740, 0.331970, 0.014715
741, 0.331920, 0.014533
742, 0.331460, 0.015344
743, 0.332280, 0.015434
744, 0.331370, 0.014175
745, 0.332030, 0.014800
746, 0.331960, 0.014608
747, 0.331590, 0.015654
748, 0.332240, 0.015028
749, 0.331970, 0.014237
750, 0.331780, 0.015439
751, 0.331850, 0.014223
752, 0.331410, 0.015470
753, 0.332340, 0.015469
754, 0.331910, 0.014679
755, 0.331390, 0.014914
756, 0.331980, 0.014540
757, 0.331580, 0.014904
758, 0.332150, 0.014979
759, 0.331840, 0.014557
760, 0.331680, 0.015378
761, 0.332060, 0.014189
762, 0.331570, 0.014927
763, 0.332020, 0.014522
764, 0.331740, 0.014356
765, 0.331400, 0.015249
766, 0.332220, 0.014011
767, 0.331140, 0.015621
768, 0.332060, 0.015208
769, 0.332130, 0.014167
770, 0.331330, 0.015375
771, 0.332190, 0.014015
772, 0.331370, 0.015430
773, 0.332430, 0.015309
774, 0.332150, 0.013970
775, 0.331540, 0.015301
776, 0.332100, 0.014791
777, 0.331330, 0.015520
778, 0.332220, 0.014701
779, 0.331810, 0.013837
780, 0.331530, 0.015174
781, 0.332430, 0.014348
782, 0.332430, 0.017558
783, 0.331920, 0.015146
784, 0.332030, 0.014671
785, 0.331730, 0.015195
786, 0.332530, 0.014116
787, 0.331620, 0.014745
788, 0.331720, 0.015029
789, 0.332140, 0.014623
790, 0.331410, 0.015480
791, 0.332220, 0.014079
792, 0.331720, 0.015167
793, 0.331700, 0.015236
794, 0.331990, 0.013964
795, 0.331430, 0.015146
796, 0.332220, 0.013997
797, 0.332150, 0.015064
798, 0.331680, 0.015332
799, 0.331880, 0.014315
800, 0.331320, 0.015455
801, 0.332150, 0.014350
802, 0.332050, 0.015481
803, 0.331590, 0.015243
804, 0.331740, 0.013723
805, 0.331600, 0.015007
806, 0.331860, 0.014145
807, 0.331910, 0.015168
808, 0.331600, 0.015046
809, 0.332450, 0.014504
810, 0.331590, 0.015042
811, 0.332070, 0.014080
812, 0.331460, 0.015080
813, 0.331560, 0.015536
814, 0.332190, 0.014270
815, 0.331650, 0.015008
816, 0.331840, 0.014798
817, 0.331720, 0.013965
818, 0.331550, 0.015823
819, 0.332430, 0.014358
820, 0.331800, 0.015246
821, 0.332060, 0.014932
822, 0.332060, 0.013916
823, 0.331720, 0.014818
824, 0.332170, 0.014300
825, 0.331760, 0.015302
826, 0.331710, 0.015605
827, 0.331890, 0.014660
828, 0.331450, 0.015263
829, 0.332260, 0.014060
830, 0.332030, 0.015346
831, 0.331630, 0.014924
832, 0.332020, 0.014490
833, 0.331530, 0.015212
834, 0.332530, 0.014481
835, 0.331810, 0.015397
836, 0.331410, 0.015021
837, 0.331990, 0.014410
838, 0.331410, 0.015126
839, 0.332290, 0.014406
840, 0.331700, 0.015472
841, 0.331620, 0.015116
842, 0.332180, 0.014023
843, 0.331470, 0.015131
844, 0.332430, 0.014210
845, 0.331670, 0.014950
846, 0.331900, 0.014964
847, 0.332280, 0.014369
848, 0.331490, 0.014452
849, 0.331830, 0.014213
850, 0.331740, 0.014926
851, 0.331600, 0.014983
852, 0.332200, 0.014819
853, 0.331490, 0.014947
854, 0.331950, 0.014088
855, 0.331950, 0.015477
856, 0.331750, 0.015112
857, 0.332270, 0.014038
858, 0.331830, 0.014855
859, 0.331950, 0.014120
860, 0.331780, 0.015503
861, 0.331300, 0.015175
862, 0.332260, 0.014289
863, 0.332050, 0.015110
864, 0.331440, 0.014174
865, 0.332030, 0.015095
866, 0.331540, 0.015169
867, 0.332250, 0.014491
868, 0.331860, 0.015307
869, 0.331710, 0.014847
870, 0.332410, 0.014943
871, 0.331450, 0.014938
872, 0.332180, 0.014616
873, 0.331560, 0.015172
874, 0.331720, 0.014542
875, 0.332210, 0.015213
876, 0.331270, 0.015647
877, 0.332230, 0.014678
878, 0.331930, 0.015433
879, 0.331540, 0.014195
880, 0.332300, 0.015127
881, 0.331530, 0.015226
882, 0.332220, 0.014105
883, 0.332960, 0.018515
884, 0.331590, 0.014133
885, 0.332080, 0.015265
886, 0.331610, 0.015300
887, 0.331980, 0.014284
888, 0.331690, 0.015115
889, 0.331650, 0.014398
890, 0.332130, 0.014814
891, 0.331650, 0.015335
892, 0.331950, 0.014344
893, 0.331950, 0.014947
894, 0.331830, 0.014486
895, 0.332560, 0.014990
896, 0.331770, 0.014672
897, 0.331320, 0.013893
898, 0.332080, 0.015354
899, 0.331630, 0.014524
900, 0.332190, 0.014962
901, 0.331680, 0.015159
902, 0.331780, 0.014207
903, 0.332120, 0.015512
904, 0.331880, 0.014301
905, 0.332030, 0.015018
906, 0.332050, 0.015161
907, 0.332000, 0.014610
908, 0.332060, 0.014554
909, 0.331400, 0.014128
910, 0.332200, 0.015093
911, 0.331960, 0.015681
912, 0.331620, 0.014535
913, 0.332200, 0.015275
914, 0.331670, 0.014306
915, 0.331900, 0.014727
916, 0.332170, 0.015164
917, 0.331500, 0.014557
918, 0.332410, 0.014822
919, 0.332050, 0.014250
920, 0.331890, 0.015811
921, 0.331750, 0.014565
922, 0.331670, 0.014045
923, 0.332090, 0.014797
924, 0.331890, 0.014039
925, 0.331600, 0.014867
926, 0.332180, 0.015103
927, 0.331590, 0.013951
928, 0.332490, 0.015340
929, 0.331940, 0.014355
930, 0.331620, 0.015107
931, 0.332410, 0.015149
932, 0.331600, 0.014305
933, 0.332160, 0.014970
934, 0.332050, 0.014379
935, 0.331410, 0.014930
936, 0.332310, 0.015514
937, 0.331340, 0.014512
938, 0.332110, 0.014756
939, 0.332020, 0.013987
940, 0.331580, 0.014967
941, 0.332250, 0.015227
942, 0.331570, 0.014936
943, 0.332600, 0.015113
944, 0.331970, 0.014386
945, 0.331270, 0.015404
946, 0.332200, 0.015007
947, 0.331400, 0.014110
948, 0.332000, 0.014742
949, 0.331790, 0.013695
950, 0.331660, 0.015447
951, 0.332500, 0.015036
952, 0.331770, 0.014522
953, 0.331980, 0.015305
954, 0.332090, 0.014395
955, 0.331850, 0.015650
956, 0.332330, 0.014893
957, 0.331530, 0.014020
958, 0.331620, 0.014952
959, 0.332030, 0.013832
960, 0.331480, 0.015126
961, 0.332210, 0.015280
962, 0.331680, 0.014481
963, 0.331680, 0.015266
964, 0.332100, 0.014500
965, 0.331360, 0.015261
966, 0.332300, 0.015317
967, 0.332120, 0.014036
968, 0.331640, 0.015278
969, 0.331920, 0.013828
970, 0.331410, 0.015281
971, 0.332220, 0.015156
972, 0.331680, 0.014191
973, 0.331580, 0.015386
974, 0.332170, 0.014643
975, 0.331480, 0.014965
976, 0.332210, 0.014955
977, 0.332000, 0.013795
978, 0.331540, 0.015145
979, 0.332420, 0.014462
980, 0.331370, 0.014801
981, 0.332090, 0.015144
982, 0.331880, 0.013608
983, 0.331760, 0.015103
984, 0.332190, 0.014428
985, 0.331680, 0.015290
986, 0.331880, 0.015365
987, 0.332170, 0.014255
988, 0.331680, 0.015649
989, 0.332420, 0.013893
990, 0.331510, 0.014852
991, 0.332330, 0.016616
992, 0.332000, 0.014149
993, 0.331520, 0.014997
994, 0.332050, 0.014613
995, 0.331680, 0.014852
996, 0.331800, 0.015436
997, 0.332040, 0.014594
998, 0.331510, 0.015046
999, 0.332420, 0.014427
1000, 0.332940, 0.018337
1001, 0.331640, 0.014921
1002, 0.332160, 0.014355
1003, 0.331520, 0.014822
1004, 0.332490, 0.014739
1005, 0.331790, 0.014945
1006, 0.331340, 0.015061
1007, 0.332130, 0.013911
1008, 0.331620, 0.015309
1009, 0.331990, 0.014025
1010, 0.331790, 0.015326
1011, 0.331700, 0.014940
1012, 0.332170, 0.014068
1013, 0.331610, 0.015525
1014, 0.332110, 0.013902
1015, 0.332010, 0.014943
1016, 0.331780, 0.015172
1017, 0.332260, 0.014302
1018, 0.331640, 0.015508
1019, 0.332100, 0.015444
1020, 0.331980, 0.014474
1021, 0.331680, 0.016169
1022, 0.332240, 0.014099
1023, 0.331810, 0.015490
1024, 0.331940, 0.015052
1025, 0.333160, 0.014115
1026, 0.331760, 0.015112
1027, 0.332770, 0.014332
1028, 0.331990, 0.015374
1029, 0.332110, 0.014828
1030, 0.331920, 0.014583
1031, 0.331750, 0.015535
1032, 0.332570, 0.013778
1033, 0.332030, 0.015244
1034, 0.331780, 0.015338
1035, 0.332380, 0.014164
1036, 0.331790, 0.015318
1037, 0.332550, 0.014276
1038, 0.332010, 0.015484
1039, 0.331860, 0.015342
1040, 0.332400, 0.014251
1041, 0.331690, 0.015492
1042, 0.332140, 0.014066
1043, 0.331920, 0.014679
1044, 0.331720, 0.015452
1045, 0.332100, 0.014077
1046, 0.331360, 0.015030
1047, 0.332330, 0.014437
1048, 0.331870, 0.015541
1049, 0.331750, 0.015159
1050, 0.332520, 0.014881
1051, 0.331610, 0.014660
1052, 0.332300, 0.014324
1053, 0.331960, 0.015270
1054, 0.331450, 0.015120
1055, 0.332210, 0.014507
1056, 0.331680, 0.014892
1057, 0.331960, 0.014616
1058, 0.331780, 0.014858
1059, 0.331730, 0.015352
1060, 0.332270, 0.014636
1061, 0.332050, 0.015129
1062, 0.331690, 0.014204
1063, 0.332100, 0.015136
1064, 0.331690, 0.015250
1065, 0.332360, 0.014393
1066, 0.331790, 0.015432
1067, 0.331780, 0.014498
1068, 0.331970, 0.015117
1069, 0.331540, 0.015605
1070, 0.332090, 0.014448
1071, 0.332030, 0.015373
1072, 0.331650, 0.014598
1073, 0.332400, 0.015135
1074, 0.331350, 0.015200
1075, 0.332320, 0.013998
1076, 0.331910, 0.015152
1077, 0.331630, 0.014028
1078, 0.332080, 0.014759
1079, 0.331630, 0.015167
1080, 0.332190, 0.014608
1081, 0.331660, 0.014983
1082, 0.331680, 0.014739
1083, 0.332280, 0.014959
1084, 0.331630, 0.015200
1085, 0.332070, 0.014181
1086, 0.331860, 0.015274
1087, 0.331870, 0.014241
1088, 0.332210, 0.015199
1089, 0.331600, 0.015645
1090, 0.331770, 0.014122
1091, 0.331820, 0.015506
1092, 0.331740, 0.014176
1093, 0.332010, 0.015426
1094, 0.331500, 0.014990
1095, 0.331990, 0.014386
1096, 0.331780, 0.014721
1097, 0.331900, 0.014280
1098, 0.332240, 0.015091
1099, 0.331790, 0.015058
1100, 0.331820, 0.014463
1101, 0.332040, 0.015196
1102, 0.331400, 0.014532
1103, 0.331990, 0.014705
1104, 0.331810, 0.014868
1105, 0.331620, 0.014178
1106, 0.331920, 0.015381
1107, 0.331490, 0.014292
1108, 0.332240, 0.014864
1109, 0.331680, 0.015527
1110, 0.331780, 0.014232
1111, 0.332240, 0.015238
1112, 0.331940, 0.014940
1113, 0.332110, 0.015164
1114, 0.331720, 0.015456
1115, 0.331530, 0.014790
1116, 0.332400, 0.015629
1117, 0.331460, 0.014052
1118, 0.331800, 0.015080
1119, 0.331820, 0.015274
1120, 0.331680, 0.014460
1121, 0.332340, 0.015599
1122, 0.331850, 0.014491
1123, 0.331990, 0.015948
1124, 0.332090, 0.014914
1125, 0.331700, 0.014362
1126, 0.332110, 0.015236
1127, 0.331730, 0.014455
1128, 0.331640, 0.014962
1129, 0.332070, 0.015277
1130, 0.331390, 0.014218
1131, 0.332340, 0.015245
1132, 0.331960, 0.013907
1133, 0.331450, 0.015618
1134, 0.332240, 0.015081
1135, 0.331380, 0.014555
1136, 0.332380, 0.015018
1137, 0.331970, 0.014000
1138, 0.331250, 0.015052
1139, 0.331990, 0.015250
1140, 0.331240, 0.014480
1141, 0.332060, 0.015131
1142, 0.331700, 0.014046
1143, 0.331310, 0.015097
1144, 0.332400, 0.014992
1145, 0.331090, 0.014029
1146, 0.332340, 0.015158
1147, 0.331890, 0.014060
1148, 0.331650, 0.015363
1149, 0.332280, 0.015366
1150, 0.331230, 0.014297
1151, 0.331960, 0.015082
1152, 0.331870, 0.014323
1153, 0.331450, 0.015187
1154, 0.331950, 0.015197
1155, 0.331200, 0.014107
1156, 0.332150, 0.014852
1157, 0.331940, 0.014513
1158, 0.331470, 0.015003
1159, 0.332130, 0.015080
1160, 0.331630, 0.013932
1161, 0.331990, 0.015036
1162, 0.331950, 0.014102
1163, 0.331330, 0.015259
1164, 0.332220, 0.015778
1165, 0.331780, 0.014317
1166, 0.331440, 0.014609
1167, 0.331940, 0.014001
1168, 0.331610, 0.015412
1169, 0.332010, 0.014893
1170, 0.332020, 0.013724
1171, 0.331480, 0.014771
1172, 0.332210, 0.013952
1173, 0.331540, 0.015269
1174, 0.332080, 0.015299
1175, 0.331610, 0.014188
1176, 0.331510, 0.014920
1177, 0.332040, 0.014412
1178, 0.331110, 0.015432
1179, 0.331840, 0.014795
1180, 0.332050, 0.014352
1181, 0.331300, 0.015101
1182, 0.332270, 0.014439
1183, 0.331210, 0.014842
1184, 0.332280, 0.014720
1185, 0.332040, 0.013910
1186, 0.331380, 0.014908
1187, 0.332060, 0.014567
1188, 0.331630, 0.014891
1189, 0.331840, 0.015685
1190, 0.331820, 0.013881
1191, 0.331340, 0.015734
1192, 0.332440, 0.013824
1193, 0.331440, 0.015437
1194, 0.332010, 0.014898
1195, 0.332160, 0.014159
1196, 0.332500, 0.017783
1197, 0.332380, 0.014268
1198, 0.331410, 0.014670
1199, 0.331610, 0.015111
1200, 0.331760, 0.014347
1201, 0.331600, 0.014624
1202, 0.331970, 0.013942
1203, 0.331560, 0.015030
1204, 0.331620, 0.015158
1205, 0.331820, 0.014135
1206, 0.331450, 0.015344
1207, 0.332060, 0.014100
1208, 0.332000, 0.015304
1209, 0.331640, 0.014860
1210, 0.332060, 0.014292
1211, 0.331150, 0.015331
1212, 0.332110, 0.014163
1213, 0.331850, 0.015662
1214, 0.331240, 0.015215
1215, 0.331910, 0.014345
1216, 0.331520, 0.015378
1217, 0.331920, 0.014020
1218, 0.331850, 0.015132
1219, 0.331590, 0.015153
1220, 0.332400, 0.014328
1221, 0.331810, 0.014990
1222, 0.331830, 0.014898
1223, 0.331400, 0.014253
1224, 0.331490, 0.015540
1225, 0.332290, 0.013992
1226, 0.331450, 0.015522
1227, 0.331690, 0.014767
1228, 0.331680, 0.014131
1229, 0.331370, 0.015227
1230, 0.332290, 0.014185
1231, 0.331680, 0.015137
1232, 0.331930, 0.015142
1233, 0.331900, 0.014839
1234, 0.331640, 0.015194
1235, 0.332030, 0.014211
1236, 0.331780, 0.015102
1237, 0.331660, 0.015353
1238, 0.331480, 0.013826
1239, 0.331430, 0.015272
1240, 0.332030, 0.014432
1241, 0.331790, 0.015396
1242, 0.331610, 0.015232
1243, 0.332030, 0.014096
1244, 0.331450, 0.014864
1245, 0.332230, 0.014439
1246, 0.331790, 0.015432
1247, 0.331430, 0.014997
1248, 0.331770, 0.014422
1249, 0.331490, 0.015020
1250, 0.332080, 0.014479
1251, 0.331530, 0.014944
1252, 0.331520, 0.015124
1253, 0.332060, 0.014121
1254, 0.331390, 0.015119
1255, 0.332180, 0.014213
1256, 0.331720, 0.014536
1257, 0.331520, 0.015026
1258, 0.332120, 0.014769
1259, 0.331440, 0.015396
1260, 0.331760, 0.014629
1261, 0.331660, 0.015147
1262, 0.331310, 0.015547
1263, 0.331790, 0.013971
1264, 0.331950, 0.015250
1265, 0.331500, 0.014209
1266, 0.331880, 0.015140
1267, 0.331400, 0.015207
1268, 0.332310, 0.013745
1269, 0.331990, 0.015023
1270, 0.331690, 0.014648
1271, 0.331680, 0.015224
1272, 0.331310, 0.014972
1273, 0.332150, 0.013977
1274, 0.331760, 0.015209
1275, 0.331550, 0.015012
1276, 0.332040, 0.014990
1277, 0.331390, 0.015080
1278, 0.331970, 0.014382
1279, 0.331810, 0.015705
1280, 0.331610, 0.014665
1281, 0.332230, 0.015439
1282, 0.331490, 0.015295
1283, 0.332010, 0.014271
1284, 0.331530, 0.015540
1285, 0.331500, 0.014673
1286, 0.332030, 0.015042
1287, 0.331380, 0.015365
1288, 0.332070, 0.014319
1289, 0.331750, 0.015200
1290, 0.331360, 0.014130
1291, 0.332350, 0.014997
1292, 0.331510, 0.015880
1293, 0.332010, 0.013677
1294, 0.331920, 0.015135
1295, 0.331650, 0.014366
1296, 0.332010, 0.014791
1297, 0.331660, 0.015113
1298, 0.331840, 0.014209
1299, 0.331690, 0.015311
1300, 0.331530, 0.014635
1301, 0.332140, 0.015428
1302, 0.331630, 0.015317
1303, 0.331800, 0.014601
1304, 0.331920, 0.015197
1305, 0.331790, 0.014361
1306, 0.332310, 0.015133
1307, 0.331550, 0.015269
1308, 0.331550, 0.014761
1309, 0.332120, 0.015138
1310, 0.331550, 0.014285
1311, 0.331810, 0.014667
1312, 0.331780, 0.014945
1313, 0.331630, 0.014027
1314, 0.332050, 0.014318
1315, 0.331850, 0.014444
1316, 0.332180, 0.015040
1317, 0.331880, 0.015172
1318, 0.331800, 0.014896
1319, 0.332100, 0.015809
1320, 0.331560, 0.014283
1321, 0.332060, 0.015356
1322, 0.331940, 0.015189
1323, 0.331500, 0.013940
1324, 0.332120, 0.015210
1325, 0.331670, 0.013809
1326, 0.331830, 0.015722
1327, 0.331960, 0.015156
1328, 0.331510, 0.014124
1329, 0.332240, 0.015045
1330, 0.331720, 0.014056
1331, 0.331680, 0.014881
1332, 0.331990, 0.015336
1333, 0.331470, 0.014051
1334, 0.332180, 0.015467
1335, 0.331730, 0.014628
1336, 0.331200, 0.015221
1337, 0.331950, 0.014773
1338, 0.331480, 0.013951
1339, 0.332190, 0.015397
1340, 0.331930, 0.014728
1341, 0.331680, 0.015342
1342, 0.332320, 0.014888
1343, 0.331400, 0.014520
1344, 0.332070, 0.014612
1345, 0.331910, 0.014451
1346, 0.331500, 0.015380
1347, 0.333230, 0.018326
1348, 0.331140, 0.014634
1349, 0.332300, 0.014905
1350, 0.331770, 0.014085
1351, 0.331530, 0.015681
1352, 0.332360, 0.015032
1353, 0.331220, 0.014127
1354, 0.332470, 0.015069
1355, 0.331980, 0.014405
1356, 0.331350, 0.015398
1357, 0.332030, 0.015088
1358, 0.331510, 0.014003
1359, 0.332060, 0.015106
1360, 0.331950, 0.014847
1361, 0.331450, 0.015475
1362, 0.332200, 0.014894
1363, 0.331500, 0.014428
1364, 0.331990, 0.015575
1365, 0.331950, 0.014277
1366, 0.331710, 0.014884
1367, 0.332290, 0.015018
1368, 0.331830, 0.014513
1369, 0.331440, 0.015172
1370, 0.331910, 0.014569
1371, 0.331410, 0.014973
1372, 0.332010, 0.015231
1373, 0.332150, 0.014315
1374, 0.331500, 0.015557
1375, 0.332220, 0.014311
1376, 0.331500, 0.015365
1377, 0.332410, 0.015148
1378, 0.332100, 0.014354
1379, 0.331750, 0.015648
1380, 0.332000, 0.014263
1381, 0.331110, 0.014708
1382, 0.332310, 0.015415
1383, 0.331960, 0.014272
1384, 0.331500, 0.015114
1385, 0.332310, 0.014561
1386, 0.331370, 0.015283
1387, 0.332370, 0.015115
1388, 0.332000, 0.013983
1389, 0.331790, 0.015126
1390, 0.332220, 0.013907
1391, 0.331690, 0.014771
1392, 0.331860, 0.015511
1393, 0.331820, 0.014317
1394, 0.331690, 0.015527
1395, 0.332090, 0.013577
1396, 0.331490, 0.015407
1397, 0.331950, 0.014616
1398, 0.332010, 0.014438
1399, 0.331640, 0.015254
1400, 0.332460, 0.014336
1401, 0.331550, 0.015101
1402, 0.332110, 0.015864
1403, 0.332030, 0.013601
1404, 0.331380, 0.015384
1405, 0.332120, 0.014418
1406, 0.332070, 0.015022
1407, 0.331450, 0.015249
1408, 0.331950, 0.013768
1409, 0.331350, 0.015527
1410, 0.332280, 0.013913
1411, 0.331870, 0.015556
1412, 0.331660, 0.015161
1413, 0.332250, 0.014328
1414, 0.331760, 0.015264
1415, 0.332470, 0.014079
1416, 0.331770, 0.014868
1417, 0.331480, 0.015119
1418, 0.332050, 0.013776
1419, 0.331500, 0.015597
1420, 0.332050, 0.014458
1421, 0.331870, 0.015335
1422, 0.331630, 0.015078
1423, 0.332180, 0.013836
1424, 0.331800, 0.015055
1425, 0.331910, 0.013856
1426, 0.331980, 0.014512
1427, 0.331710, 0.015180
1428, 0.332050, 0.014094
1429, 0.331500, 0.015169
1430, 0.331860, 0.015191
1431, 0.331710, 0.014213
1432, 0.331500, 0.015496
1433, 0.332320, 0.013864
1434, 0.331670, 0.014949
1435, 0.331830, 0.014882
1436, 0.332130, 0.014779
1437, 0.331370, 0.015203
1438, 0.332440, 0.014178
1439, 0.331940, 0.014981
1440, 0.331720, 0.015438
1441, 0.331630, 0.014045
1442, 0.332450, 0.018272
1443, 0.332110, 0.014099
1444, 0.331880, 0.015221
1445, 0.331490, 0.015165
1446, 0.331910, 0.014640
1447, 0.331470, 0.015573
1448, 0.332120, 0.014441
1449, 0.331930, 0.015284
1450, 0.331650, 0.014846
1451, 0.332240, 0.014055
1452, 0.331220, 0.015428
1453, 0.332160, 0.014150
1454, 0.331870, 0.014641
1455, 0.331550, 0.015535
1456, 0.332120, 0.014059
1457, 0.331210, 0.015128
1458, 0.332170, 0.014004
1459, 0.331810, 0.015607
1460, 0.331690, 0.015146
1461, 0.332250, 0.014623
1462, 0.331910, 0.015065
1463, 0.332160, 0.014407
1464, 0.331780, 0.015337
1465, 0.331650, 0.015218
1466, 0.332300, 0.013994
1467, 0.331660, 0.015628
1468, 0.332010, 0.014259
1469, 0.331680, 0.015232
1470, 0.331910, 0.015974
1471, 0.332240, 0.014149
1472, 0.331970, 0.015183
1473, 0.331910, 0.014354
1474, 0.332030, 0.014874
1475, 0.331800, 0.014983
1476, 0.332190, 0.014115
1477, 0.331750, 0.015363
1478, 0.331570, 0.014529
1479, 0.331910, 0.014931
1480, 0.331710, 0.015501
1481, 0.332040, 0.013997
1482, 0.331970, 0.015044
1483, 0.331660, 0.014432
1484, 0.332220, 0.015114
1485, 0.331500, 0.015480
1486, 0.332320, 0.014511
1487, 0.332020, 0.015665
1488, 0.331740, 0.014357
1489, 0.332190, 0.015050
1490, 0.331870, 0.015587
1491, 0.331870, 0.014480
1492, 0.332080, 0.015426
1493, 0.331810, 0.014622
1494, 0.332210, 0.015219
1495, 0.331580, 0.015297
1496, 0.332070, 0.014604
1497, 0.331930, 0.015165
1498, 0.331910, 0.014677
1499, 0.332300, 0.015057
1500, 0.331600, 0.014888
1501, 0.332060, 0.014140
1502, 0.332070, 0.015245
1503, 0.331560, 0.014308
1504, 0.332170, 0.015277
1505, 0.331620, 0.014920
1506, 0.331740, 0.014225
1507, 0.331910, 0.014841
1508, 0.331620, 0.014119
1509, 0.332350, 0.014783
1510, 0.331940, 0.014943
1511, 0.331860, 0.014902
1512, 0.332210, 0.015466
1513, 0.331480, 0.014606
1514, 0.332260, 0.014909
1515, 0.331700, 0.014976
1516, 0.331810, 0.014385
1517, 0.332050, 0.015413
1518, 0.331580, 0.014314
1519, 0.332190, 0.015034
1520, 0.331830, 0.015384
1521, 0.331810, 0.014711
1522, 0.331980, 0.015346
1523, 0.331590, 0.014549
1524, 0.332130, 0.014795
1525, 0.331840, 0.015142
1526, 0.331730, 0.014504
1527, 0.332000, 0.014551
1528, 0.331790, 0.014333
1529, 0.331830, 0.015900
1530, 0.331880, 0.014789
1531, 0.331660, 0.014630
1532, 0.332220, 0.014731
1533, 0.331840, 0.014475
1534, 0.331910, 0.015274
1535, 0.332150, 0.015074
1536, 0.331750, 0.014298
1537, 0.332260, 0.015334
1538, 0.331890, 0.014748
1539, 0.331770, 0.014981
1540, 0.332270, 0.015330
1541, 0.331630, 0.014553
1542, 0.332230, 0.014929
1543, 0.332000, 0.014458
1544, 0.331740, 0.015724
1545, 0.332250, 0.015326
1546, 0.331830, 0.015199
1547, 0.332450, 0.014934
1548, 0.332040, 0.014243
1549, 0.331460, 0.014918
1550, 0.332370, 0.014836
1551, 0.331380, 0.014700
1552, 0.332310, 0.015330
1553, 0.331900, 0.014325
1554, 0.331570, 0.015844
1555, 0.332430, 0.014921
1556, 0.331440, 0.014892
1557, 0.332480, 0.015276
1558, 0.332140, 0.014662
1559, 0.331690, 0.015699
1560, 0.332550, 0.015309
1561, 0.331490, 0.014855
1562, 0.332190, 0.015408
1563, 0.332050, 0.014487
1564, 0.331550, 0.015079
1565, 0.332380, 0.015566
1566, 0.331510, 0.014525
1567, 0.333040, 0.018201
1568, 0.331960, 0.014044
1569, 0.331700, 0.015521
1570, 0.332500, 0.015070
1571, 0.331910, 0.014861
1572, 0.331990, 0.015075
1573, 0.331920, 0.014184
1574, 0.331430, 0.015268
1575, 0.332370, 0.014729
1576, 0.332000, 0.014184
1577, 0.331650, 0.014982
1578, 0.332280, 0.014651
1579, 0.331440, 0.015073
1580, 0.332170, 0.015356
1581, 0.332200, 0.014629
1582, 0.331740, 0.014937
1583, 0.332340, 0.014309
1584, 0.331610, 0.015387
1585, 0.332280, 0.015542
1586, 0.331930, 0.014368
1587, 0.331640, 0.015203
1588, 0.332150, 0.014798
1589, 0.331240, 0.015424
1590, 0.332140, 0.015544
1591, 0.332150, 0.014750
1592, 0.331590, 0.015133
1593, 0.332440, 0.014643
1594, 0.331710, 0.015070
1595, 0.332140, 0.014793
1596, 0.332160, 0.014626
1597, 0.331760, 0.015828
1598, 0.332330, 0.014525
1599, 0.331580, 0.014983
1600, 0.331830, 0.015392
1601, 0.331900, 0.014729
1602, 0.331360, 0.015040
1603, 0.332570, 0.014201
1604, 0.331630, 0.015559
1605, 0.331920, 0.015788
1606, 0.331970, 0.014322
1607, 0.331480, 0.014684
1608, 0.332340, 0.014147
1609, 0.331780, 0.015032
1610, 0.331480, 0.015216
1611, 0.332260, 0.014575
1612, 0.331280, 0.015364
1613, 0.332080, 0.013967
1614, 0.331850, 0.015479
1615, 0.331730, 0.015553
1616, 0.332080, 0.014860
1617, 0.331340, 0.014904
1618, 0.332630, 0.014371
1619, 0.331700, 0.015117
1620, 0.331770, 0.015192
1621, 0.332150, 0.014359
1622, 0.331420, 0.015848
1623, 0.332340, 0.014302
1624, 0.331700, 0.015311
1625, 0.331450, 0.014921
1626, 0.332200, 0.014269
1627, 0.331680, 0.015271
1628, 0.331960, 0.015342
1629, 0.331680, 0.014224
1630, 0.331640, 0.015567
1631, 0.332270, 0.015018
1632, 0.331700, 0.015480
1633, 0.332170, 0.015266
1634, 0.331660, 0.014418
1635, 0.331510, 0.015411
1636, 0.332100, 0.014536
1637, 0.331660, 0.015003
1638, 0.331810, 0.015534
1639, 0.331790, 0.014344
1640, 0.331570, 0.015145
1641, 0.332250, 0.014218
1642, 0.331830, 0.015301
1643, 0.332020, 0.015340
1644, 0.332060, 0.014725
1645, 0.331650, 0.015555
1646, 0.332000, 0.014332
1647, 0.331930, 0.015628
1648, 0.331360, 0.015326
1649, 0.331760, 0.014168
1650, 0.331240, 0.015364
1651, 0.332120, 0.014216
1652, 0.331860, 0.015473
1653, 0.331660, 0.015049
1654, 0.332010, 0.014354
1655, 0.331540, 0.015546
1656, 0.332260, 0.014212
1657, 0.332000, 0.015806
1658, 0.331510, 0.014951
1659, 0.332140, 0.014358
1660, 0.331060, 0.015399
1661, 0.332150, 0.014145
1662, 0.331560, 0.015440
1663, 0.331600, 0.015201
1664, 0.332280, 0.014826
1665, 0.331400, 0.015260
1666, 0.332180, 0.014438
1667, 0.331920, 0.015212
1668, 0.331800, 0.015527
1669, 0.332200, 0.014241
1670, 0.331440, 0.015501
1671, 0.331960, 0.014874
1672, 0.331920, 0.015816
1673, 0.331820, 0.015796
1674, 0.331940, 0.014495
1675, 0.331850, 0.015093
1676, 0.331630, 0.013966
1677, 0.331920, 0.015938
1678, 0.331830, 0.015560
1679, 0.332100, 0.014165
1680, 0.331940, 0.015500
1681, 0.331810, 0.015183
1682, 0.331840, 0.015544
1683, 0.331560, 0.015168
1684, 0.332130, 0.014441
1685, 0.331760, 0.015464
1686, 0.331520, 0.014627
1687, 0.332100, 0.015062
1688, 0.331320, 0.015294
1689, 0.332280, 0.015308
1690, 0.331910, 0.015431
1691, 0.331620, 0.014663
1692, 0.332320, 0.015199
1693, 0.331740, 0.015385
1694, 0.332010, 0.014254
1695, 0.331780, 0.015899
1696, 0.331530, 0.014613
1697, 0.332010, 0.015401
1698, 0.331500, 0.015782
1699, 0.331970, 0.014219
1700, 0.331880, 0.014988
1701, 0.331600, 0.014432
1702, 0.332150, 0.015297
1703, 0.331950, 0.015410
1704, 0.331760, 0.014212
1705, 0.332210, 0.015118
1706, 0.331400, 0.014857
1707, 0.332150, 0.015574
1708, 0.331650, 0.015246
1709, 0.331500, 0.014363
1710, 0.331970, 0.015222
1711, 0.331450, 0.014554
1712, 0.332090, 0.015153
1713, 0.331630, 0.015138
1714, 0.331830, 0.014743
1715, 0.332060, 0.015921
1716, 0.331620, 0.014373
1717, 0.332410, 0.015276
1718, 0.331780, 0.015548
1719, 0.331470, 0.014295
1720, 0.331940, 0.015460
1721, 0.331270, 0.014194
1722, 0.331950, 0.015028
1723, 0.331590, 0.015545
1724, 0.331620, 0.014910
1725, 0.331920, 0.015162
1726, 0.331520, 0.014808
1727, 0.332120, 0.014741
1728, 0.331860, 0.015443
1729, 0.331660, 0.014597
1730, 0.332000, 0.014916
1731, 0.331600, 0.014440
1732, 0.331770, 0.015350
1733, 0.331720, 0.014999
1734, 0.331460, 0.014619
1735, 0.332070, 0.015809
1736, 0.331540, 0.014576
1737, 0.331710, 0.015035
1738, 0.331950, 0.015276
1739, 0.331680, 0.014464
1740, 0.332220, 0.015146
1741, 0.331990, 0.014409
1742, 0.331520, 0.015284
1743, 0.331800, 0.015110
1744, 0.331350, 0.014068
1745, 0.332030, 0.014814
1746, 0.331740, 0.014099
1747, 0.331250, 0.015616
1748, 0.332190, 0.015280
1749, 0.331280, 0.014086
1750, 0.332250, 0.014936
1751, 0.332130, 0.014267
1752, 0.331560, 0.015029
1753, 0.332550, 0.014906
1754, 0.331150, 0.014286
1755, 0.332010, 0.015210
1756, 0.331920, 0.014361
1757, 0.331370, 0.015999
1758, 0.332200, 0.015050
1759, 0.331050, 0.014432
1760, 0.332210, 0.015204
1761, 0.331800, 0.014137
1762, 0.331490, 0.015079
1763, 0.332400, 0.015465
1764, 0.331330, 0.014386
1765, 0.333310, 0.018284
1766, 0.332000, 0.014051
1767, 0.331310, 0.015538
1768, 0.332050, 0.014202
1769, 0.331380, 0.014574
1770, 0.331670, 0.015141
1771, 0.331770, 0.014323
1772, 0.331400, 0.015091
1773, 0.332150, 0.014754
1774, 0.331600, 0.014804
1775, 0.331730, 0.014930
1776, 0.331780, 0.014022
1777, 0.331570, 0.014999
1778, 0.332240, 0.015234
1779, 0.331690, 0.014396
1780, 0.331480, 0.015568
1781, 0.331850, 0.014209
1782, 0.331200, 0.015457
1783, 0.332050, 0.014735
1784, 0.331840, 0.014202
1785, 0.331370, 0.014662
1786, 0.332030, 0.014096
1787, 0.331410, 0.015465
1788, 0.332090, 0.015073
1789, 0.332130, 0.014372
1790, 0.331510, 0.015068
1791, 0.331980, 0.014672
1792, 0.331160, 0.015170
1793, 0.331910, 0.015178
1794, 0.331730, 0.013825
1795, 0.331360, 0.015132
1796, 0.332160, 0.013975
1797, 0.331070, 0.014452
1798, 0.332040, 0.015185
1799, 0.332180, 0.014505
1800, 0.331530, 0.014951
1801, 0.332420, 0.013967
1802, 0.331620, 0.015593
1803, 0.331700, 0.014987
1804, 0.331770, 0.013823
1805, 0.331110, 0.015157
1806, 0.332100, 0.014240
1807, 0.331250, 0.014794
1808, 0.331700, 0.015520
1809, 0.331730, 0.014107
1810, 0.331290, 0.014876
1811, 0.332290, 0.014116
1812, 0.331640, 0.015304
1813, 0.331730, 0.015487
1814, 0.332040, 0.014445
1815, 0.331350, 0.015543
1816, 0.332080, 0.014622
1817, 0.331830, 0.015349
1818, 0.331330, 0.015247
1819, 0.331970, 0.014058
1820, 0.331100, 0.015501
1821, 0.332190, 0.014165
1822, 0.331670, 0.015598
1823, 0.331640, 0.015212
1824, 0.331990, 0.014305
1825, 0.331380, 0.015708
1826, 0.332240, 0.013825
1827, 0.331730, 0.015702
1828, 0.331490, 0.014952
1829, 0.332060, 0.014323
1830, 0.331240, 0.015128
1831, 0.331880, 0.014886
1832, 0.331790, 0.015124
1833, 0.331490, 0.015731
1834, 0.332090, 0.014176
1835, 0.331600, 0.015235
1836, 0.332030, 0.015199
1837, 0.331770, 0.014315
1838, 0.331750, 0.015250
1839, 0.332030, 0.014382
1840, 0.331620, 0.015360
1841, 0.331830, 0.016071
1842, 0.331550, 0.014191
1843, 0.331330, 0.015832
1844, 0.332120, 0.014658
1845, 0.331640, 0.015758
1846, 0.331720, 0.015660
1847, 0.331970, 0.014954
1848, 0.331560, 0.015223
1849, 0.332130, 0.014623
1850, 0.332100, 0.015461
1851, 0.331650, 0.015043
1852, 0.331830, 0.014477
1853, 0.331540, 0.015561
1854, 0.332080, 0.014922
1855, 0.331810, 0.015435
1856, 0.331430, 0.015039
1857, 0.332150, 0.014498
1858, 0.331220, 0.015460
1859, 0.332210, 0.014365
1860, 0.331830, 0.015096
1861, 0.331740, 0.015249
1862, 0.332400, 0.014148
1863, 0.331060, 0.015417
1864, 0.332070, 0.013772
1865, 0.331620, 0.014740
1866, 0.331540, 0.014911
1867, 0.331950, 0.014624
1868, 0.331120, 0.015089
1869, 0.332140, 0.014127
1870, 0.331600, 0.015484
1871, 0.331610, 0.015134
1872, 0.332180, 0.014006
1873, 0.331690, 0.015643
1874, 0.331930, 0.014190
1875, 0.331820, 0.015464
1876, 0.331530, 0.015645
1877, 0.331940, 0.014166
1878, 0.331770, 0.015160
1879, 0.331560, 0.014136
1880, 0.331830, 0.015313
1881, 0.331730, 0.015445
1882, 0.332170, 0.014805
1883, 0.331750, 0.015527
1884, 0.331500, 0.014519
1885, 0.332140, 0.015235
1886, 0.331640, 0.015231
1887, 0.332130, 0.014464
1888, 0.331560, 0.015197
1889, 0.331640, 0.014441
1890, 0.332050, 0.015262
1891, 0.331260, 0.015620
1892, 0.332080, 0.014817
1893, 0.331630, 0.015267
1894, 0.331530, 0.014478
1895, 0.332170, 0.015427
1896, 0.331580, 0.015802
1897, 0.332150, 0.014365
1898, 0.331740, 0.015299
1899, 0.331620, 0.014645
1900, 0.331910, 0.015006
1901, 0.331530, 0.015595
1902, 0.331890, 0.013918
1903, 0.331620, 0.015091
1904, 0.331420, 0.014286
1905, 0.332170, 0.015142
1906, 0.331330, 0.015082
1907, 0.331780, 0.014173
1908, 0.331850, 0.015247
1909, 0.331830, 0.014853
1910, 0.332030, 0.015079
1911, 0.331680, 0.015018
1912, 0.332440, 0.017777
1913, 0.331970, 0.015215
1914, 0.331230, 0.014655
1915, 0.332080, 0.015282
1916, 0.331450, 0.015359
1917, 0.331800, 0.014732
1918, 0.331990, 0.015190
1919, 0.331180, 0.014158
1920, 0.332330, 0.015443
1921, 0.331900, 0.015371
1922, 0.331500, 0.014065
1923, 0.332010, 0.014611
1924, 0.331590, 0.014496
1925, 0.332230, 0.015432
1926, 0.331720, 0.015253
1927, 0.331390, 0.014176
1928, 0.331980, 0.015389
1929, 0.331590, 0.014685
1930, 0.332040, 0.015275
1931, 0.332060, 0.014778
1932, 0.331940, 0.014224
1933, 0.332270, 0.015427
1934, 0.331660, 0.014315
1935, 0.332140, 0.015050
1936, 0.331840, 0.014417
1937, 0.331520, 0.014101
1938, 0.332180, 0.014876
1939, 0.331500, 0.014176
1940, 0.331780, 0.015263
1941, 0.332130, 0.015099
1942, 0.331570, 0.014589
1943, 0.332300, 0.015657
1944, 0.332220, 0.014412
1945, 0.331710, 0.015650
1946, 0.332340, 0.015210
1947, 0.331630, 0.014325
1948, 0.332140, 0.014939
1949, 0.331910, 0.014405
1950, 0.331420, 0.015398
1951, 0.331950, 0.015092
1952, 0.331420, 0.014218
1953, 0.332220, 0.014769
1954, 0.331820, 0.014182
1955, 0.331370, 0.015236
1956, 0.332570, 0.015167
1957, 0.331420, 0.014457
1958, 0.332460, 0.015494
1959, 0.331900, 0.014118
1960, 0.331360, 0.015427
1961, 0.332220, 0.014708
1962, 0.331360, 0.014668
1963, 0.332010, 0.014944
1964, 0.331900, 0.014037
1965, 0.331400, 0.014902
1966, 0.332240, 0.015241
1967, 0.331400, 0.014410
1968, 0.332390, 0.015522
1969, 0.332020, 0.014095
1970, 0.331660, 0.015282
1971, 0.332190, 0.014905
1972, 0.331490, 0.014332
1973, 0.331750, 0.015420
1974, 0.331980, 0.014130
1975, 0.331360, 0.014769
1976, 0.332340, 0.015054
1977, 0.331540, 0.014695
1978, 0.331910, 0.015589
1979, 0.332050, 0.014348
1980, 0.331400, 0.015058
1981, 0.332290, 0.014884
1982, 0.331850, 0.013928
1983, 0.331810, 0.015065
1984, 0.331910, 0.014117
1985, 0.331370, 0.015443
1986, 0.332170, 0.014865
1987, 0.331760, 0.013936
1988, 0.331490, 0.015419
1989, 0.332100, 0.014238
1990, 0.331280, 0.015207
1991, 0.332040, 0.014755
1992, 0.332150, 0.014233
1993, 0.331720, 0.015306
1994, 0.332280, 0.014743
1995, 0.331590, 0.014779
1996, 0.332210, 0.015206
1997, 0.331870, 0.013847
1998, 0.331600, 0.015306
1999, 0.332110, 0.013598
2000, 0.331420, 0.015639
2001, 0.332190, 0.015364
