Container_size, 268435456,key_space, 1184274
request bin, mean_latency, sd
0, 74.630060, 4.027258
1, 55.885190, 3.060623
2, 42.465250, 2.374061
3, 34.634660, 1.857740
4, 28.562600, 1.795748
5, 22.999030, 1.553435
6, 18.757400, 1.503007
7, 15.480960, 1.527403
8, 13.353020, 1.578619
9, 12.112460, 1.544261
10, 11.372790, 1.478793
11, 10.555040, 1.506575
12, 9.669150, 1.366668
13, 9.083260, 1.325803
14, 8.554290, 1.317905
15, 7.934110, 1.312706
16, 7.003080, 1.296311
17, 6.159040, 1.284826
18, 5.478640, 1.251432
19, 4.802680, 1.204435
20, 4.311160, 1.333059
21, 3.880500, 1.276422
22, 3.402300, 1.259544
23, 3.020370, 1.056096
24, 2.734200, 1.186596
25, 2.468440, 1.103358
26, 2.183900, 1.124560
27, 1.962040, 1.097174
28, 1.741710, 1.009520
29, 1.580200, 1.120479
30, 1.377780, 0.900089
31, 1.262960, 0.981814
32, 1.151470, 0.958655
33, 1.044630, 1.060459
34, 0.932360, 0.958064
35, 0.920710, 0.837190
36, 0.945290, 0.982043
37, 0.912670, 0.877090
38, 0.889270, 0.801595
39, 0.898630, 0.853891
40, 0.877680, 0.807497
41, 0.872860, 0.783108
42, 0.848920, 0.653344
43, 0.831650, 0.580772
44, 0.841540, 0.772020
45, 0.845750, 0.604930
46, 0.808580, 0.564755
47, 0.815490, 0.575672
48, 0.812110, 0.600617
49, 0.790600, 0.512848
50, 0.801390, 0.546336
51, 0.782530, 0.461027
52, 0.783970, 0.489994
53, 0.771080, 0.426676
54, 0.769360, 0.476276
55, 0.760520, 0.395577
56, 0.747410, 0.411859
57, 0.758300, 0.419860
58, 0.737890, 0.338821
59, 0.737830, 0.329008
60, 0.729500, 0.299149
61, 0.737130, 0.297129
62, 0.731630, 0.299068
63, 0.725390, 0.275115
64, 0.730700, 0.283817
65, 0.719630, 0.288459
66, 0.719870, 0.295528
67, 0.711550, 0.250417
68, 0.705880, 0.251217
69, 0.707950, 0.218797
70, 0.709140, 0.223060
71, 0.709890, 0.216256
72, 0.701680, 0.236015
73, 0.693760, 0.193441
74, 0.696480, 0.181475
75, 0.693040, 0.147137
76, 0.692130, 0.172011
77, 0.676080, 0.131769
78, 0.674950, 0.162475
79, 0.668300, 0.117089
80, 0.653750, 0.129734
81, 0.651330, 0.126318
82, 0.641660, 0.137001
83, 0.639450, 0.152146
84, 0.627650, 0.098297
85, 0.624110, 0.130041
86, 0.610020, 0.078703
87, 0.606980, 0.093267
88, 0.603040, 0.077875
89, 0.600270, 0.077281
90, 0.601100, 0.084384
91, 0.599640, 0.077742
92, 0.600600, 0.078701
93, 0.597460, 0.079980
94, 0.600730, 0.091411
95, 0.601180, 0.089319
96, 0.596460, 0.073710
97, 0.597340, 0.073210
98, 0.596060, 0.066305
99, 0.595410, 0.063654
100, 0.593680, 0.052666
101, 0.597250, 0.087306
102, 0.599550, 0.111396
103, 0.592280, 0.045882
104, 0.594980, 0.081330
105, 0.594420, 0.056056
106, 0.594380, 0.061572
107, 0.595910, 0.096095
108, 0.595970, 0.067868
109, 0.594270, 0.079458
110, 0.591020, 0.044589
111, 0.592260, 0.061423
112, 0.592330, 0.054048
113, 0.592030, 0.069731
114, 0.591550, 0.064194
115, 0.589410, 0.042004
116, 0.589990, 0.052697
117, 0.589210, 0.035932
118, 0.589340, 0.043786
119, 0.589320, 0.045513
120, 0.589450, 0.052924
121, 0.586360, 0.040454
122, 0.590500, 0.054988
123, 0.586720, 0.044092
124, 0.588030, 0.036722
125, 0.586570, 0.041805
126, 0.587250, 0.033262
127, 0.586350, 0.038811
128, 0.586090, 0.037834
129, 0.586980, 0.030264
130, 0.586840, 0.033479
131, 0.585110, 0.029967
132, 0.582740, 0.018007
133, 0.582890, 0.016467
134, 0.583880, 0.018589
135, 0.584760, 0.023876
136, 0.583030, 0.012846
137, 0.582830, 0.014333
138, 0.583110, 0.013570
139, 0.582080, 0.013594
140, 0.582630, 0.010152
141, 0.580610, 0.010386
142, 0.581060, 0.008737
143, 0.581720, 0.011124
144, 0.582400, 0.011713
145, 0.581940, 0.010887
146, 0.581810, 0.010860
147, 0.582540, 0.010462
148, 0.581700, 0.011508
149, 0.582590, 0.011667
150, 0.581630, 0.011758
151, 0.580400, 0.010574
152, 0.580670, 0.010283
153, 0.581050, 0.010692
154, 0.581900, 0.011990
155, 0.581480, 0.011534
156, 0.581310, 0.011899
157, 0.580910, 0.010173
158, 0.580760, 0.011799
159, 0.580980, 0.010482
160, 0.581080, 0.013033
161, 0.581000, 0.010855
162, 0.579450, 0.010476
163, 0.580630, 0.012991
164, 0.579810, 0.010655
165, 0.579360, 0.009568
166, 0.580730, 0.011326
167, 0.580510, 0.011192
168, 0.580420, 0.010709
169, 0.579500, 0.010338
170, 0.579370, 0.010099
171, 0.581230, 0.013574
172, 0.580600, 0.010773
173, 0.579060, 0.009262
174, 0.579050, 0.008322
175, 0.578360, 0.008957
176, 0.578390, 0.008860
177, 0.580180, 0.008578
178, 0.577700, 0.007618
179, 0.579570, 0.008755
180, 0.577990, 0.008125
181, 0.578360, 0.008325
182, 0.578360, 0.008179
183, 0.579390, 0.010219
184, 0.578960, 0.008669
185, 0.577650, 0.007845
186, 0.579590, 0.011771
187, 0.578190, 0.007248
188, 0.577950, 0.008422
189, 0.578040, 0.008196
190, 0.579850, 0.009170
191, 0.577680, 0.007768
192, 0.577730, 0.008244
193, 0.577490, 0.009259
194, 0.577580, 0.008953
195, 0.578400, 0.009068
196, 0.577120, 0.008971
197, 0.577840, 0.008052
198, 0.577530, 0.008148
199, 0.577100, 0.009532
200, 0.578450, 0.011578
201, 0.577120, 0.009040
202, 0.577490, 0.009917
203, 0.576840, 0.007919
204, 0.577970, 0.008709
205, 0.577580, 0.007937
206, 0.577950, 0.007987
207, 0.576280, 0.008607
208, 0.577580, 0.009441
209, 0.577640, 0.008815
210, 0.576210, 0.008115
211, 0.577770, 0.008229
212, 0.577790, 0.008590
213, 0.576790, 0.007663
214, 0.577330, 0.009532
215, 0.575610, 0.007232
216, 0.577240, 0.008265
217, 0.577580, 0.009823
218, 0.577200, 0.009167
219, 0.577250, 0.008798
220, 0.577190, 0.007966
221, 0.576270, 0.009120
222, 0.576490, 0.008778
223, 0.576510, 0.007318
224, 0.576320, 0.008173
225, 0.577970, 0.007469
226, 0.575780, 0.008534
227, 0.576460, 0.008113
228, 0.576950, 0.008850
229, 0.576260, 0.010056
230, 0.576140, 0.007208
231, 0.576370, 0.009113
232, 0.576810, 0.008387
233, 0.577770, 0.009349
234, 0.575870, 0.008385
235, 0.576620, 0.007234
236, 0.576410, 0.008593
237, 0.576030, 0.008903
238, 0.576430, 0.008633
239, 0.576140, 0.007758
240, 0.576520, 0.007813
241, 0.575600, 0.007810
242, 0.577210, 0.011642
243, 0.576510, 0.009364
244, 0.576630, 0.007849
245, 0.576250, 0.008210
246, 0.577490, 0.008929
247, 0.575220, 0.007973
248, 0.575210, 0.007587
249, 0.576500, 0.008416
250, 0.575760, 0.008735
251, 0.575890, 0.007667
252, 0.576430, 0.008423
253, 0.576010, 0.007524
254, 0.574640, 0.007640
255, 0.577080, 0.010838
256, 0.575970, 0.008109
257, 0.576690, 0.009087
258, 0.576730, 0.008877
259, 0.575860, 0.008304
260, 0.574930, 0.007598
261, 0.575290, 0.008007
262, 0.574700, 0.007714
263, 0.575840, 0.008533
264, 0.576330, 0.011284
265, 0.575560, 0.007726
266, 0.576100, 0.009589
267, 0.575670, 0.008673
268, 0.575800, 0.009332
269, 0.574760, 0.007655
270, 0.575240, 0.007851
271, 0.575850, 0.009591
272, 0.575550, 0.007933
273, 0.575560, 0.008160
274, 0.575140, 0.008709
275, 0.575710, 0.007315
276, 0.574690, 0.008369
277, 0.575260, 0.008753
278, 0.575410, 0.007746
279, 0.574860, 0.008193
280, 0.574230, 0.007384
281, 0.575170, 0.008128
282, 0.576380, 0.008088
283, 0.575450, 0.008506
284, 0.574770, 0.008608
285, 0.575630, 0.009048
286, 0.575120, 0.009904
287, 0.575890, 0.008495
288, 0.576030, 0.008295
289, 0.574270, 0.009237
290, 0.575360, 0.009161
291, 0.575110, 0.008051
292, 0.574640, 0.008226
293, 0.574060, 0.007084
294, 0.575800, 0.007990
295, 0.574300, 0.007974
296, 0.574090, 0.008397
297, 0.575030, 0.007703
298, 0.573780, 0.007513
299, 0.574490, 0.009113
300, 0.574460, 0.008474
301, 0.574870, 0.008727
302, 0.574270, 0.007164
303, 0.574680, 0.009328
304, 0.575620, 0.008083
305, 0.575050, 0.007876
306, 0.574290, 0.008499
307, 0.574380, 0.008233
308, 0.574980, 0.009815
309, 0.574530, 0.007357
310, 0.574070, 0.008495
311, 0.574680, 0.007564
312, 0.573670, 0.007254
313, 0.574940, 0.009486
314, 0.573800, 0.009028
315, 0.573510, 0.008491
316, 0.575030, 0.009815
317, 0.573820, 0.008127
318, 0.573960, 0.007613
319, 0.574370, 0.007681
320, 0.573490, 0.008439
321, 0.574450, 0.007719
322, 0.574770, 0.007685
323, 0.573140, 0.008922
324, 0.573840, 0.008553
325, 0.575070, 0.011083
326, 0.573420, 0.007832
327, 0.573670, 0.007805
328, 0.573710, 0.007989
329, 0.574830, 0.008571
330, 0.573950, 0.007464
331, 0.573750, 0.007928
332, 0.573080, 0.008016
333, 0.573940, 0.010439
334, 0.572950, 0.007804
335, 0.574840, 0.008507
336, 0.574160, 0.008764
337, 0.574240, 0.007934
338, 0.573830, 0.008484
339, 0.574590, 0.010305
340, 0.573120, 0.008131
341, 0.572040, 0.007466
342, 0.573270, 0.009610
343, 0.573110, 0.008190
344, 0.572680, 0.007593
345, 0.572950, 0.009248
346, 0.572540, 0.007388
347, 0.573650, 0.007728
348, 0.572960, 0.007695
349, 0.572850, 0.007661
350, 0.573280, 0.007817
351, 0.573140, 0.008198
352, 0.573750, 0.008422
353, 0.573100, 0.007257
354, 0.574030, 0.008997
355, 0.571640, 0.008199
356, 0.572850, 0.007993
357, 0.573090, 0.009447
358, 0.573220, 0.008542
359, 0.572460, 0.008781
360, 0.573410, 0.010014
361, 0.573600, 0.008419
362, 0.571860, 0.007989
363, 0.572920, 0.007835
364, 0.572380, 0.008442
365, 0.572680, 0.008894
366, 0.572700, 0.008131
367, 0.571730, 0.008021
368, 0.572240, 0.008712
369, 0.572210, 0.007706
370, 0.572900, 0.008231
371, 0.573530, 0.009807
372, 0.572060, 0.008473
373, 0.572950, 0.009357
374, 0.572910, 0.008510
375, 0.571660, 0.007658
376, 0.571750, 0.007065
377, 0.572010, 0.008042
378, 0.572430, 0.007211
379, 0.571290, 0.008219
380, 0.572020, 0.008423
381, 0.572610, 0.008042
382, 0.572720, 0.008601
383, 0.572730, 0.009298
384, 0.572270, 0.009120
385, 0.572190, 0.008088
386, 0.572290, 0.008260
387, 0.572640, 0.007337
388, 0.572360, 0.006871
389, 0.572500, 0.008519
390, 0.571780, 0.008111
391, 0.571620, 0.007412
392, 0.570760, 0.009355
393, 0.571900, 0.008179
394, 0.571690, 0.008322
395, 0.571800, 0.008103
396, 0.571700, 0.007973
397, 0.572230, 0.009459
398, 0.572380, 0.007587
399, 0.571920, 0.009300
400, 0.572230, 0.007661
401, 0.572660, 0.008783
402, 0.572220, 0.008069
403, 0.571660, 0.007498
404, 0.571880, 0.008289
405, 0.571680, 0.007938
406, 0.571840, 0.009370
407, 0.571880, 0.008369
408, 0.570670, 0.007703
409, 0.571970, 0.008387
410, 0.572520, 0.011140
411, 0.570820, 0.007645
412, 0.571980, 0.007880
413, 0.571250, 0.010394
414, 0.571980, 0.007794
415, 0.571230, 0.009804
416, 0.571920, 0.009732
417, 0.570720, 0.008331
418, 0.570900, 0.008013
419, 0.571590, 0.009550
420, 0.570660, 0.008294
421, 0.572510, 0.010145
422, 0.571000, 0.007759
423, 0.571990, 0.009260
424, 0.570770, 0.008017
425, 0.571090, 0.008261
426, 0.571590, 0.008432
427, 0.571610, 0.009456
428, 0.571480, 0.008447
429, 0.570320, 0.007530
430, 0.570480, 0.007763
431, 0.571260, 0.009218
432, 0.569890, 0.008483
433, 0.570870, 0.007100
434, 0.571490, 0.009678
435, 0.571490, 0.008024
436, 0.570730, 0.008330
437, 0.570560, 0.009007
438, 0.571110, 0.007532
439, 0.569940, 0.007765
440, 0.570860, 0.007747
441, 0.570110, 0.008736
442, 0.570900, 0.007935
443, 0.570460, 0.007286
444, 0.570840, 0.007560
445, 0.572330, 0.009858
446, 0.570310, 0.007405
447, 0.570470, 0.009178
448, 0.571030, 0.010377
449, 0.570960, 0.007737
450, 0.570320, 0.008251
451, 0.570510, 0.007270
452, 0.569330, 0.007988
453, 0.569930, 0.009344
454, 0.570230, 0.008655
455, 0.569940, 0.007822
456, 0.570090, 0.008106
457, 0.570340, 0.008074
458, 0.571640, 0.010483
459, 0.571200, 0.007879
460, 0.570330, 0.008532
461, 0.570630, 0.007208
462, 0.569680, 0.007839
463, 0.570950, 0.007178
464, 0.571100, 0.008325
465, 0.569680, 0.008179
466, 0.571080, 0.010197
467, 0.569320, 0.008218
468, 0.570540, 0.007919
469, 0.569760, 0.008173
470, 0.571870, 0.010880
471, 0.569750, 0.008699
472, 0.571240, 0.010532
473, 0.569620, 0.007528
474, 0.569730, 0.008830
475, 0.570550, 0.008753
476, 0.570460, 0.007794
477, 0.570480, 0.008387
478, 0.571280, 0.011072
479, 0.569680, 0.008496
480, 0.570080, 0.007527
481, 0.568730, 0.007158
482, 0.570150, 0.008139
483, 0.570080, 0.008548
484, 0.570930, 0.010107
485, 0.570130, 0.009985
486, 0.570630, 0.009918
487, 0.569540, 0.007882
488, 0.569060, 0.007861
489, 0.569760, 0.009113
490, 0.571010, 0.011520
491, 0.569870, 0.009801
492, 0.570040, 0.008103
493, 0.570040, 0.009694
494, 0.569450, 0.008192
495, 0.568340, 0.008720
496, 0.569880, 0.007242
497, 0.569930, 0.008495
498, 0.569810, 0.008114
499, 0.570110, 0.008323
500, 0.570260, 0.008600
501, 0.570070, 0.008193
502, 0.568910, 0.008461
503, 0.570410, 0.007769
504, 0.569700, 0.009236
505, 0.569400, 0.008210
506, 0.569940, 0.008616
507, 0.569390, 0.009729
508, 0.569210, 0.008400
509, 0.568460, 0.007657
510, 0.568330, 0.007891
511, 0.569060, 0.007827
512, 0.569770, 0.008280
513, 0.570680, 0.010122
514, 0.568470, 0.008026
515, 0.569270, 0.008279
516, 0.568650, 0.007744
517, 0.569400, 0.009211
518, 0.568630, 0.007809
519, 0.568260, 0.007582
520, 0.569150, 0.008965
521, 0.568970, 0.009127
522, 0.569150, 0.007838
523, 0.568930, 0.007874
524, 0.569020, 0.008223
525, 0.568320, 0.007888
526, 0.567990, 0.007779
527, 0.568990, 0.007793
528, 0.569330, 0.008720
529, 0.567790, 0.007914
530, 0.567540, 0.008410
531, 0.568860, 0.007790
532, 0.569130, 0.008263
533, 0.569500, 0.008729
534, 0.568040, 0.007255
535, 0.569200, 0.010069
536, 0.569920, 0.007961
537, 0.568260, 0.008277
538, 0.569290, 0.009402
539, 0.568650, 0.008015
540, 0.568410, 0.008407
541, 0.569150, 0.008763
542, 0.567810, 0.008103
543, 0.569220, 0.008732
544, 0.567720, 0.007720
545, 0.569190, 0.008462
546, 0.568200, 0.007603
547, 0.567820, 0.008293
548, 0.568580, 0.008256
549, 0.568580, 0.007558
550, 0.568340, 0.008326
551, 0.568610, 0.006309
552, 0.569140, 0.009944
553, 0.568710, 0.008456
554, 0.568370, 0.008280
555, 0.568940, 0.009934
556, 0.568500, 0.009507
557, 0.568120, 0.008775
558, 0.567360, 0.007772
559, 0.568140, 0.007255
560, 0.568650, 0.008167
561, 0.568360, 0.008531
562, 0.568800, 0.008233
563, 0.568500, 0.008634
564, 0.567670, 0.008289
565, 0.567710, 0.007912
566, 0.569120, 0.009309
567, 0.568240, 0.008310
568, 0.567690, 0.008355
569, 0.567980, 0.007535
570, 0.567230, 0.008214
571, 0.567890, 0.008491
572, 0.567610, 0.008194
573, 0.569360, 0.007351
574, 0.566880, 0.007809
575, 0.566850, 0.008599
576, 0.568400, 0.008345
577, 0.568070, 0.007728
578, 0.568370, 0.007721
579, 0.567470, 0.007489
580, 0.568670, 0.008876
581, 0.567620, 0.007699
582, 0.568140, 0.009167
583, 0.567550, 0.008859
584, 0.567280, 0.008019
585, 0.568100, 0.007976
586, 0.567480, 0.008485
587, 0.567940, 0.008284
588, 0.567060, 0.008179
589, 0.567130, 0.007208
590, 0.566170, 0.008061
591, 0.567370, 0.008114
592, 0.567190, 0.008781
593, 0.567300, 0.008100
594, 0.567270, 0.007354
595, 0.568960, 0.011576
596, 0.568160, 0.007498
597, 0.568160, 0.009309
598, 0.567780, 0.008803
599, 0.567210, 0.007319
600, 0.566970, 0.008882
601, 0.566220, 0.007303
602, 0.566430, 0.009381
603, 0.567230, 0.007796
604, 0.566640, 0.008304
605, 0.567210, 0.008494
606, 0.568000, 0.009079
607, 0.566020, 0.008012
608, 0.566950, 0.008590
609, 0.567570, 0.007845
610, 0.566270, 0.008029
611, 0.567520, 0.007991
612, 0.566480, 0.008397
613, 0.566510, 0.007607
614, 0.568070, 0.007563
615, 0.567200, 0.008185
616, 0.567310, 0.008109
617, 0.566560, 0.008172
618, 0.567180, 0.007371
619, 0.565860, 0.007706
620, 0.565610, 0.008508
621, 0.565770, 0.006876
622, 0.567660, 0.010301
623, 0.566380, 0.007636
624, 0.567550, 0.008421
625, 0.567060, 0.008618
626, 0.567410, 0.007461
627, 0.566360, 0.008390
628, 0.567250, 0.007992
629, 0.566940, 0.009265
630, 0.566760, 0.008393
631, 0.566590, 0.007764
632, 0.566700, 0.008282
633, 0.566210, 0.008387
634, 0.566850, 0.009800
635, 0.565530, 0.008398
636, 0.566130, 0.007297
637, 0.566280, 0.008487
638, 0.565570, 0.007883
639, 0.567410, 0.007146
640, 0.566500, 0.008012
641, 0.566250, 0.007611
642, 0.565580, 0.008490
643, 0.566140, 0.008296
644, 0.565830, 0.008122
645, 0.566990, 0.008399
646, 0.566080, 0.007834
647, 0.566660, 0.007872
648, 0.567000, 0.009084
649, 0.565580, 0.007211
650, 0.565350, 0.008034
651, 0.566900, 0.008012
652, 0.566070, 0.008563
653, 0.565660, 0.007737
654, 0.565710, 0.008685
655, 0.565880, 0.008134
656, 0.565420, 0.008455
657, 0.565140, 0.008131
658, 0.566200, 0.007693
659, 0.564450, 0.007518
660, 0.566190, 0.007613
661, 0.565570, 0.008149
662, 0.564840, 0.007500
663, 0.564750, 0.008557
664, 0.565860, 0.007878
665, 0.565620, 0.007886
666, 0.565300, 0.007962
667, 0.565340, 0.007429
668, 0.566830, 0.010202
669, 0.565620, 0.008440
670, 0.566180, 0.009022
671, 0.564880, 0.008521
672, 0.566400, 0.009095
673, 0.566850, 0.008111
674, 0.565940, 0.008440
675, 0.566270, 0.008768
676, 0.565870, 0.008611
677, 0.564920, 0.007219
678, 0.565880, 0.007995
679, 0.566070, 0.007472
680, 0.566080, 0.010074
681, 0.565830, 0.007628
682, 0.565940, 0.007926
683, 0.564260, 0.007435
684, 0.565990, 0.008147
685, 0.565220, 0.010072
686, 0.566040, 0.008097
687, 0.565870, 0.007657
688, 0.565290, 0.008255
689, 0.565280, 0.007927
690, 0.564580, 0.007435
691, 0.565610, 0.007805
692, 0.565730, 0.007401
693, 0.565190, 0.007948
694, 0.565610, 0.009254
695, 0.565280, 0.007979
696, 0.565710, 0.008128
697, 0.565820, 0.009215
698, 0.565360, 0.007618
699, 0.565370, 0.007555
700, 0.565040, 0.007668
701, 0.564640, 0.008786
702, 0.565030, 0.007749
703, 0.564870, 0.008167
704, 0.564990, 0.007357
705, 0.564250, 0.008311
706, 0.564540, 0.007557
707, 0.566170, 0.007650
708, 0.565090, 0.009090
709, 0.566620, 0.009141
710, 0.564930, 0.008297
711, 0.565340, 0.008876
712, 0.563950, 0.007852
713, 0.563510, 0.008489
714, 0.566570, 0.008470
715, 0.564600, 0.009414
716, 0.564520, 0.009172
717, 0.566080, 0.008343
718, 0.565090, 0.010103
719, 0.565020, 0.007826
720, 0.563400, 0.008856
721, 0.564520, 0.008350
722, 0.564680, 0.007538
723, 0.566460, 0.010212
724, 0.564900, 0.007735
725, 0.563580, 0.008171
726, 0.564510, 0.007747
727, 0.564810, 0.009767
728, 0.565470, 0.008473
729, 0.564650, 0.009595
730, 0.564550, 0.008014
731, 0.564380, 0.008135
732, 0.564780, 0.007620
733, 0.564680, 0.008337
734, 0.565370, 0.009452
735, 0.564740, 0.008707
736, 0.565430, 0.008475
737, 0.565680, 0.008687
738, 0.565840, 0.011030
739, 0.564730, 0.008264
740, 0.564090, 0.007872
741, 0.563980, 0.008563
742, 0.565400, 0.007316
743, 0.564510, 0.008168
744, 0.564910, 0.007615
745, 0.564760, 0.008664
746, 0.564570, 0.008456
747, 0.563670, 0.007841
748, 0.564170, 0.008357
749, 0.564290, 0.007500
750, 0.564840, 0.008908
751, 0.564440, 0.007878
752, 0.564380, 0.007427
753, 0.563540, 0.007758
754, 0.564200, 0.007588
755, 0.563380, 0.007824
756, 0.564390, 0.008695
757, 0.565030, 0.007593
758, 0.564050, 0.007608
759, 0.563890, 0.010016
760, 0.564440, 0.008882
761, 0.564410, 0.008982
762, 0.563440, 0.007785
763, 0.565210, 0.011260
764, 0.564680, 0.007975
765, 0.564650, 0.008455
766, 0.563550, 0.008694
767, 0.565030, 0.008830
768, 0.563780, 0.007670
769, 0.563750, 0.008884
770, 0.563230, 0.008239
771, 0.564000, 0.008752
772, 0.564060, 0.007790
773, 0.563750, 0.009062
774, 0.564040, 0.008983
775, 0.563180, 0.008803
776, 0.565440, 0.012246
777, 0.563380, 0.007820
778, 0.564110, 0.008818
779, 0.563520, 0.007821
780, 0.564440, 0.008359
781, 0.563920, 0.008184
782, 0.563820, 0.008081
783, 0.564050, 0.008060
784, 0.563050, 0.007886
785, 0.563350, 0.008542
786, 0.564320, 0.009496
787, 0.564160, 0.008676
788, 0.563870, 0.008630
789, 0.564160, 0.008304
790, 0.564060, 0.009942
791, 0.564050, 0.008985
792, 0.564940, 0.008091
793, 0.564180, 0.008400
794, 0.563680, 0.007952
795, 0.562980, 0.008245
796, 0.563760, 0.010239
797, 0.562880, 0.007733
798, 0.564430, 0.008617
799, 0.563630, 0.007685
800, 0.564030, 0.008506
801, 0.563770, 0.007569
802, 0.562710, 0.007474
803, 0.563780, 0.007865
804, 0.562520, 0.007198
805, 0.563920, 0.008153
806, 0.563290, 0.007906
807, 0.563480, 0.008835
808, 0.562590, 0.008150
809, 0.563260, 0.008582
810, 0.563430, 0.007808
811, 0.563620, 0.009590
812, 0.561960, 0.007796
813, 0.563050, 0.008572
814, 0.563600, 0.008894
815, 0.563130, 0.008007
816, 0.563510, 0.007924
817, 0.564510, 0.011038
818, 0.563900, 0.010442
819, 0.562600, 0.008828
820, 0.563070, 0.007964
821, 0.563480, 0.008255
822, 0.562550, 0.008090
823, 0.563240, 0.008314
824, 0.562800, 0.008322
825, 0.562240, 0.008877
826, 0.563180, 0.008306
827, 0.563280, 0.008826
828, 0.564030, 0.008549
829, 0.563240, 0.008235
830, 0.563330, 0.008563
831, 0.562380, 0.008534
832, 0.562770, 0.007685
833, 0.562780, 0.008224
834, 0.562800, 0.008232
835, 0.563500, 0.008692
836, 0.562670, 0.008289
837, 0.562870, 0.007652
838, 0.563360, 0.009246
839, 0.562560, 0.008208
840, 0.562230, 0.008598
841, 0.562220, 0.007840
842, 0.562850, 0.007822
843, 0.562260, 0.008162
844, 0.562270, 0.008225
845, 0.563500, 0.009285
846, 0.563010, 0.009023
847, 0.562550, 0.008717
848, 0.562670, 0.008451
849, 0.562450, 0.008481
850, 0.562470, 0.008272
851, 0.561580, 0.008162
852, 0.563010, 0.008408
853, 0.562450, 0.007855
854, 0.562540, 0.008371
855, 0.562920, 0.009643
856, 0.562490, 0.010245
857, 0.563240, 0.007408
858, 0.561840, 0.008735
859, 0.563150, 0.008459
860, 0.562460, 0.008409
861, 0.561750, 0.009792
862, 0.561340, 0.007188
863, 0.562080, 0.009689
864, 0.562700, 0.007956
865, 0.562640, 0.007875
866, 0.561850, 0.009029
867, 0.562560, 0.007804
868, 0.562310, 0.007963
869, 0.561900, 0.008784
870, 0.563230, 0.009954
871, 0.562280, 0.008201
872, 0.561930, 0.007790
873, 0.562680, 0.010000
874, 0.562910, 0.008514
875, 0.561690, 0.008088
876, 0.560970, 0.008523
877, 0.562120, 0.007562
878, 0.562250, 0.008575
879, 0.562240, 0.009280
880, 0.562660, 0.008233
881, 0.562630, 0.008294
882, 0.561830, 0.007428
883, 0.562310, 0.008939
884, 0.562110, 0.008300
885, 0.563160, 0.008890
886, 0.562000, 0.007962
887, 0.561760, 0.008342
888, 0.562920, 0.008116
889, 0.561110, 0.008845
890, 0.561920, 0.007708
891, 0.561730, 0.008617
892, 0.561900, 0.007262
893, 0.562070, 0.008877
894, 0.561950, 0.007505
895, 0.561760, 0.007475
896, 0.562590, 0.009517
897, 0.562100, 0.009992
898, 0.560980, 0.009017
899, 0.562800, 0.010465
900, 0.562090, 0.007714
901, 0.560970, 0.007747
902, 0.561480, 0.007758
903, 0.561600, 0.008831
904, 0.560910, 0.007941
905, 0.561330, 0.008149
906, 0.562330, 0.008485
907, 0.561100, 0.007743
908, 0.561210, 0.008153
909, 0.561350, 0.008161
910, 0.561790, 0.008148
911, 0.561400, 0.008778
912, 0.561850, 0.008260
913, 0.562370, 0.008778
914, 0.561760, 0.008302
915, 0.561010, 0.006883
916, 0.561570, 0.008416
917, 0.562810, 0.008266
918, 0.561070, 0.007881
919, 0.562620, 0.008676
920, 0.561540, 0.007495
921, 0.561220, 0.007730
922, 0.562190, 0.008341
923, 0.561140, 0.008427
924, 0.561820, 0.008156
925, 0.560820, 0.007765
926, 0.561060, 0.008518
927, 0.561670, 0.007507
928, 0.560910, 0.007978
929, 0.560950, 0.008513
930, 0.561910, 0.009946
931, 0.560910, 0.008681
932, 0.560610, 0.008208
933, 0.561690, 0.008436
934, 0.561170, 0.008062
935, 0.562190, 0.009169
936, 0.560890, 0.008666
937, 0.560980, 0.007280
938, 0.561510, 0.011461
939, 0.560680, 0.008115
940, 0.560440, 0.007832
941, 0.561570, 0.009641
942, 0.561790, 0.009287
943, 0.560820, 0.008120
944, 0.560920, 0.009486
945, 0.561660, 0.007693
946, 0.560510, 0.007732
947, 0.560120, 0.007902
948, 0.561220, 0.007723
949, 0.561060, 0.008525
950, 0.560380, 0.007306
951, 0.560500, 0.007696
952, 0.560680, 0.007751
953, 0.561010, 0.008484
954, 0.560170, 0.008328
955, 0.561240, 0.009951
956, 0.561200, 0.008907
957, 0.561750, 0.008635
958, 0.560620, 0.008471
959, 0.560060, 0.008387
960, 0.560630, 0.008127
961, 0.560000, 0.008213
962, 0.560290, 0.008436
963, 0.560590, 0.007416
964, 0.559790, 0.008962
965, 0.560970, 0.009592
966, 0.559970, 0.007955
967, 0.560720, 0.008178
968, 0.559490, 0.007910
969, 0.560290, 0.008717
970, 0.560810, 0.007778
971, 0.560460, 0.008249
972, 0.559850, 0.008416
973, 0.560260, 0.007274
974, 0.560400, 0.007969
975, 0.559790, 0.007779
976, 0.560830, 0.008405
977, 0.560710, 0.008443
978, 0.560490, 0.007891
979, 0.561290, 0.007708
980, 0.560370, 0.007814
981, 0.560310, 0.008239
982, 0.560070, 0.008289
983, 0.560500, 0.007886
984, 0.560690, 0.008402
985, 0.559840, 0.007730
986, 0.561110, 0.008340
987, 0.559550, 0.008293
988, 0.560600, 0.007658
989, 0.559850, 0.008901
990, 0.560770, 0.007560
991, 0.560200, 0.008688
992, 0.560100, 0.009726
993, 0.560220, 0.007447
994, 0.560090, 0.011197
995, 0.560740, 0.007776
996, 0.560040, 0.008515
997, 0.560970, 0.010254
998, 0.560450, 0.007899
999, 0.559550, 0.008755
1000, 0.559630, 0.007359
1001, 0.559130, 0.008096
1002, 0.560560, 0.008686
1003, 0.560200, 0.007179
1004, 0.560270, 0.009002
1005, 0.560490, 0.008018
1006, 0.561220, 0.010298
1007, 0.560220, 0.007992
1008, 0.560050, 0.008291
1009, 0.560140, 0.009173
1010, 0.560250, 0.009550
1011, 0.560220, 0.008352
1012, 0.560210, 0.008534
1013, 0.560570, 0.007867
1014, 0.559760, 0.008615
1015, 0.560630, 0.007610
1016, 0.559680, 0.008144
1017, 0.560130, 0.008925
1018, 0.560630, 0.008080
1019, 0.560280, 0.009582
1020, 0.560730, 0.007763
1021, 0.559350, 0.008117
1022, 0.559110, 0.008287
1023, 0.559980, 0.007694
1024, 0.560460, 0.008389
1025, 0.561600, 0.007060
1026, 0.559650, 0.008053
1027, 0.560090, 0.008371
1028, 0.560160, 0.007522
1029, 0.560240, 0.011450
1030, 0.560020, 0.007960
1031, 0.559710, 0.007922
1032, 0.560000, 0.008108
1033, 0.559570, 0.007599
1034, 0.559810, 0.008554
1035, 0.560240, 0.008011
1036, 0.560430, 0.009636
1037, 0.559510, 0.008398
1038, 0.559930, 0.008028
1039, 0.558970, 0.007549
1040, 0.559820, 0.008086
1041, 0.559940, 0.008155
1042, 0.558880, 0.008054
1043, 0.560060, 0.007790
1044, 0.559380, 0.007980
1045, 0.559910, 0.007760
1046, 0.560020, 0.008152
1047, 0.559270, 0.008796
1048, 0.559310, 0.008830
1049, 0.559700, 0.008475
1050, 0.559470, 0.007891
1051, 0.559710, 0.007759
1052, 0.559510, 0.007505
1053, 0.559180, 0.007598
1054, 0.559710, 0.009386
1055, 0.560330, 0.007877
1056, 0.560250, 0.009873
1057, 0.559140, 0.007903
1058, 0.558660, 0.007778
1059, 0.559180, 0.008225
1060, 0.558790, 0.007683
1061, 0.559120, 0.008106
1062, 0.559490, 0.009249
1063, 0.558880, 0.007423
1064, 0.559200, 0.008858
1065, 0.558510, 0.007360
1066, 0.559340, 0.008940
1067, 0.558740, 0.007848
1068, 0.559850, 0.008499
1069, 0.558970, 0.008801
1070, 0.558970, 0.007648
1071, 0.558960, 0.009293
1072, 0.559350, 0.008185
1073, 0.560200, 0.007701
1074, 0.558530, 0.008126
1075, 0.559480, 0.008232
1076, 0.558910, 0.008249
1077, 0.559670, 0.009080
1078, 0.558570, 0.007558
1079, 0.558400, 0.007999
1080, 0.559040, 0.009819
1081, 0.557830, 0.008226
1082, 0.558870, 0.008291
1083, 0.558820, 0.007877
1084, 0.558630, 0.009248
1085, 0.558360, 0.008003
1086, 0.559640, 0.009456
1087, 0.558690, 0.008103
1088, 0.558890, 0.007442
1089, 0.558780, 0.007694
1090, 0.558060, 0.008320
1091, 0.558550, 0.008686
1092, 0.559000, 0.008276
1093, 0.559550, 0.009378
1094, 0.557790, 0.007552
1095, 0.559070, 0.008028
1096, 0.558400, 0.007450
1097, 0.559370, 0.010516
1098, 0.559290, 0.007445
1099, 0.558920, 0.008767
1100, 0.559600, 0.007889
1101, 0.558400, 0.007979
1102, 0.559740, 0.010122
1103, 0.558290, 0.007640
1104, 0.558970, 0.008715
1105, 0.558560, 0.008803
1106, 0.558750, 0.007427
1107, 0.557890, 0.008228
1108, 0.558160, 0.007903
1109, 0.559300, 0.008186
1110, 0.558130, 0.008948
1111, 0.558090, 0.007887
1112, 0.558170, 0.008124
1113, 0.558540, 0.008063
1114, 0.558950, 0.008169
1115, 0.557890, 0.008376
1116, 0.558680, 0.008067
1117, 0.558500, 0.008024
1118, 0.557910, 0.007787
1119, 0.557590, 0.008104
1120, 0.558000, 0.007818
1121, 0.557710, 0.007705
1122, 0.558410, 0.008674
1123, 0.558240, 0.007897
1124, 0.559180, 0.007817
1125, 0.558390, 0.007926
1126, 0.558690, 0.007551
1127, 0.557650, 0.008620
1128, 0.557620, 0.007988
1129, 0.558500, 0.008350
1130, 0.559510, 0.011446
1131, 0.558090, 0.008212
1132, 0.558880, 0.008071
1133, 0.558310, 0.008006
1134, 0.558640, 0.008029
1135, 0.557910, 0.008324
1136, 0.557590, 0.008026
1137, 0.558070, 0.007785
1138, 0.558400, 0.007866
1139, 0.557970, 0.008576
1140, 0.558270, 0.008375
1141, 0.558840, 0.007383
1142, 0.558320, 0.008178
1143, 0.557900, 0.007500
1144, 0.557220, 0.008249
1145, 0.558070, 0.007805
1146, 0.557890, 0.007006
1147, 0.557740, 0.008011
1148, 0.558060, 0.007962
1149, 0.557900, 0.008541
1150, 0.557520, 0.008717
1151, 0.557200, 0.008365
1152, 0.558230, 0.008700
1153, 0.557620, 0.007717
1154, 0.558500, 0.010396
1155, 0.557550, 0.008412
1156, 0.558290, 0.008412
1157, 0.557400, 0.008215
1158, 0.557550, 0.008104
1159, 0.558550, 0.009953
1160, 0.557050, 0.010189
1161, 0.557330, 0.007436
1162, 0.557740, 0.009105
1163, 0.557390, 0.008516
1164, 0.557100, 0.009981
1165, 0.556690, 0.009376
1166, 0.557380, 0.009301
1167, 0.556990, 0.009840
1168, 0.557000, 0.008667
1169, 0.556870, 0.010156
1170, 0.556710, 0.009959
1171, 0.556430, 0.009693
1172, 0.555780, 0.010531
1173, 0.555350, 0.011483
1174, 0.555730, 0.012225
1175, 0.555290, 0.012689
1176, 0.555150, 0.011248
1177, 0.555230, 0.012621
1178, 0.554590, 0.011111
1179, 0.554920, 0.012596
1180, 0.554170, 0.013245
1181, 0.554470, 0.012631
1182, 0.553910, 0.013802
1183, 0.554100, 0.013709
1184, 0.554370, 0.013959
1185, 0.554130, 0.012438
1186, 0.554640, 0.012969
1187, 0.553580, 0.014590
1188, 0.553550, 0.013203
1189, 0.553610, 0.014627
1190, 0.554600, 0.014484
1191, 0.553590, 0.013348
1192, 0.552770, 0.014896
1193, 0.552900, 0.014198
1194, 0.552050, 0.014187
1195, 0.552660, 0.014876
1196, 0.552680, 0.014496
1197, 0.550910, 0.015197
1198, 0.552400, 0.015453
1199, 0.551990, 0.015201
1200, 0.550970, 0.015380
1201, 0.551810, 0.014603
1202, 0.550680, 0.016889
1203, 0.550890, 0.016964
1204, 0.549630, 0.016327
1205, 0.549720, 0.017353
1206, 0.549950, 0.015779
1207, 0.550570, 0.016141
1208, 0.549680, 0.015134
1209, 0.549690, 0.017116
1210, 0.550100, 0.017197
1211, 0.549940, 0.016004
1212, 0.549710, 0.015557
1213, 0.549600, 0.016354
1214, 0.549530, 0.016526
1215, 0.549400, 0.016948
1216, 0.550430, 0.017372
1217, 0.549080, 0.018049
1218, 0.547490, 0.016164
1219, 0.547990, 0.017122
1220, 0.547450, 0.016921
1221, 0.547380, 0.016758
1222, 0.547950, 0.016905
1223, 0.547580, 0.017300
1224, 0.547250, 0.017816
1225, 0.547440, 0.017761
1226, 0.546880, 0.017083
1227, 0.545900, 0.017535
1228, 0.546740, 0.017484
1229, 0.546270, 0.017360
1230, 0.545760, 0.017521
1231, 0.545870, 0.017850
1232, 0.546020, 0.017909
1233, 0.545290, 0.017622
1234, 0.545120, 0.018184
1235, 0.544960, 0.017665
1236, 0.544840, 0.020319
1237, 0.545310, 0.017809
1238, 0.544920, 0.018821
1239, 0.544650, 0.018908
1240, 0.544650, 0.019340
1241, 0.543250, 0.018117
1242, 0.543980, 0.018686
1243, 0.543040, 0.018860
1244, 0.543770, 0.018396
1245, 0.543280, 0.019652
1246, 0.543120, 0.018976
1247, 0.543030, 0.018366
1248, 0.542910, 0.018339
1249, 0.542400, 0.018874
1250, 0.542830, 0.019537
1251, 0.542720, 0.018689
1252, 0.543270, 0.019925
1253, 0.542400, 0.020215
1254, 0.542520, 0.018888
1255, 0.542540, 0.020085
1256, 0.541630, 0.019143
1257, 0.541940, 0.019354
1258, 0.541910, 0.019079
1259, 0.541560, 0.018657
1260, 0.542680, 0.019255
1261, 0.542270, 0.019399
1262, 0.542010, 0.019994
1263, 0.541980, 0.019668
1264, 0.541250, 0.019699
1265, 0.541420, 0.019986
1266, 0.541600, 0.020030
1267, 0.540560, 0.019562
1268, 0.539600, 0.019067
1269, 0.539360, 0.019182
1270, 0.539370, 0.019744
1271, 0.538900, 0.019487
1272, 0.538450, 0.019665
1273, 0.538540, 0.019522
1274, 0.539640, 0.020421
1275, 0.538090, 0.019914
1276, 0.539220, 0.019276
1277, 0.538100, 0.019353
1278, 0.538770, 0.019236
1279, 0.538000, 0.019433
1280, 0.537180, 0.019505
1281, 0.537950, 0.020173
1282, 0.538200, 0.019674
1283, 0.537370, 0.019307
1284, 0.537590, 0.019430
1285, 0.537280, 0.019702
1286, 0.536980, 0.019568
1287, 0.537410, 0.019699
1288, 0.537870, 0.020581
1289, 0.537300, 0.019747
1290, 0.536990, 0.020296
1291, 0.536220, 0.020020
1292, 0.536300, 0.020106
1293, 0.536420, 0.018847
1294, 0.535170, 0.019832
1295, 0.535820, 0.019947
1296, 0.535610, 0.019733
1297, 0.535960, 0.019606
1298, 0.535860, 0.020051
1299, 0.535780, 0.019873
1300, 0.535910, 0.019583
1301, 0.535640, 0.018947
1302, 0.535890, 0.019877
1303, 0.534940, 0.021070
1304, 0.535470, 0.018983
1305, 0.535400, 0.020816
1306, 0.534970, 0.019560
1307, 0.534700, 0.019789
1308, 0.534420, 0.019278
1309, 0.534050, 0.018980
1310, 0.534250, 0.020616
1311, 0.534330, 0.019132
1312, 0.533420, 0.019023
1313, 0.533710, 0.020083
1314, 0.534120, 0.018946
1315, 0.533630, 0.019451
1316, 0.533410, 0.018467
1317, 0.533150, 0.019348
1318, 0.531700, 0.019752
1319, 0.532040, 0.018002
1320, 0.531390, 0.019502
1321, 0.529920, 0.018591
1322, 0.531350, 0.017865
1323, 0.530840, 0.018256
1324, 0.530980, 0.017843
1325, 0.530030, 0.018230
1326, 0.529860, 0.017721
1327, 0.529270, 0.018727
1328, 0.529950, 0.018407
1329, 0.530150, 0.017856
1330, 0.529790, 0.018239
1331, 0.530610, 0.017855
1332, 0.529190, 0.018061
1333, 0.528330, 0.017829
1334, 0.529400, 0.017682
1335, 0.528880, 0.018124
1336, 0.527930, 0.017915
1337, 0.528380, 0.018247
1338, 0.528280, 0.017919
1339, 0.528850, 0.017801
1340, 0.528060, 0.018403
1341, 0.528610, 0.018144
1342, 0.528520, 0.018067
1343, 0.527920, 0.017931
1344, 0.527710, 0.017720
1345, 0.527990, 0.017659
1346, 0.527060, 0.017278
1347, 0.527260, 0.017365
1348, 0.526350, 0.017935
1349, 0.526780, 0.016448
1350, 0.526280, 0.017348
1351, 0.525540, 0.016328
1352, 0.525890, 0.016427
1353, 0.525510, 0.016528
1354, 0.525690, 0.015788
1355, 0.524850, 0.015571
1356, 0.526450, 0.017637
1357, 0.525430, 0.016496
1358, 0.525280, 0.016178
1359, 0.525540, 0.015904
1360, 0.525670, 0.016267
1361, 0.525070, 0.015546
1362, 0.524170, 0.015158
1363, 0.523810, 0.015528
1364, 0.523130, 0.014295
1365, 0.523810, 0.014014
1366, 0.523520, 0.014402
1367, 0.523710, 0.015177
1368, 0.522880, 0.015157
1369, 0.523000, 0.013929
1370, 0.523330, 0.013762
1371, 0.523440, 0.014395
1372, 0.522660, 0.014202
1373, 0.522190, 0.013765
1374, 0.522140, 0.014318
1375, 0.522960, 0.014451
1376, 0.521750, 0.013275
1377, 0.522260, 0.014423
1378, 0.522860, 0.014340
1379, 0.522040, 0.013555
1380, 0.521960, 0.014068
1381, 0.521130, 0.012888
1382, 0.521420, 0.013456
1383, 0.521320, 0.013474
1384, 0.520910, 0.012862
1385, 0.521040, 0.012867
1386, 0.521320, 0.012131
1387, 0.520590, 0.013638
1388, 0.520460, 0.012890
1389, 0.520860, 0.012234
1390, 0.519910, 0.012315
1391, 0.520450, 0.011560
1392, 0.520490, 0.012109
1393, 0.520450, 0.012600
1394, 0.519920, 0.010843
1395, 0.519510, 0.011908
1396, 0.519830, 0.011772
1397, 0.519790, 0.012068
1398, 0.520440, 0.012133
1399, 0.519660, 0.011183
1400, 0.519650, 0.011776
1401, 0.519870, 0.010388
1402, 0.518500, 0.011371
1403, 0.519780, 0.011804
1404, 0.519480, 0.010463
1405, 0.519410, 0.010922
1406, 0.519600, 0.010414
1407, 0.518710, 0.010934
1408, 0.518930, 0.011232
1409, 0.518900, 0.010951
1410, 0.518490, 0.010708
1411, 0.518620, 0.010073
1412, 0.518790, 0.010987
1413, 0.518720, 0.011458
1414, 0.518560, 0.010413
1415, 0.519100, 0.010943
1416, 0.517960, 0.010176
1417, 0.518670, 0.011082
1418, 0.518420, 0.011237
1419, 0.518700, 0.010335
1420, 0.519000, 0.011151
1421, 0.518860, 0.010348
1422, 0.518400, 0.010873
1423, 0.518140, 0.010790
1424, 0.518090, 0.010450
1425, 0.518600, 0.011903
1426, 0.518010, 0.011208
1427, 0.517770, 0.011229
1428, 0.518780, 0.011060
1429, 0.518060, 0.010594
1430, 0.518040, 0.011688
1431, 0.517810, 0.010507
1432, 0.518340, 0.010854
1433, 0.517790, 0.011448
1434, 0.517500, 0.010380
1435, 0.518180, 0.011224
1436, 0.517570, 0.010488
1437, 0.518170, 0.010641
1438, 0.518500, 0.011047
1439, 0.518210, 0.010846
1440, 0.517940, 0.010908
1441, 0.518460, 0.011117
1442, 0.517790, 0.010276
1443, 0.517690, 0.011138
1444, 0.517860, 0.010348
1445, 0.517910, 0.011040
1446, 0.517860, 0.011709
1447, 0.518050, 0.010361
1448, 0.517890, 0.010730
1449, 0.517320, 0.010499
1450, 0.517380, 0.011143
1451, 0.516920, 0.011394
1452, 0.517880, 0.010554
1453, 0.517650, 0.011635
1454, 0.516380, 0.010394
1455, 0.517520, 0.011022
1456, 0.516900, 0.010786
1457, 0.517300, 0.010370
1458, 0.517470, 0.011172
1459, 0.517540, 0.010969
1460, 0.516570, 0.011207
1461, 0.517520, 0.011304
1462, 0.516490, 0.010232
1463, 0.517380, 0.011092
1464, 0.517480, 0.009830
1465, 0.516610, 0.011117
1466, 0.516720, 0.011424
1467, 0.517500, 0.009816
1468, 0.516710, 0.011053
1469, 0.517420, 0.010145
1470, 0.517680, 0.011092
1471, 0.517160, 0.010902
1472, 0.517690, 0.010431
1473, 0.516370, 0.011304
1474, 0.517090, 0.010488
1475, 0.517740, 0.010769
1476, 0.516530, 0.011484
1477, 0.516950, 0.010293
1478, 0.517280, 0.012081
1479, 0.517260, 0.010754
1480, 0.517020, 0.011191
1481, 0.516700, 0.011149
1482, 0.516830, 0.009892
1483, 0.516860, 0.011016
1484, 0.516920, 0.010121
1485, 0.517120, 0.010822
1486, 0.516910, 0.011237
1487, 0.516890, 0.010506
1488, 0.516870, 0.010907
1489, 0.516480, 0.010534
1490, 0.516850, 0.010800
1491, 0.516610, 0.011287
1492, 0.517240, 0.010790
1493, 0.517220, 0.011077
1494, 0.516780, 0.010187
1495, 0.516920, 0.010986
1496, 0.516350, 0.011034
1497, 0.516430, 0.010082
1498, 0.517480, 0.011236
1499, 0.516580, 0.010807
1500, 0.516630, 0.011328
1501, 0.516560, 0.010495
1502, 0.516030, 0.010532
1503, 0.516460, 0.011053
1504, 0.516550, 0.010426
1505, 0.516140, 0.011084
1506, 0.516490, 0.010937
1507, 0.516070, 0.010375
1508, 0.516690, 0.011059
1509, 0.516530, 0.010538
1510, 0.516510, 0.010700
1511, 0.516660, 0.010727
1512, 0.516710, 0.010443
1513, 0.515720, 0.011217
1514, 0.516370, 0.010373
1515, 0.516650, 0.011488
1516, 0.516840, 0.011211
1517, 0.516720, 0.010751
1518, 0.516340, 0.011393
1519, 0.516580, 0.010651
1520, 0.516700, 0.010806
1521, 0.516150, 0.010895
1522, 0.516850, 0.010253
1523, 0.516750, 0.010759
1524, 0.516250, 0.009557
1525, 0.516470, 0.011410
1526, 0.516310, 0.010571
1527, 0.516220, 0.010261
1528, 0.516260, 0.011350
1529, 0.516120, 0.010814
1530, 0.515930, 0.011138
1531, 0.516790, 0.011016
1532, 0.515780, 0.010557
1533, 0.516430, 0.010765
1534, 0.516440, 0.009915
1535, 0.516310, 0.010494
1536, 0.516520, 0.010762
1537, 0.515220, 0.010347
1538, 0.515490, 0.010910
1539, 0.515670, 0.010170
1540, 0.515230, 0.010531
1541, 0.516160, 0.011079
1542, 0.516370, 0.010044
1543, 0.515710, 0.010857
1544, 0.516260, 0.010551
1545, 0.516110, 0.011255
1546, 0.516450, 0.010925
1547, 0.515870, 0.010588
1548, 0.516080, 0.011106
1549, 0.516100, 0.009939
1550, 0.516270, 0.010898
1551, 0.516160, 0.011389
1552, 0.515930, 0.010098
1553, 0.515940, 0.011060
1554, 0.516130, 0.009727
1555, 0.515720, 0.010493
1556, 0.515820, 0.010542
1557, 0.516170, 0.010502
1558, 0.515990, 0.011102
1559, 0.516040, 0.009905
1560, 0.515490, 0.010693
1561, 0.515860, 0.011054
1562, 0.515690, 0.010705
1563, 0.515820, 0.011250
1564, 0.516240, 0.010615
1565, 0.515670, 0.011488
1566, 0.515970, 0.010615
1567, 0.515730, 0.009903
1568, 0.515530, 0.011067
1569, 0.515910, 0.009795
1570, 0.516270, 0.011147
1571, 0.516100, 0.011413
1572, 0.516330, 0.010234
1573, 0.515330, 0.010610
1574, 0.515230, 0.009854
1575, 0.516360, 0.011389
1576, 0.516000, 0.010630
1577, 0.515900, 0.010258
1578, 0.515240, 0.011254
1579, 0.515360, 0.010105
1580, 0.516540, 0.011058
1581, 0.516260, 0.011058
1582, 0.515280, 0.010368
1583, 0.516070, 0.011461
1584, 0.515720, 0.010498
1585, 0.515330, 0.011261
1586, 0.515510, 0.010930
1587, 0.515930, 0.010052
1588, 0.515760, 0.011200
1589, 0.515620, 0.010255
1590, 0.515420, 0.011276
1591, 0.516040, 0.011322
1592, 0.515690, 0.010185
1593, 0.515990, 0.010895
1594, 0.515730, 0.010432
1595, 0.515820, 0.011256
1596, 0.515930, 0.011264
1597, 0.515240, 0.010317
1598, 0.515870, 0.011201
1599, 0.515550, 0.010789
1600, 0.515680, 0.010261
1601, 0.516060, 0.010439
1602, 0.515680, 0.010092
1603, 0.515200, 0.010892
1604, 0.515370, 0.010559
1605, 0.515300, 0.010447
1606, 0.515300, 0.010950
1607, 0.515470, 0.010003
1608, 0.515410, 0.011013
1609, 0.514680, 0.011179
1610, 0.515670, 0.009991
1611, 0.516070, 0.011081
1612, 0.515290, 0.010118
1613, 0.515530, 0.010734
1614, 0.515590, 0.011418
1615, 0.515880, 0.010004
1616, 0.515250, 0.011169
1617, 0.514640, 0.010175
1618, 0.515670, 0.011031
1619, 0.514970, 0.010921
1620, 0.515830, 0.010388
1621, 0.515170, 0.010811
1622, 0.515210, 0.009937
1623, 0.515410, 0.011219
1624, 0.515480, 0.011092
1625, 0.515110, 0.010343
1626, 0.514900, 0.011543
1627, 0.515360, 0.010498
1628, 0.515750, 0.010896
1629, 0.515650, 0.011148
1630, 0.515260, 0.010131
1631, 0.515720, 0.011516
1632, 0.515150, 0.010432
1633, 0.515580, 0.010938
1634, 0.515590, 0.011184
1635, 0.515910, 0.010451
1636, 0.514430, 0.011188
1637, 0.515200, 0.010597
1638, 0.515470, 0.010881
1639, 0.515040, 0.010856
1640, 0.515300, 0.010068
1641, 0.514660, 0.011155
1642, 0.515390, 0.010312
1643, 0.515230, 0.011171
1644, 0.515150, 0.011413
1645, 0.514680, 0.010333
1646, 0.515440, 0.011274
1647, 0.514870, 0.010488
1648, 0.514660, 0.011155
1649, 0.515100, 0.010663
1650, 0.515690, 0.010576
1651, 0.514560, 0.011723
1652, 0.514410, 0.010048
1653, 0.514970, 0.010608
1654, 0.515530, 0.010916
1655, 0.514730, 0.010061
1656, 0.514660, 0.010970
1657, 0.515400, 0.010697
1658, 0.514600, 0.010863
1659, 0.514410, 0.010722
1660, 0.515330, 0.009997
1661, 0.514390, 0.010737
1662, 0.515340, 0.010402
1663, 0.514710, 0.011067
1664, 0.514850, 0.011094
1665, 0.515620, 0.010385
1666, 0.515020, 0.010721
1667, 0.514710, 0.010379
1668, 0.515110, 0.011565
1669, 0.514130, 0.011133
1670, 0.514760, 0.011084
1671, 0.514200, 0.011248
1672, 0.514920, 0.010791
1673, 0.515140, 0.011022
1674, 0.514850, 0.010861
1675, 0.515040, 0.010266
1676, 0.514380, 0.010697
1677, 0.514700, 0.011193
1678, 0.514250, 0.011151
1679, 0.514140, 0.010576
1680, 0.514800, 0.009982
1681, 0.513940, 0.010609
1682, 0.514630, 0.009812
1683, 0.514360, 0.010856
1684, 0.514460, 0.011379
1685, 0.514590, 0.011011
1686, 0.514290, 0.011193
1687, 0.514650, 0.009854
1688, 0.514640, 0.011370
1689, 0.515140, 0.011236
1690, 0.514890, 0.010334
1691, 0.514390, 0.010566
1692, 0.514450, 0.010318
1693, 0.514380, 0.010547
1694, 0.514650, 0.011162
1695, 0.514810, 0.010774
1696, 0.514850, 0.011306
1697, 0.514250, 0.010421
1698, 0.514250, 0.010538
1699, 0.514870, 0.010891
1700, 0.514190, 0.010734
1701, 0.514900, 0.011101
1702, 0.514350, 0.010564
1703, 0.514210, 0.011224
1704, 0.514050, 0.010808
1705, 0.514630, 0.009990
1706, 0.513990, 0.010614
1707, 0.514290, 0.010611
1708, 0.514140, 0.010955
1709, 0.514680, 0.011092
1710, 0.514070, 0.010710
1711, 0.514070, 0.011487
1712, 0.514810, 0.010324
1713, 0.514520, 0.010742
1714, 0.515350, 0.011525
1715, 0.513950, 0.010106
1716, 0.514300, 0.011284
1717, 0.514930, 0.010183
1718, 0.514080, 0.011616
1719, 0.514880, 0.011177
1720, 0.514430, 0.010178
1721, 0.514090, 0.010859
1722, 0.514300, 0.009629
1723, 0.514440, 0.011140
1724, 0.514750, 0.011043
1725, 0.513990, 0.010140
1726, 0.513720, 0.011129
1727, 0.514410, 0.010191
1728, 0.513680, 0.010838
1729, 0.515060, 0.011174
1730, 0.513960, 0.010911
1731, 0.514430, 0.010802
1732, 0.514910, 0.010641
1733, 0.514330, 0.011506
1734, 0.514660, 0.010754
1735, 0.514920, 0.010602
1736, 0.514250, 0.010716
1737, 0.514000, 0.010066
1738, 0.514450, 0.011139
1739, 0.514520, 0.010816
1740, 0.514670, 0.010208
1741, 0.514340, 0.011174
1742, 0.514150, 0.010383
1743, 0.514750, 0.012262
1744, 0.513700, 0.011377
1745, 0.514750, 0.010005
1746, 0.514240, 0.011178
1747, 0.513820, 0.010668
1748, 0.513780, 0.011499
1749, 0.514180, 0.011141
1750, 0.514440, 0.010696
1751, 0.514590, 0.010992
1752, 0.514000, 0.010284
1753, 0.514010, 0.010830
1754, 0.514360, 0.011184
1755, 0.514140, 0.010049
1756, 0.514110, 0.011019
1757, 0.513240, 0.009965
1758, 0.514620, 0.011194
1759, 0.514920, 0.011066
1760, 0.514220, 0.010341
1761, 0.513600, 0.010383
1762, 0.514360, 0.011265
1763, 0.514070, 0.010209
1764, 0.514050, 0.011447
1765, 0.513950, 0.010022
1766, 0.513790, 0.010454
1767, 0.514560, 0.010859
1768, 0.514140, 0.009925
1769, 0.514010, 0.011072
1770, 0.513820, 0.010057
1771, 0.513960, 0.010606
1772, 0.513920, 0.011424
1773, 0.514240, 0.010860
1774, 0.513940, 0.011095
1775, 0.513730, 0.010502
1776, 0.513980, 0.011511
1777, 0.513540, 0.010999
1778, 0.514560, 0.010525
1779, 0.513500, 0.010576
1780, 0.514080, 0.009958
1781, 0.513900, 0.011413
1782, 0.513490, 0.010900
1783, 0.514340, 0.011011
1784, 0.513860, 0.010881
1785, 0.513330, 0.010352
1786, 0.514640, 0.010832
1787, 0.513800, 0.011152
1788, 0.513950, 0.010261
1789, 0.513550, 0.011836
1790, 0.514390, 0.010257
1791, 0.514360, 0.011171
1792, 0.513710, 0.011169
1793, 0.514150, 0.010294
1794, 0.514010, 0.010864
1795, 0.514090, 0.009875
1796, 0.514350, 0.011313
1797, 0.513660, 0.011354
1798, 0.513930, 0.010335
1799, 0.514210, 0.011155
1800, 0.513880, 0.010111
1801, 0.514260, 0.011289
1802, 0.513840, 0.011233
1803, 0.513850, 0.009988
1804, 0.513410, 0.011180
1805, 0.513960, 0.010503
1806, 0.514030, 0.011164
1807, 0.515220, 0.011334
1808, 0.513390, 0.010018
1809, 0.513740, 0.011441
1810, 0.513640, 0.010598
1811, 0.513960, 0.011011
1812, 0.513420, 0.011037
1813, 0.513490, 0.010133
1814, 0.513860, 0.010950
1815, 0.513950, 0.010828
1816, 0.513440, 0.010830
1817, 0.514000, 0.011386
1818, 0.513590, 0.009922
1819, 0.513770, 0.010943
1820, 0.513830, 0.010685
1821, 0.513730, 0.010877
1822, 0.513740, 0.011394
1823, 0.513380, 0.010805
1824, 0.513920, 0.011469
1825, 0.513740, 0.010623
1826, 0.513120, 0.011114
1827, 0.513810, 0.010945
1828, 0.513510, 0.010360
1829, 0.514000, 0.011576
1830, 0.514110, 0.010291
1831, 0.513550, 0.010541
1832, 0.513620, 0.011515
1833, 0.513380, 0.010440
1834, 0.514320, 0.011047
1835, 0.512930, 0.010826
1836, 0.513420, 0.011189
1837, 0.513290, 0.011417
1838, 0.513480, 0.009811
1839, 0.514060, 0.011264
1840, 0.513670, 0.010318
1841, 0.513330, 0.011170
1842, 0.513610, 0.011060
1843, 0.513660, 0.010249
1844, 0.514080, 0.011646
1845, 0.512840, 0.010456
1846, 0.513980, 0.011651
1847, 0.513090, 0.011441
1848, 0.513320, 0.010315
1849, 0.512710, 0.011294
1850, 0.513280, 0.009742
1851, 0.513660, 0.011450
1852, 0.513520, 0.011353
1853, 0.513670, 0.010613
1854, 0.513910, 0.011135
1855, 0.513920, 0.010535
1856, 0.512680, 0.011584
1857, 0.513920, 0.011181
1858, 0.513120, 0.009946
1859, 0.513340, 0.010895
1860, 0.513410, 0.010428
1861, 0.513600, 0.011519
1862, 0.513850, 0.010947
1863, 0.513460, 0.010592
1864, 0.513600, 0.011841
1865, 0.513060, 0.010432
1866, 0.512840, 0.011118
1867, 0.513930, 0.010800
1868, 0.513020, 0.010037
1869, 0.512690, 0.011099
1870, 0.513580, 0.010516
1871, 0.514050, 0.011174
1872, 0.513470, 0.010804
1873, 0.513440, 0.009896
1874, 0.513350, 0.011117
1875, 0.513530, 0.010905
1876, 0.513700, 0.011468
1877, 0.513920, 0.011138
1878, 0.513960, 0.010426
1879, 0.512980, 0.011060
1880, 0.513490, 0.010646
1881, 0.512590, 0.010934
1882, 0.513100, 0.011093
1883, 0.513670, 0.010205
1884, 0.513310, 0.011544
1885, 0.513690, 0.010325
1886, 0.513020, 0.011222
1887, 0.513570, 0.011083
1888, 0.513540, 0.010517
1889, 0.513770, 0.011027
1890, 0.513260, 0.010094
1891, 0.513270, 0.011577
1892, 0.512750, 0.011256
1893, 0.513410, 0.010215
1894, 0.513920, 0.010729
1895, 0.513470, 0.010855
1896, 0.513670, 0.011342
1897, 0.513510, 0.011311
1898, 0.513000, 0.010950
1899, 0.513440, 0.010865
1900, 0.512710, 0.010066
1901, 0.513210, 0.011110
1902, 0.513320, 0.011445
1903, 0.512920, 0.010502
1904, 0.512700, 0.011425
1905, 0.512740, 0.010330
1906, 0.513790, 0.011232
1907, 0.513370, 0.011092
1908, 0.513400, 0.010768
1909, 0.513140, 0.010987
1910, 0.513460, 0.010594
1911, 0.513530, 0.011110
1912, 0.512650, 0.010890
1913, 0.513310, 0.010660
1914, 0.512810, 0.011247
1915, 0.512650, 0.010283
1916, 0.512820, 0.011059
1917, 0.512680, 0.010852
1918, 0.513020, 0.010761
1919, 0.513040, 0.011322
1920, 0.512600, 0.011403
1921, 0.513200, 0.011161
1922, 0.513200, 0.010963
1923, 0.512870, 0.010372
1924, 0.513480, 0.010874
1925, 0.512450, 0.011429
1926, 0.512670, 0.009744
1927, 0.512410, 0.011324
1928, 0.513450, 0.010826
1929, 0.513240, 0.010842
1930, 0.513490, 0.010748
1931, 0.513280, 0.010007
1932, 0.513270, 0.010973
1933, 0.512430, 0.010558
1934, 0.512630, 0.011517
1935, 0.512660, 0.011026
1936, 0.513090, 0.010899
1937, 0.512660, 0.011279
1938, 0.512620, 0.010067
1939, 0.512660, 0.011172
1940, 0.513060, 0.011114
1941, 0.512790, 0.010727
1942, 0.512140, 0.011463
1943, 0.512880, 0.010087
1944, 0.513130, 0.011087
1945, 0.512610, 0.010938
1946, 0.512920, 0.010492
1947, 0.512270, 0.010775
1948, 0.513040, 0.010780
1949, 0.512880, 0.011044
1950, 0.511960, 0.011226
1951, 0.512670, 0.010508
1952, 0.512510, 0.011025
1953, 0.512520, 0.010545
1954, 0.512320, 0.011658
1955, 0.513230, 0.011641
1956, 0.513420, 0.010452
1957, 0.512470, 0.011442
1958, 0.512500, 0.010244
1959, 0.512960, 0.011227
1960, 0.512510, 0.010883
1961, 0.512790, 0.010580
1962, 0.512310, 0.011531
1963, 0.512490, 0.010469
1964, 0.512770, 0.010860
1965, 0.512350, 0.011465
1966, 0.512630, 0.009986
1967, 0.512240, 0.011471
1968, 0.512710, 0.010811
1969, 0.513310, 0.011100
1970, 0.512570, 0.011326
1971, 0.512740, 0.010306
1972, 0.512900, 0.011179
1973, 0.512420, 0.010792
1974, 0.512910, 0.011748
1975, 0.512550, 0.011023
1976, 0.512440, 0.010560
1977, 0.512450, 0.011422
1978, 0.512510, 0.010712
1979, 0.512490, 0.011351
1980, 0.512420, 0.011031
1981, 0.512280, 0.010615
1982, 0.512540, 0.011108
1983, 0.512410, 0.010090
1984, 0.512070, 0.011283
1985, 0.512850, 0.010999
1986, 0.513040, 0.010389
1987, 0.512810, 0.011602
1988, 0.512750, 0.010043
1989, 0.512210, 0.011074
1990, 0.511900, 0.010914
1991, 0.512380, 0.010630
1992, 0.512580, 0.010969
1993, 0.512350, 0.009919
1994, 0.512560, 0.010920
1995, 0.513180, 0.011287
1996, 0.511870, 0.010553
1997, 0.511760, 0.011035
1998, 0.513110, 0.010788
1999, 0.512560, 0.011189
2000, 0.512670, 0.011426
2001, 0.512050, 0.010090
